# Data for router 4
0 0.0
10 0.0
20 0.0
30 0.0021645021645021645
40 0.0021645021645021645
50 0.0021645021645021645
60 0.0021645021645021645
70 0.0021645021645021645
80 0.008348794063079777
90 0.012471655328798186
100 0.012471655328798186
110 0.012471655328798186
120 0.012471655328798186
130 0.012471655328798186
140 0.012471655328798186
150 0.013193156050298907
160 0.015976087404658834
170 0.01855287569573284
180 0.021335807050092765
190 0.021335807050092765
200 0.021335807050092765
210 0.021335807050092765
220 0.021335807050092765
230 0.021335807050092765
240 0.021335807050092765
250 0.021335807050092765
260 0.021335807050092765
270 0.021335807050092765
280 0.021335807050092765
290 0.021335807050092765
300 0.021335807050092765
310 0.021335807050092765
320 0.021335807050092765
330 0.021335807050092765
340 0.021335807050092765
350 0.021335807050092765
360 0.021335807050092765
370 0.021335807050092765
380 0.021335807050092765
390 0.021335807050092765
400 0.021335807050092765
410 0.021335807050092765
420 0.021335807050092765
430 0.021335807050092765
440 0.021335807050092765
450 0.021335807050092765
460 0.021335807050092765
470 0.021335807050092765
480 0.021335807050092765
490 0.021335807050092765
500 0.021335807050092765
510 0.021335807050092765
520 0.021335807050092765
530 0.021335807050092765
540 0.021335807050092765
550 0.021335807050092765
560 0.021335807050092765
570 0.021335807050092765
580 0.021335807050092765
590 0.021335807050092765
600 0.021335807050092765
610 0.021335807050092765
620 0.021335807050092765
630 0.021335807050092765
640 0.021335807050092765
650 0.021335807050092765
660 0.021335807050092765
670 0.021335807050092765
680 0.021335807050092765
690 0.021335807050092765
700 0.021335807050092765
710 0.021335807050092765
720 0.021335807050092765
730 0.021335807050092765
740 0.021335807050092765
750 0.021335807050092765
760 0.021335807050092765
770 0.021335807050092765
780 0.021335807050092765
790 0.021335807050092765
800 0.021335807050092765
810 0.021335807050092765
820 0.021335807050092765
830 0.021335807050092765
840 0.021335807050092765
850 0.021335807050092765
860 0.021335807050092765
870 0.021335807050092765
880 0.021335807050092765
890 0.021335807050092765
900 0.021335807050092765
910 0.021335807050092765
920 0.021335807050092765
930 0.021335807050092765
940 0.021335807050092765
950 0.021335807050092765
960 0.021335807050092765
970 0.021335807050092765
980 0.021335807050092765
990 0.021335807050092765
1000 0.020820449391877962
