# Data for router 3
0 0.0
10 0.0
20 0.0
30 0.0
40 0.0
50 0.0
60 0.0
70 0.0
80 0.0
90 0.0
100 0.0
110 0.0
120 0.0
130 0.0
140 0.0
150 0.0
160 0.00010307153164296021
170 0.0007215007215007215
180 0.0008245722531436817
190 0.0008245722531436817
200 0.0008245722531436817
210 0.0008245722531436817
220 0.0008245722531436817
230 0.0008245722531436817
240 0.0008245722531436817
250 0.0008245722531436817
260 0.0008245722531436817
270 0.0009276437847866419
280 0.0009276437847866419
290 0.0010307153164296021
300 0.0010307153164296021
310 0.0010307153164296021
320 0.0010307153164296021
330 0.0010307153164296021
340 0.0010307153164296021
350 0.0010307153164296021
360 0.0010307153164296021
370 0.0010307153164296021
380 0.0010307153164296021
390 0.0010307153164296021
400 0.0010307153164296021
410 0.0010307153164296021
420 0.0010307153164296021
430 0.0010307153164296021
440 0.0010307153164296021
450 0.0010307153164296021
460 0.0010307153164296021
470 0.0010307153164296021
480 0.0010307153164296021
490 0.0010307153164296021
500 0.0010307153164296021
510 0.0010307153164296021
520 0.0010307153164296021
530 0.0010307153164296021
540 0.0010307153164296021
550 0.0010307153164296021
560 0.0010307153164296021
570 0.0010307153164296021
580 0.0010307153164296021
590 0.0010307153164296021
600 0.0010307153164296021
610 0.0010307153164296021
620 0.0010307153164296021
630 0.0010307153164296021
640 0.0010307153164296021
650 0.0010307153164296021
660 0.0010307153164296021
670 0.0010307153164296021
680 0.0010307153164296021
690 0.0010307153164296021
700 0.0010307153164296021
710 0.0010307153164296021
720 0.0010307153164296021
730 0.0010307153164296021
740 0.0010307153164296021
750 0.0010307153164296021
760 0.0010307153164296021
770 0.0010307153164296021
780 0.0010307153164296021
790 0.0010307153164296021
800 0.0010307153164296021
810 0.0010307153164296021
820 0.0010307153164296021
830 0.0010307153164296021
840 0.0010307153164296021
850 0.0010307153164296021
860 0.0010307153164296021
870 0.0010307153164296021
880 0.0010307153164296021
890 0.0010307153164296021
900 0.0010307153164296021
910 0.0010307153164296021
920 0.0010307153164296021
930 0.0010307153164296021
940 0.0010307153164296021
950 0.0010307153164296021
960 0.0010307153164296021
970 0.0010307153164296021
980 0.0010307153164296021
990 0.0010307153164296021
1000 0.001443001443001443
