# Data for router 4
0 0.0
10 0.0
20 0.0
30 0.47196454339311483
40 0.47196454339311483
50 0.47196454339311483
60 0.47196454339311483
70 0.47196454339311483
80 0.6749123891981035
90 0.8452896310039167
100 0.8452896310039167
110 0.8452896310039167
120 0.8452896310039167
130 0.8452896310039167
140 0.8452896310039167
150 0.8541537827252113
160 0.8813646670789528
170 0.9111523397237683
180 0.932488146773861
190 0.932488146773861
200 0.932488146773861
210 0.932488146773861
220 0.932488146773861
230 0.932488146773861
240 0.932488146773861
250 0.932488146773861
260 0.9344465058750773
270 0.9390847247990105
280 0.9422799422799423
290 0.9469181612038755
300 0.9469181612038755
310 0.9469181612038755
320 0.9469181612038755
330 0.9469181612038755
340 0.9469181612038755
350 0.9469181612038755
360 0.9469181612038755
370 0.9469181612038755
380 0.9469181612038755
390 0.9469181612038755
400 0.9470212327355184
410 0.9471243042671614
420 0.9474335188620903
430 0.9474335188620903
440 0.9475365903937333
450 0.9475365903937333
460 0.9475365903937333
470 0.9475365903937333
480 0.9475365903937333
490 0.9475365903937333
500 0.9475365903937333
510 0.9475365903937333
520 0.9475365903937333
530 0.9475365903937333
540 0.9475365903937333
550 0.9475365903937333
560 0.9475365903937333
570 0.9475365903937333
580 0.9475365903937333
590 0.9475365903937333
600 0.9475365903937333
610 0.9475365903937333
620 0.9475365903937333
630 0.9475365903937333
640 0.9475365903937333
650 0.9475365903937333
660 0.9475365903937333
670 0.9475365903937333
680 0.9475365903937333
690 0.9475365903937333
700 0.9475365903937333
710 0.9475365903937333
720 0.9475365903937333
730 0.9475365903937333
740 0.9475365903937333
750 0.9475365903937333
760 0.9475365903937333
770 0.9475365903937333
780 0.9475365903937333
790 0.9475365903937333
800 0.9475365903937333
810 0.9475365903937333
820 0.9475365903937333
830 0.9475365903937333
840 0.9475365903937333
850 0.9475365903937333
860 0.9475365903937333
870 0.9475365903937333
880 0.9475365903937333
890 0.9475365903937333
900 0.9475365903937333
910 0.9475365903937333
920 0.9475365903937333
930 0.9475365903937333
940 0.9475365903937333
950 0.9475365903937333
960 0.9475365903937333
970 0.9475365903937333
980 0.9475365903937333
990 0.9475365903937333
1000 0.9522778808493094
