# Data for router 2
0 0.0
10 0.0
20 0.0
30 0.023191094619666047
40 0.023191094619666047
50 0.023191094619666047
60 0.023191094619666047
70 0.023191094619666047
80 0.07606679035250463
90 0.11636775922490208
100 0.11636775922490208
110 0.11636775922490208
120 0.11636775922490208
130 0.11636775922490208
140 0.11636775922490208
150 0.11811997526283241
160 0.12244897959183673
170 0.12677798392084105
180 0.12966398680684396
190 0.12966398680684396
200 0.12966398680684396
210 0.12966398680684396
220 0.12966398680684396
230 0.12966398680684396
240 0.12966398680684396
250 0.12966398680684396
260 0.12966398680684396
270 0.12966398680684396
280 0.12966398680684396
290 0.12966398680684396
300 0.12966398680684396
310 0.12966398680684396
320 0.12966398680684396
330 0.12966398680684396
340 0.12966398680684396
350 0.12966398680684396
360 0.12966398680684396
370 0.12966398680684396
380 0.12966398680684396
390 0.12966398680684396
400 0.12966398680684396
410 0.12966398680684396
420 0.12966398680684396
430 0.12966398680684396
440 0.12966398680684396
450 0.12966398680684396
460 0.12966398680684396
470 0.12966398680684396
480 0.12966398680684396
490 0.12966398680684396
500 0.12966398680684396
510 0.12966398680684396
520 0.12966398680684396
530 0.12966398680684396
540 0.12966398680684396
550 0.12966398680684396
560 0.12966398680684396
570 0.12966398680684396
580 0.12966398680684396
590 0.12966398680684396
600 0.12966398680684396
610 0.12966398680684396
620 0.12966398680684396
630 0.12966398680684396
640 0.12966398680684396
650 0.12966398680684396
660 0.12966398680684396
670 0.12966398680684396
680 0.12966398680684396
690 0.12966398680684396
700 0.12966398680684396
710 0.12966398680684396
720 0.12966398680684396
730 0.12966398680684396
740 0.12966398680684396
750 0.12966398680684396
760 0.12966398680684396
770 0.12966398680684396
780 0.12966398680684396
790 0.12966398680684396
800 0.12966398680684396
810 0.12966398680684396
820 0.12966398680684396
830 0.12966398680684396
840 0.12966398680684396
850 0.12966398680684396
860 0.12966398680684396
870 0.12966398680684396
880 0.12966398680684396
890 0.12966398680684396
900 0.12966398680684396
910 0.12966398680684396
920 0.12966398680684396
930 0.12966398680684396
940 0.12966398680684396
950 0.12966398680684396
960 0.12966398680684396
970 0.12966398680684396
980 0.12966398680684396
990 0.12966398680684396
1000 0.12853019995877138
