# Data for router 3
0 0.0
10 0.0
20 0.0
30 0.1264687693259122
40 0.1264687693259122
50 0.1264687693259122
60 0.1264687693259122
70 0.1264687693259122
80 0.28148835291692437
90 0.40084518655947227
100 0.40084518655947227
110 0.40084518655947227
120 0.40084518655947227
130 0.40084518655947227
140 0.40084518655947227
150 0.40940012368583795
160 0.42970521541950113
170 0.453411667697382
180 0.46660482374768086
190 0.46660482374768086
200 0.46660482374768086
210 0.46660482374768086
220 0.46660482374768086
230 0.46660482374768086
240 0.46660482374768086
250 0.46660482374768086
260 0.46887239744382603
270 0.476602762317048
280 0.48227169655741087
290 0.4904143475572047
300 0.4904143475572047
310 0.4904143475572047
320 0.4904143475572047
330 0.4904143475572047
340 0.4904143475572047
350 0.4904143475572047
360 0.4904143475572047
370 0.4904143475572047
380 0.4904143475572047
390 0.4904143475572047
400 0.4914450628736343
410 0.49309420737992166
420 0.4945372088229231
430 0.4962894248608534
440 0.49732014017728304
450 0.49732014017728304
460 0.49732014017728304
470 0.49732014017728304
480 0.49732014017728304
490 0.49732014017728304
500 0.49732014017728304
510 0.49732014017728304
520 0.49732014017728304
530 0.49732014017728304
540 0.49732014017728304
550 0.49732014017728304
560 0.49732014017728304
570 0.497423211708926
580 0.49762935477221193
590 0.4977324263038549
600 0.4982477839620697
610 0.4982477839620697
620 0.4982477839620697
630 0.4982477839620697
640 0.4982477839620697
650 0.4982477839620697
660 0.4982477839620697
670 0.4982477839620697
680 0.4982477839620697
690 0.4982477839620697
700 0.4982477839620697
710 0.4982477839620697
720 0.4982477839620697
730 0.4982477839620697
740 0.4982477839620697
750 0.4982477839620697
760 0.4982477839620697
770 0.4982477839620697
780 0.4982477839620697
790 0.4982477839620697
800 0.4982477839620697
810 0.4982477839620697
820 0.4982477839620697
830 0.4982477839620697
840 0.4982477839620697
850 0.4982477839620697
860 0.4982477839620697
870 0.4982477839620697
880 0.4982477839620697
890 0.4982477839620697
900 0.4982477839620697
910 0.4982477839620697
920 0.4982477839620697
930 0.4982477839620697
940 0.4982477839620697
950 0.4982477839620697
960 0.4982477839620697
970 0.4982477839620697
980 0.4982477839620697
990 0.4982477839620697
1000 0.5106163677592249
