# Data for router 5
0 0.0
1 0.0
2 0.0
3 0.0
4 0.0
5 0.0
6 0.0
7 0.0
8 0.0
9 0.0
10 0.0
11 0.0
12 0.0
13 0.0
14 0.0
15 0.0
16 0.0
17 0.0
18 0.0
19 0.0
20 0.0
21 0.004019789734075448
22 0.008554937126365698
23 0.01473922902494331
24 0.018037518037518036
25 0.023809523809523808
26 0.0287569573283859
27 0.0287569573283859
28 0.0287569573283859
29 0.0287569573283859
30 0.0287569573283859
31 0.0287569573283859
32 0.0287569573283859
33 0.0287569573283859
34 0.0287569573283859
35 0.0287569573283859
36 0.0287569573283859
37 0.0287569573283859
38 0.0287569573283859
39 0.0287569573283859
40 0.0287569573283859
41 0.0287569573283859
42 0.0287569573283859
43 0.0287569573283859
44 0.0287569573283859
45 0.0287569573283859
46 0.0287569573283859
47 0.0287569573283859
48 0.0287569573283859
49 0.0287569573283859
50 0.0287569573283859
51 0.0287569573283859
52 0.0287569573283859
53 0.0287569573283859
54 0.0287569573283859
55 0.0287569573283859
56 0.0287569573283859
57 0.0287569573283859
58 0.0287569573283859
59 0.0287569573283859
60 0.0287569573283859
61 0.0287569573283859
62 0.0287569573283859
63 0.0287569573283859
64 0.0287569573283859
65 0.0287569573283859
66 0.0287569573283859
67 0.0287569573283859
68 0.03638425066996496
69 0.03638425066996496
70 0.04370232941661513
71 0.04370232941661513
72 0.05297876726448155
73 0.05297876726448155
74 0.059369202226345084
75 0.059369202226345084
76 0.0670995670995671
77 0.0670995670995671
78 0.07287157287157287
79 0.07287157287157287
80 0.07287157287157287
81 0.07287157287157287
82 0.07287157287157287
83 0.07287157287157287
84 0.07287157287157287
85 0.07287157287157287
86 0.07287157287157287
87 0.07287157287157287
88 0.07287157287157287
89 0.07287157287157287
90 0.07287157287157287
91 0.07287157287157287
92 0.07287157287157287
93 0.07287157287157287
94 0.07287157287157287
95 0.07287157287157287
96 0.07287157287157287
97 0.07287157287157287
98 0.07287157287157287
99 0.07287157287157287
100 0.07462378890950319
101 0.07462378890950319
102 0.07462378890950319
103 0.07462378890950319
104 0.07462378890950319
105 0.07462378890950319
106 0.07462378890950319
107 0.07462378890950319
108 0.07462378890950319
109 0.07462378890950319
110 0.07462378890950319
111 0.07462378890950319
112 0.07462378890950319
113 0.07462378890950319
114 0.07462378890950319
115 0.07462378890950319
116 0.07462378890950319
117 0.07462378890950319
118 0.07462378890950319
119 0.07462378890950319
120 0.07462378890950319
121 0.07462378890950319
122 0.07462378890950319
123 0.07462378890950319
124 0.07462378890950319
125 0.07462378890950319
126 0.07462378890950319
127 0.07462378890950319
128 0.07462378890950319
129 0.07462378890950319
130 0.07462378890950319
131 0.07462378890950319
132 0.07462378890950319
133 0.07462378890950319
134 0.07462378890950319
135 0.07462378890950319
136 0.07462378890950319
137 0.07462378890950319
138 0.07462378890950319
139 0.07462378890950319
140 0.07462378890950319
141 0.09461966604823747
142 0.09461966604823747
143 0.09461966604823747
144 0.11420325706039992
145 0.11420325706039992
146 0.11420325706039992
147 0.1357452071737786
148 0.1357452071737786
149 0.1357452071737786
150 0.15615337043908473
151 0.15615337043908473
152 0.15615337043908473
153 0.17491238919810348
154 0.17491238919810348
155 0.17491238919810348
156 0.19624819624819625
157 0.19624819624819625
158 0.19624819624819625
159 0.19624819624819625
160 0.19624819624819625
161 0.19624819624819625
162 0.19624819624819625
163 0.19624819624819625
164 0.19624819624819625
165 0.19624819624819625
166 0.19624819624819625
167 0.19624819624819625
168 0.19624819624819625
169 0.19624819624819625
170 0.19624819624819625
171 0.19624819624819625
172 0.19624819624819625
173 0.19624819624819625
174 0.19624819624819625
175 0.19624819624819625
176 0.19624819624819625
177 0.19624819624819625
178 0.19624819624819625
179 0.19624819624819625
180 0.19624819624819625
181 0.19624819624819625
182 0.19624819624819625
183 0.19624819624819625
184 0.19624819624819625
185 0.19624819624819625
186 0.19624819624819625
187 0.19624819624819625
188 0.19624819624819625
189 0.19624819624819625
190 0.19624819624819625
191 0.19624819624819625
192 0.19624819624819625
193 0.19624819624819625
194 0.19624819624819625
195 0.19624819624819625
196 0.19624819624819625
197 0.19624819624819625
198 0.19624819624819625
199 0.19624819624819625
200 0.19985569985569984
201 0.19985569985569984
202 0.19985569985569984
203 0.19985569985569984
204 0.19985569985569984
205 0.19985569985569984
206 0.19985569985569984
207 0.19985569985569984
208 0.19985569985569984
209 0.19985569985569984
210 0.19985569985569984
211 0.19985569985569984
212 0.19985569985569984
213 0.19985569985569984
214 0.19985569985569984
215 0.19985569985569984
216 0.19985569985569984
217 0.19985569985569984
218 0.19985569985569984
219 0.19985569985569984
220 0.19985569985569984
221 0.19985569985569984
222 0.19985569985569984
223 0.19985569985569984
224 0.19985569985569984
225 0.19985569985569984
226 0.19985569985569984
227 0.19985569985569984
228 0.19985569985569984
229 0.19985569985569984
230 0.19985569985569984
231 0.19985569985569984
232 0.19985569985569984
233 0.19985569985569984
234 0.19985569985569984
235 0.19985569985569984
236 0.19985569985569984
237 0.19985569985569984
238 0.19985569985569984
239 0.19985569985569984
240 0.2064522778808493
241 0.2064522778808493
242 0.2064522778808493
243 0.2064522778808493
244 0.21397649969078542
245 0.21397649969078542
246 0.21397649969078542
247 0.21397649969078542
248 0.2206761492475778
249 0.2206761492475778
250 0.2206761492475778
251 0.2206761492475778
252 0.2256235827664399
253 0.2256235827664399
254 0.2256235827664399
255 0.2256235827664399
256 0.23149866007008865
257 0.23149866007008865
258 0.23149866007008865
259 0.23149866007008865
260 0.238301381158524
261 0.238301381158524
262 0.238301381158524
263 0.238301381158524
264 0.238301381158524
265 0.238301381158524
266 0.238301381158524
267 0.238301381158524
268 0.238301381158524
269 0.238301381158524
270 0.238301381158524
271 0.238301381158524
272 0.238301381158524
273 0.238301381158524
274 0.238301381158524
275 0.238301381158524
276 0.238301381158524
277 0.238301381158524
278 0.238301381158524
279 0.238301381158524
280 0.238301381158524
281 0.238301381158524
282 0.238301381158524
283 0.238301381158524
284 0.238301381158524
285 0.238301381158524
286 0.238301381158524
287 0.238301381158524
288 0.238301381158524
289 0.238301381158524
290 0.238301381158524
291 0.238301381158524
292 0.238301381158524
293 0.238301381158524
294 0.238301381158524
295 0.238301381158524
296 0.238301381158524
297 0.238301381158524
298 0.238301381158524
299 0.238301381158524
300 0.24283652855081425
301 0.24283652855081425
302 0.24283652855081425
303 0.24283652855081425
304 0.24283652855081425
305 0.24283652855081425
306 0.24283652855081425
307 0.24283652855081425
308 0.24283652855081425
309 0.24283652855081425
310 0.24283652855081425
311 0.24283652855081425
312 0.24283652855081425
313 0.24283652855081425
314 0.24283652855081425
315 0.24283652855081425
316 0.24283652855081425
317 0.24283652855081425
318 0.24283652855081425
319 0.24283652855081425
320 0.24283652855081425
321 0.24283652855081425
322 0.24283652855081425
323 0.24283652855081425
324 0.24283652855081425
325 0.24283652855081425
326 0.24283652855081425
327 0.24283652855081425
328 0.24283652855081425
329 0.24283652855081425
330 0.24283652855081425
331 0.24283652855081425
332 0.24283652855081425
333 0.24283652855081425
334 0.24283652855081425
335 0.24283652855081425
336 0.24283652855081425
337 0.24283652855081425
338 0.24283652855081425
339 0.24283652855081425
340 0.24283652855081425
341 0.24283652855081425
342 0.24283652855081425
343 0.24283652855081425
344 0.24283652855081425
345 0.24283652855081425
346 0.24283652855081425
347 0.24283652855081425
348 0.24283652855081425
349 0.24283652855081425
350 0.24283652855081425
351 0.24283652855081425
352 0.24283652855081425
353 0.24283652855081425
354 0.24283652855081425
355 0.24283652855081425
356 0.24283652855081425
357 0.24283652855081425
358 0.24283652855081425
359 0.24283652855081425
360 0.24283652855081425
361 0.24283652855081425
362 0.24283652855081425
363 0.24283652855081425
364 0.24283652855081425
365 0.24850546279117708
366 0.24850546279117708
367 0.24850546279117708
368 0.24850546279117708
369 0.24850546279117708
370 0.25365903937332507
371 0.25365903937332507
372 0.25365903937332507
373 0.25365903937332507
374 0.25365903937332507
375 0.2606679035250464
376 0.2606679035250464
377 0.2606679035250464
378 0.2606679035250464
379 0.2606679035250464
380 0.26664605236033806
381 0.26664605236033806
382 0.26664605236033806
383 0.26664605236033806
384 0.26664605236033806
385 0.27293341579055863
386 0.27293341579055863
387 0.27293341579055863
388 0.27293341579055863
389 0.27293341579055863
390 0.2769532055246341
391 0.2769532055246341
392 0.2769532055246341
393 0.2769532055246341
394 0.2769532055246341
395 0.2769532055246341
396 0.2769532055246341
397 0.2769532055246341
398 0.2769532055246341
399 0.2769532055246341
400 0.2715934858792002
401 0.2715934858792002
402 0.2715934858792002
403 0.2715934858792002
404 0.2715934858792002
405 0.2715934858792002
406 0.2715934858792002
407 0.2715934858792002
408 0.2715934858792002
409 0.2715934858792002
410 0.2715934858792002
411 0.2715934858792002
412 0.2715934858792002
413 0.2715934858792002
414 0.2715934858792002
415 0.2715934858792002
416 0.2715934858792002
417 0.2715934858792002
418 0.2715934858792002
419 0.2715934858792002
420 0.2715934858792002
421 0.2715934858792002
422 0.2715934858792002
423 0.2715934858792002
424 0.2715934858792002
425 0.2715934858792002
426 0.2715934858792002
427 0.2715934858792002
428 0.2715934858792002
429 0.2715934858792002
430 0.2715934858792002
431 0.2715934858792002
432 0.2715934858792002
433 0.2715934858792002
434 0.2715934858792002
435 0.2715934858792002
436 0.2715934858792002
437 0.2715934858792002
438 0.2715934858792002
439 0.2715934858792002
440 0.2715934858792002
441 0.2715934858792002
442 0.2715934858792002
443 0.2715934858792002
444 0.2715934858792002
445 0.2715934858792002
446 0.2715934858792002
447 0.2715934858792002
448 0.2715934858792002
449 0.2715934858792002
450 0.2715934858792002
451 0.2715934858792002
452 0.2715934858792002
453 0.2715934858792002
454 0.2715934858792002
455 0.2715934858792002
456 0.2715934858792002
457 0.2715934858792002
458 0.2715934858792002
459 0.2715934858792002
460 0.2715934858792002
461 0.2715934858792002
462 0.2715934858792002
463 0.2715934858792002
464 0.2715934858792002
465 0.2715934858792002
466 0.2715934858792002
467 0.2715934858792002
468 0.2715934858792002
469 0.2715934858792002
470 0.2715934858792002
471 0.2715934858792002
472 0.2715934858792002
473 0.2715934858792002
474 0.2715934858792002
475 0.2715934858792002
476 0.2715934858792002
477 0.2715934858792002
478 0.2715934858792002
479 0.2715934858792002
480 0.2715934858792002
481 0.2715934858792002
482 0.2715934858792002
483 0.2715934858792002
484 0.2715934858792002
485 0.2715934858792002
486 0.2715934858792002
487 0.2715934858792002
488 0.2715934858792002
489 0.2715934858792002
490 0.2715934858792002
491 0.2715934858792002
492 0.2715934858792002
493 0.2715934858792002
494 0.2715934858792002
495 0.2715934858792002
496 0.2715934858792002
497 0.2715934858792002
498 0.2715934858792002
499 0.2715934858792002
500 0.26953205524634094
