# Data for router 0
0 0.0
1 0.0
2 0.0
3 0.0
4 0.0
5 0.0
6 0.0
7 0.0
8 0.0
9 0.0
10 0.0
11 0.0
12 0.0
13 0.0
14 0.0
15 0.0
16 0.0
17 0.0
18 0.0
19 0.0
20 0.0
21 0.005359719645433931
22 0.011028653885796743
23 0.016594516594516596
24 0.020820449391877962
25 0.026386312100597813
26 0.03226138940424655
27 0.03226138940424655
28 0.03226138940424655
29 0.03226138940424655
30 0.03226138940424655
31 0.03226138940424655
32 0.03226138940424655
33 0.03226138940424655
34 0.03226138940424655
35 0.03226138940424655
36 0.03226138940424655
37 0.03226138940424655
38 0.03226138940424655
39 0.03226138940424655
40 0.03226138940424655
41 0.03226138940424655
42 0.03226138940424655
43 0.03226138940424655
44 0.03226138940424655
45 0.03226138940424655
46 0.03226138940424655
47 0.03226138940424655
48 0.03226138940424655
49 0.03226138940424655
50 0.03226138940424655
51 0.03226138940424655
52 0.03226138940424655
53 0.03226138940424655
54 0.03226138940424655
55 0.03226138940424655
56 0.03226138940424655
57 0.03226138940424655
58 0.03226138940424655
59 0.03226138940424655
60 0.03226138940424655
61 0.03226138940424655
62 0.03226138940424655
63 0.03226138940424655
64 0.03226138940424655
65 0.03226138940424655
66 0.03226138940424655
67 0.03226138940424655
68 0.03927025355596784
69 0.03927025355596784
70 0.04421768707482993
71 0.04421768707482993
72 0.05153576582148011
73 0.05153576582148011
74 0.05885384456813028
75 0.05885384456813028
76 0.06586270871985157
77 0.06586270871985157
78 0.07235621521335807
79 0.07235621521335807
80 0.07235621521335807
81 0.07235621521335807
82 0.07235621521335807
83 0.07235621521335807
84 0.07235621521335807
85 0.07235621521335807
86 0.07235621521335807
87 0.07235621521335807
88 0.07235621521335807
89 0.07235621521335807
90 0.07235621521335807
91 0.07235621521335807
92 0.07235621521335807
93 0.07235621521335807
94 0.07235621521335807
95 0.07235621521335807
96 0.07235621521335807
97 0.07235621521335807
98 0.07235621521335807
99 0.07235621521335807
100 0.07761286332714905
101 0.07761286332714905
102 0.07761286332714905
103 0.07761286332714905
104 0.07761286332714905
105 0.07761286332714905
106 0.07761286332714905
107 0.07761286332714905
108 0.07761286332714905
109 0.07761286332714905
110 0.07761286332714905
111 0.07761286332714905
112 0.07761286332714905
113 0.07761286332714905
114 0.07761286332714905
115 0.07761286332714905
116 0.07761286332714905
117 0.07761286332714905
118 0.07761286332714905
119 0.07761286332714905
120 0.07761286332714905
121 0.07761286332714905
122 0.07761286332714905
123 0.07761286332714905
124 0.07761286332714905
125 0.07761286332714905
126 0.07761286332714905
127 0.07761286332714905
128 0.07761286332714905
129 0.07761286332714905
130 0.07761286332714905
131 0.07761286332714905
132 0.07761286332714905
133 0.07761286332714905
134 0.07761286332714905
135 0.07761286332714905
136 0.07761286332714905
137 0.07761286332714905
138 0.07761286332714905
139 0.07761286332714905
140 0.07761286332714905
141 0.09760874046588332
142 0.09760874046588332
143 0.09760874046588332
144 0.119150690579262
145 0.119150690579262
146 0.119150690579262
147 0.14007421150278293
148 0.14007421150278293
149 0.14007421150278293
150 0.1564625850340136
151 0.1564625850340136
152 0.1564625850340136
153 0.1774891774891775
154 0.1774891774891775
155 0.1774891774891775
156 0.19552669552669552
157 0.19552669552669552
158 0.19552669552669552
159 0.19552669552669552
160 0.19552669552669552
161 0.19552669552669552
162 0.19552669552669552
163 0.19552669552669552
164 0.19552669552669552
165 0.19552669552669552
166 0.19552669552669552
167 0.19552669552669552
168 0.19552669552669552
169 0.19552669552669552
170 0.19552669552669552
171 0.19552669552669552
172 0.19552669552669552
173 0.19552669552669552
174 0.19552669552669552
175 0.19552669552669552
176 0.19552669552669552
177 0.19552669552669552
178 0.19552669552669552
179 0.19552669552669552
180 0.19552669552669552
181 0.19552669552669552
182 0.19552669552669552
183 0.19552669552669552
184 0.19552669552669552
185 0.19552669552669552
186 0.19552669552669552
187 0.19552669552669552
188 0.19552669552669552
189 0.19552669552669552
190 0.19552669552669552
191 0.19552669552669552
192 0.19552669552669552
193 0.19552669552669552
194 0.19552669552669552
195 0.19552669552669552
196 0.19552669552669552
197 0.19552669552669552
198 0.19552669552669552
199 0.19552669552669552
200 0.20655534941249226
201 0.20655534941249226
202 0.20655534941249226
203 0.20655534941249226
204 0.20655534941249226
205 0.20655534941249226
206 0.20655534941249226
207 0.20655534941249226
208 0.20655534941249226
209 0.20655534941249226
210 0.20655534941249226
211 0.20655534941249226
212 0.20655534941249226
213 0.20655534941249226
214 0.20655534941249226
215 0.20655534941249226
216 0.20655534941249226
217 0.20655534941249226
218 0.20655534941249226
219 0.20655534941249226
220 0.20655534941249226
221 0.20655534941249226
222 0.20655534941249226
223 0.20655534941249226
224 0.20655534941249226
225 0.20655534941249226
226 0.20655534941249226
227 0.20655534941249226
228 0.20655534941249226
229 0.20655534941249226
230 0.20655534941249226
231 0.20655534941249226
232 0.20655534941249226
233 0.20655534941249226
234 0.20655534941249226
235 0.20655534941249226
236 0.20655534941249226
237 0.20655534941249226
238 0.20655534941249226
239 0.20655534941249226
240 0.2137703566274995
241 0.2137703566274995
242 0.2137703566274995
243 0.2137703566274995
244 0.22057307771593485
245 0.22057307771593485
246 0.22057307771593485
247 0.22057307771593485
248 0.22789115646258504
249 0.22789115646258504
250 0.22789115646258504
251 0.22789115646258504
252 0.2333539476396619
253 0.2333539476396619
254 0.2333539476396619
255 0.2333539476396619
256 0.24108431251288395
257 0.24108431251288395
258 0.24108431251288395
259 0.24108431251288395
260 0.248711605854463
261 0.248711605854463
262 0.248711605854463
263 0.248711605854463
264 0.248711605854463
265 0.248711605854463
266 0.248711605854463
267 0.248711605854463
268 0.248711605854463
269 0.248711605854463
270 0.248711605854463
271 0.248711605854463
272 0.248711605854463
273 0.248711605854463
274 0.248711605854463
275 0.248711605854463
276 0.248711605854463
277 0.248711605854463
278 0.248711605854463
279 0.248711605854463
280 0.248711605854463
281 0.248711605854463
282 0.248711605854463
283 0.248711605854463
284 0.248711605854463
285 0.248711605854463
286 0.248711605854463
287 0.248711605854463
288 0.248711605854463
289 0.248711605854463
290 0.248711605854463
291 0.248711605854463
292 0.248711605854463
293 0.248711605854463
294 0.248711605854463
295 0.248711605854463
296 0.248711605854463
297 0.248711605854463
298 0.248711605854463
299 0.248711605854463
300 0.24427952999381572
301 0.24427952999381572
302 0.24427952999381572
303 0.24427952999381572
304 0.24427952999381572
305 0.24427952999381572
306 0.24427952999381572
307 0.24427952999381572
308 0.24427952999381572
309 0.24427952999381572
310 0.24427952999381572
311 0.24427952999381572
312 0.24427952999381572
313 0.24427952999381572
314 0.24427952999381572
315 0.24427952999381572
316 0.24427952999381572
317 0.24427952999381572
318 0.24427952999381572
319 0.24427952999381572
320 0.24427952999381572
321 0.24427952999381572
322 0.24427952999381572
323 0.24427952999381572
324 0.24427952999381572
325 0.24427952999381572
326 0.24427952999381572
327 0.24427952999381572
328 0.24427952999381572
329 0.24427952999381572
330 0.24427952999381572
331 0.24427952999381572
332 0.24427952999381572
333 0.24427952999381572
334 0.24427952999381572
335 0.24427952999381572
336 0.24427952999381572
337 0.24427952999381572
338 0.24427952999381572
339 0.24427952999381572
340 0.24427952999381572
341 0.24427952999381572
342 0.24427952999381572
343 0.24427952999381572
344 0.24427952999381572
345 0.24427952999381572
346 0.24427952999381572
347 0.24427952999381572
348 0.24427952999381572
349 0.24427952999381572
350 0.24427952999381572
351 0.24427952999381572
352 0.24427952999381572
353 0.24427952999381572
354 0.24427952999381572
355 0.24427952999381572
356 0.24427952999381572
357 0.24427952999381572
358 0.24427952999381572
359 0.24427952999381572
360 0.24427952999381572
361 0.24427952999381572
362 0.24427952999381572
363 0.24427952999381572
364 0.24427952999381572
365 0.2515976087404659
366 0.2515976087404659
367 0.2515976087404659
368 0.2515976087404659
369 0.2515976087404659
370 0.25736961451247165
371 0.25736961451247165
372 0.25736961451247165
373 0.25736961451247165
374 0.25736961451247165
375 0.26468769325912184
376 0.26468769325912184
377 0.26468769325912184
378 0.26468769325912184
379 0.26468769325912184
380 0.27283034425891567
381 0.27283034425891567
382 0.27283034425891567
383 0.27283034425891567
384 0.27283034425891567
385 0.27880849309420735
386 0.27880849309420735
387 0.27880849309420735
388 0.27880849309420735
389 0.27880849309420735
390 0.28612657184085755
391 0.28612657184085755
392 0.28612657184085755
393 0.28612657184085755
394 0.28612657184085755
395 0.28612657184085755
396 0.28612657184085755
397 0.28612657184085755
398 0.28612657184085755
399 0.28612657184085755
400 0.27932385075242216
401 0.27932385075242216
402 0.27932385075242216
403 0.27932385075242216
404 0.27932385075242216
405 0.27932385075242216
406 0.27932385075242216
407 0.27932385075242216
408 0.27932385075242216
409 0.27932385075242216
410 0.27932385075242216
411 0.27932385075242216
412 0.27932385075242216
413 0.27932385075242216
414 0.27932385075242216
415 0.27932385075242216
416 0.27932385075242216
417 0.27932385075242216
418 0.27932385075242216
419 0.27932385075242216
420 0.27932385075242216
421 0.27932385075242216
422 0.27932385075242216
423 0.27932385075242216
424 0.27932385075242216
425 0.27932385075242216
426 0.27932385075242216
427 0.27932385075242216
428 0.27932385075242216
429 0.27932385075242216
430 0.27932385075242216
431 0.27932385075242216
432 0.27932385075242216
433 0.27932385075242216
434 0.27932385075242216
435 0.27932385075242216
436 0.27932385075242216
437 0.27932385075242216
438 0.27932385075242216
439 0.27932385075242216
440 0.27932385075242216
441 0.27932385075242216
442 0.27932385075242216
443 0.27932385075242216
444 0.27932385075242216
445 0.27932385075242216
446 0.27932385075242216
447 0.27932385075242216
448 0.27932385075242216
449 0.27932385075242216
450 0.27932385075242216
451 0.27932385075242216
452 0.27932385075242216
453 0.27932385075242216
454 0.27932385075242216
455 0.27932385075242216
456 0.27932385075242216
457 0.27932385075242216
458 0.27932385075242216
459 0.27932385075242216
460 0.27932385075242216
461 0.27932385075242216
462 0.27932385075242216
463 0.27932385075242216
464 0.27932385075242216
465 0.27932385075242216
466 0.27932385075242216
467 0.27932385075242216
468 0.27932385075242216
469 0.27932385075242216
470 0.27932385075242216
471 0.27932385075242216
472 0.27932385075242216
473 0.27932385075242216
474 0.27932385075242216
475 0.27932385075242216
476 0.27932385075242216
477 0.27932385075242216
478 0.27932385075242216
479 0.27932385075242216
480 0.27932385075242216
481 0.27932385075242216
482 0.27932385075242216
483 0.27932385075242216
484 0.27932385075242216
485 0.27932385075242216
486 0.27932385075242216
487 0.27932385075242216
488 0.27932385075242216
489 0.27932385075242216
490 0.27932385075242216
491 0.27932385075242216
492 0.27932385075242216
493 0.27932385075242216
494 0.27932385075242216
495 0.27932385075242216
496 0.27932385075242216
497 0.27932385075242216
498 0.27932385075242216
499 0.27932385075242216
500 0.2955060812203669
