# Data for router 4
0 0.0
1 0.0
2 0.0
3 0.0
4 0.0
5 0.0
6 0.0
7 0.0
8 0.0
9 0.0
10 0.0
11 0.0
12 0.0
13 0.0
14 0.0
15 0.0
16 0.0
17 0.0
18 0.0
19 0.0
20 0.0
21 0.05998763141620284
22 0.11585240156668727
23 0.17326324469181612
24 0.2290249433106576
25 0.2854050711193568
26 0.3435374149659864
27 0.3435374149659864
28 0.3435374149659864
29 0.3435374149659864
30 0.3435374149659864
31 0.3435374149659864
32 0.3435374149659864
33 0.3435374149659864
34 0.3435374149659864
35 0.3435374149659864
36 0.3435374149659864
37 0.3435374149659864
38 0.3435374149659864
39 0.3435374149659864
40 0.3435374149659864
41 0.3435374149659864
42 0.3435374149659864
43 0.3435374149659864
44 0.3435374149659864
45 0.3435374149659864
46 0.3435374149659864
47 0.3435374149659864
48 0.3435374149659864
49 0.3435374149659864
50 0.3435374149659864
51 0.3435374149659864
52 0.3435374149659864
53 0.3435374149659864
54 0.3435374149659864
55 0.3435374149659864
56 0.3435374149659864
57 0.3435374149659864
58 0.3435374149659864
59 0.3435374149659864
60 0.3435374149659864
61 0.3435374149659864
62 0.3435374149659864
63 0.3435374149659864
64 0.3435374149659864
65 0.3435374149659864
66 0.3435374149659864
67 0.3435374149659864
68 0.35683364254792826
69 0.35683364254792826
70 0.36703772418058134
71 0.36703772418058134
72 0.378272521129664
73 0.378272521129664
74 0.38899196042053186
75 0.38899196042053186
76 0.4010513296227582
77 0.4010513296227582
78 0.41383219954648526
79 0.41383219954648526
80 0.41383219954648526
81 0.41383219954648526
82 0.41383219954648526
83 0.41383219954648526
84 0.41383219954648526
85 0.41383219954648526
86 0.41383219954648526
87 0.41383219954648526
88 0.41383219954648526
89 0.41383219954648526
90 0.41383219954648526
91 0.41383219954648526
92 0.41383219954648526
93 0.41383219954648526
94 0.41383219954648526
95 0.41383219954648526
96 0.41383219954648526
97 0.41383219954648526
98 0.41383219954648526
99 0.41383219954648526
100 0.4114615543186972
101 0.4114615543186972
102 0.4114615543186972
103 0.4114615543186972
104 0.4114615543186972
105 0.4114615543186972
106 0.4114615543186972
107 0.4114615543186972
108 0.4114615543186972
109 0.4114615543186972
110 0.4114615543186972
111 0.4114615543186972
112 0.4114615543186972
113 0.4114615543186972
114 0.4114615543186972
115 0.4114615543186972
116 0.4114615543186972
117 0.4114615543186972
118 0.4114615543186972
119 0.4114615543186972
120 0.4114615543186972
121 0.4114615543186972
122 0.4114615543186972
123 0.4114615543186972
124 0.4114615543186972
125 0.4114615543186972
126 0.4114615543186972
127 0.4114615543186972
128 0.4114615543186972
129 0.4114615543186972
130 0.4114615543186972
131 0.4114615543186972
132 0.4114615543186972
133 0.4114615543186972
134 0.4114615543186972
135 0.4114615543186972
136 0.4114615543186972
137 0.4114615543186972
138 0.4114615543186972
139 0.4114615543186972
140 0.4114615543186972
141 0.4224902082044939
142 0.4224902082044939
143 0.4224902082044939
144 0.4308390022675737
145 0.4308390022675737
146 0.4308390022675737
147 0.4418676561533704
148 0.4418676561533704
149 0.4418676561533704
150 0.4515563801278087
151 0.4515563801278087
152 0.4515563801278087
153 0.461142032570604
154 0.461142032570604
155 0.461142032570604
156 0.4717584003298289
157 0.4717584003298289
158 0.4717584003298289
159 0.4717584003298289
160 0.4717584003298289
161 0.4717584003298289
162 0.4717584003298289
163 0.4717584003298289
164 0.4717584003298289
165 0.4717584003298289
166 0.4717584003298289
167 0.4717584003298289
168 0.4717584003298289
169 0.4717584003298289
170 0.4717584003298289
171 0.4717584003298289
172 0.4717584003298289
173 0.4717584003298289
174 0.4717584003298289
175 0.4717584003298289
176 0.4717584003298289
177 0.4717584003298289
178 0.4717584003298289
179 0.4717584003298289
180 0.4717584003298289
181 0.4717584003298289
182 0.4717584003298289
183 0.4717584003298289
184 0.4717584003298289
185 0.4717584003298289
186 0.4717584003298289
187 0.4717584003298289
188 0.4717584003298289
189 0.4717584003298289
190 0.4717584003298289
191 0.4717584003298289
192 0.4717584003298289
193 0.4717584003298289
194 0.4717584003298289
195 0.4717584003298289
196 0.4717584003298289
197 0.4717584003298289
198 0.4717584003298289
199 0.4717584003298289
200 0.4772211915069058
201 0.4772211915069058
202 0.4772211915069058
203 0.4772211915069058
204 0.4772211915069058
205 0.4772211915069058
206 0.4772211915069058
207 0.4772211915069058
208 0.4772211915069058
209 0.4772211915069058
210 0.4772211915069058
211 0.4772211915069058
212 0.4772211915069058
213 0.4772211915069058
214 0.4772211915069058
215 0.4772211915069058
216 0.4772211915069058
217 0.4772211915069058
218 0.4772211915069058
219 0.4772211915069058
220 0.4772211915069058
221 0.4772211915069058
222 0.4772211915069058
223 0.4772211915069058
224 0.4772211915069058
225 0.4772211915069058
226 0.4772211915069058
227 0.4772211915069058
228 0.4772211915069058
229 0.4772211915069058
230 0.4772211915069058
231 0.4772211915069058
232 0.4772211915069058
233 0.4772211915069058
234 0.4772211915069058
235 0.4772211915069058
236 0.4772211915069058
237 0.4772211915069058
238 0.4772211915069058
239 0.4772211915069058
240 0.5070088641517213
241 0.5070088641517213
242 0.5070088641517213
243 0.5070088641517213
244 0.5332921047206761
245 0.5332921047206761
246 0.5332921047206761
247 0.5332921047206761
248 0.5602968460111317
249 0.5602968460111317
250 0.5602968460111317
251 0.5602968460111317
252 0.5915275200989487
253 0.5915275200989487
254 0.5915275200989487
255 0.5915275200989487
256 0.6214182642754071
257 0.6214182642754071
258 0.6214182642754071
259 0.6214182642754071
260 0.6498660070088641
261 0.6498660070088641
262 0.6498660070088641
263 0.6498660070088641
264 0.6498660070088641
265 0.6498660070088641
266 0.6498660070088641
267 0.6498660070088641
268 0.6498660070088641
269 0.6498660070088641
270 0.6498660070088641
271 0.6498660070088641
272 0.6498660070088641
273 0.6498660070088641
274 0.6498660070088641
275 0.6498660070088641
276 0.6498660070088641
277 0.6498660070088641
278 0.6498660070088641
279 0.6498660070088641
280 0.6498660070088641
281 0.6498660070088641
282 0.6498660070088641
283 0.6498660070088641
284 0.6498660070088641
285 0.6498660070088641
286 0.6498660070088641
287 0.6498660070088641
288 0.6498660070088641
289 0.6498660070088641
290 0.6498660070088641
291 0.6498660070088641
292 0.6498660070088641
293 0.6498660070088641
294 0.6498660070088641
295 0.6498660070088641
296 0.6498660070088641
297 0.6498660070088641
298 0.6498660070088641
299 0.6498660070088641
300 0.645227788084931
301 0.645227788084931
302 0.645227788084931
303 0.645227788084931
304 0.645227788084931
305 0.645227788084931
306 0.645227788084931
307 0.645227788084931
308 0.645227788084931
309 0.645227788084931
310 0.645227788084931
311 0.645227788084931
312 0.645227788084931
313 0.645227788084931
314 0.645227788084931
315 0.645227788084931
316 0.645227788084931
317 0.645227788084931
318 0.645227788084931
319 0.645227788084931
320 0.645227788084931
321 0.645227788084931
322 0.645227788084931
323 0.645227788084931
324 0.645227788084931
325 0.645227788084931
326 0.645227788084931
327 0.645227788084931
328 0.645227788084931
329 0.645227788084931
330 0.645227788084931
331 0.645227788084931
332 0.645227788084931
333 0.645227788084931
334 0.645227788084931
335 0.645227788084931
336 0.645227788084931
337 0.645227788084931
338 0.645227788084931
339 0.645227788084931
340 0.645227788084931
341 0.645227788084931
342 0.645227788084931
343 0.645227788084931
344 0.645227788084931
345 0.645227788084931
346 0.645227788084931
347 0.645227788084931
348 0.645227788084931
349 0.645227788084931
350 0.645227788084931
351 0.645227788084931
352 0.645227788084931
353 0.645227788084931
354 0.645227788084931
355 0.645227788084931
356 0.645227788084931
357 0.645227788084931
358 0.645227788084931
359 0.645227788084931
360 0.645227788084931
361 0.645227788084931
362 0.645227788084931
363 0.645227788084931
364 0.645227788084931
365 0.665945165945166
366 0.665945165945166
367 0.665945165945166
368 0.665945165945166
369 0.665945165945166
370 0.6870748299319728
371 0.6870748299319728
372 0.6870748299319728
373 0.6870748299319728
374 0.6870748299319728
375 0.7085137085137085
376 0.7085137085137085
377 0.7085137085137085
378 0.7085137085137085
379 0.7085137085137085
380 0.7302618016903731
381 0.7302618016903731
382 0.7302618016903731
383 0.7302618016903731
384 0.7302618016903731
385 0.7524221809936096
386 0.7524221809936096
387 0.7524221809936096
388 0.7524221809936096
389 0.7524221809936096
390 0.7755102040816326
391 0.7755102040816326
392 0.7755102040816326
393 0.7755102040816326
394 0.7755102040816326
395 0.7755102040816326
396 0.7755102040816326
397 0.7755102040816326
398 0.7755102040816326
399 0.7755102040816326
400 0.7630385487528345
401 0.7630385487528345
402 0.7630385487528345
403 0.7630385487528345
404 0.7630385487528345
405 0.7630385487528345
406 0.7630385487528345
407 0.7630385487528345
408 0.7630385487528345
409 0.7630385487528345
410 0.7630385487528345
411 0.7630385487528345
412 0.7630385487528345
413 0.7630385487528345
414 0.7630385487528345
415 0.7630385487528345
416 0.7630385487528345
417 0.7630385487528345
418 0.7630385487528345
419 0.7630385487528345
420 0.7630385487528345
421 0.7630385487528345
422 0.7630385487528345
423 0.7630385487528345
424 0.7630385487528345
425 0.7630385487528345
426 0.7630385487528345
427 0.7630385487528345
428 0.7630385487528345
429 0.7630385487528345
430 0.7630385487528345
431 0.7630385487528345
432 0.7630385487528345
433 0.7630385487528345
434 0.7630385487528345
435 0.7630385487528345
436 0.7630385487528345
437 0.7630385487528345
438 0.7630385487528345
439 0.7630385487528345
440 0.7630385487528345
441 0.7630385487528345
442 0.7630385487528345
443 0.7630385487528345
444 0.7630385487528345
445 0.7630385487528345
446 0.7630385487528345
447 0.7630385487528345
448 0.7630385487528345
449 0.7630385487528345
450 0.7630385487528345
451 0.7630385487528345
452 0.7630385487528345
453 0.7630385487528345
454 0.7630385487528345
455 0.7630385487528345
456 0.7630385487528345
457 0.7630385487528345
458 0.7630385487528345
459 0.7630385487528345
460 0.7630385487528345
461 0.7630385487528345
462 0.7630385487528345
463 0.7630385487528345
464 0.7630385487528345
465 0.7630385487528345
466 0.7630385487528345
467 0.7630385487528345
468 0.7630385487528345
469 0.7630385487528345
470 0.7630385487528345
471 0.7630385487528345
472 0.7630385487528345
473 0.7630385487528345
474 0.7630385487528345
475 0.7630385487528345
476 0.7630385487528345
477 0.7630385487528345
478 0.7630385487528345
479 0.7630385487528345
480 0.7630385487528345
481 0.7630385487528345
482 0.7630385487528345
483 0.7630385487528345
484 0.7630385487528345
485 0.7630385487528345
486 0.7630385487528345
487 0.7630385487528345
488 0.7630385487528345
489 0.7630385487528345
490 0.7630385487528345
491 0.7630385487528345
492 0.7630385487528345
493 0.7630385487528345
494 0.7630385487528345
495 0.7630385487528345
496 0.7630385487528345
497 0.7630385487528345
498 0.7630385487528345
499 0.7630385487528345
500 0.769635126777984
