# Data for router 1
0 0.0
1 0.0
2 0.0
3 0.0
4 0.0
5 0.0
6 0.0
7 0.0
8 0.0
9 0.0
10 0.0
11 0.0
12 0.0
13 0.0
14 0.0
15 0.0
16 0.0
17 0.0
18 0.0
19 0.0
20 0.0
21 0.05998763141620284
22 0.11410018552875696
23 0.176149247577819
24 0.2300556586270872
25 0.2844774273345702
26 0.34394970109255824
27 0.34394970109255824
28 0.34394970109255824
29 0.34394970109255824
30 0.34394970109255824
31 0.34394970109255824
32 0.34394970109255824
33 0.34394970109255824
34 0.34394970109255824
35 0.34394970109255824
36 0.34394970109255824
37 0.34394970109255824
38 0.34394970109255824
39 0.34394970109255824
40 0.34394970109255824
41 0.34394970109255824
42 0.34394970109255824
43 0.34394970109255824
44 0.34394970109255824
45 0.34394970109255824
46 0.34394970109255824
47 0.34394970109255824
48 0.34394970109255824
49 0.34394970109255824
50 0.34394970109255824
51 0.34394970109255824
52 0.34394970109255824
53 0.34394970109255824
54 0.34394970109255824
55 0.34394970109255824
56 0.34394970109255824
57 0.34394970109255824
58 0.34394970109255824
59 0.34394970109255824
60 0.34394970109255824
61 0.34394970109255824
62 0.34394970109255824
63 0.34394970109255824
64 0.34394970109255824
65 0.34394970109255824
66 0.34394970109255824
67 0.34394970109255824
68 0.35745207173778604
69 0.35745207173778604
70 0.3685837971552257
71 0.3685837971552257
72 0.38115852401566686
73 0.38115852401566686
74 0.39332096474953615
75 0.39332096474953615
76 0.40486497629354773
77 0.40486497629354773
78 0.41713048855906
79 0.41713048855906
80 0.41713048855906
81 0.41713048855906
82 0.41713048855906
83 0.41713048855906
84 0.41713048855906
85 0.41713048855906
86 0.41713048855906
87 0.41713048855906
88 0.41713048855906
89 0.41713048855906
90 0.41713048855906
91 0.41713048855906
92 0.41713048855906
93 0.41713048855906
94 0.41713048855906
95 0.41713048855906
96 0.41713048855906
97 0.41713048855906
98 0.41713048855906
99 0.41713048855906
100 0.42568542568542567
101 0.42568542568542567
102 0.42568542568542567
103 0.42568542568542567
104 0.42568542568542567
105 0.42568542568542567
106 0.42568542568542567
107 0.42568542568542567
108 0.42568542568542567
109 0.42568542568542567
110 0.42568542568542567
111 0.42568542568542567
112 0.42568542568542567
113 0.42568542568542567
114 0.42568542568542567
115 0.42568542568542567
116 0.42568542568542567
117 0.42568542568542567
118 0.42568542568542567
119 0.42568542568542567
120 0.42568542568542567
121 0.42568542568542567
122 0.42568542568542567
123 0.42568542568542567
124 0.42568542568542567
125 0.42568542568542567
126 0.42568542568542567
127 0.42568542568542567
128 0.42568542568542567
129 0.42568542568542567
130 0.42568542568542567
131 0.42568542568542567
132 0.42568542568542567
133 0.42568542568542567
134 0.42568542568542567
135 0.42568542568542567
136 0.42568542568542567
137 0.42568542568542567
138 0.42568542568542567
139 0.42568542568542567
140 0.42568542568542567
141 0.43640486497629355
142 0.43640486497629355
143 0.43640486497629355
144 0.44599051741908885
145 0.44599051741908885
146 0.44599051741908885
147 0.45475159760874045
148 0.45475159760874045
149 0.45475159760874045
150 0.46382189239332094
151 0.46382189239332094
152 0.46382189239332094
153 0.4732014017728303
154 0.4732014017728303
155 0.4732014017728303
156 0.4808286951144094
157 0.4808286951144094
158 0.4808286951144094
159 0.4808286951144094
160 0.4808286951144094
161 0.4808286951144094
162 0.4808286951144094
163 0.4808286951144094
164 0.4808286951144094
165 0.4808286951144094
166 0.4808286951144094
167 0.4808286951144094
168 0.4808286951144094
169 0.4808286951144094
170 0.4808286951144094
171 0.4808286951144094
172 0.4808286951144094
173 0.4808286951144094
174 0.4808286951144094
175 0.4808286951144094
176 0.4808286951144094
177 0.4808286951144094
178 0.4808286951144094
179 0.4808286951144094
180 0.4808286951144094
181 0.4808286951144094
182 0.4808286951144094
183 0.4808286951144094
184 0.4808286951144094
185 0.4808286951144094
186 0.4808286951144094
187 0.4808286951144094
188 0.4808286951144094
189 0.4808286951144094
190 0.4808286951144094
191 0.4808286951144094
192 0.4808286951144094
193 0.4808286951144094
194 0.4808286951144094
195 0.4808286951144094
196 0.4808286951144094
197 0.4808286951144094
198 0.4808286951144094
199 0.4808286951144094
200 0.4649556792413935
201 0.4649556792413935
202 0.4649556792413935
203 0.4649556792413935
204 0.4649556792413935
205 0.4649556792413935
206 0.4649556792413935
207 0.4649556792413935
208 0.4649556792413935
209 0.4649556792413935
210 0.4649556792413935
211 0.4649556792413935
212 0.4649556792413935
213 0.4649556792413935
214 0.4649556792413935
215 0.4649556792413935
216 0.4649556792413935
217 0.4649556792413935
218 0.4649556792413935
219 0.4649556792413935
220 0.4649556792413935
221 0.4649556792413935
222 0.4649556792413935
223 0.4649556792413935
224 0.4649556792413935
225 0.4649556792413935
226 0.4649556792413935
227 0.4649556792413935
228 0.4649556792413935
229 0.4649556792413935
230 0.4649556792413935
231 0.4649556792413935
232 0.4649556792413935
233 0.4649556792413935
234 0.4649556792413935
235 0.4649556792413935
236 0.4649556792413935
237 0.4649556792413935
238 0.4649556792413935
239 0.4649556792413935
240 0.4946402803545661
241 0.4946402803545661
242 0.4946402803545661
243 0.4946402803545661
244 0.5275200989486704
245 0.5275200989486704
246 0.5275200989486704
247 0.5275200989486704
248 0.5593692022263451
249 0.5593692022263451
250 0.5593692022263451
251 0.5593692022263451
252 0.5891568748711606
253 0.5891568748711606
254 0.5891568748711606
255 0.5891568748711606
256 0.6199752628324057
257 0.6199752628324057
258 0.6199752628324057
259 0.6199752628324057
260 0.6511028653885796
261 0.6511028653885796
262 0.6511028653885796
263 0.6511028653885796
264 0.6511028653885796
265 0.6511028653885796
266 0.6511028653885796
267 0.6511028653885796
268 0.6511028653885796
269 0.6511028653885796
270 0.6511028653885796
271 0.6511028653885796
272 0.6511028653885796
273 0.6511028653885796
274 0.6511028653885796
275 0.6511028653885796
276 0.6511028653885796
277 0.6511028653885796
278 0.6511028653885796
279 0.6511028653885796
280 0.6511028653885796
281 0.6511028653885796
282 0.6511028653885796
283 0.6511028653885796
284 0.6511028653885796
285 0.6511028653885796
286 0.6511028653885796
287 0.6511028653885796
288 0.6511028653885796
289 0.6511028653885796
290 0.6511028653885796
291 0.6511028653885796
292 0.6511028653885796
293 0.6511028653885796
294 0.6511028653885796
295 0.6511028653885796
296 0.6511028653885796
297 0.6511028653885796
298 0.6511028653885796
299 0.6511028653885796
300 0.65563801278087
301 0.65563801278087
302 0.65563801278087
303 0.65563801278087
304 0.65563801278087
305 0.65563801278087
306 0.65563801278087
307 0.65563801278087
308 0.65563801278087
309 0.65563801278087
310 0.65563801278087
311 0.65563801278087
312 0.65563801278087
313 0.65563801278087
314 0.65563801278087
315 0.65563801278087
316 0.65563801278087
317 0.65563801278087
318 0.65563801278087
319 0.65563801278087
320 0.65563801278087
321 0.65563801278087
322 0.65563801278087
323 0.65563801278087
324 0.65563801278087
325 0.65563801278087
326 0.65563801278087
327 0.65563801278087
328 0.65563801278087
329 0.65563801278087
330 0.65563801278087
331 0.65563801278087
332 0.65563801278087
333 0.65563801278087
334 0.65563801278087
335 0.65563801278087
336 0.65563801278087
337 0.65563801278087
338 0.65563801278087
339 0.65563801278087
340 0.65563801278087
341 0.65563801278087
342 0.65563801278087
343 0.65563801278087
344 0.65563801278087
345 0.65563801278087
346 0.65563801278087
347 0.65563801278087
348 0.65563801278087
349 0.65563801278087
350 0.65563801278087
351 0.65563801278087
352 0.65563801278087
353 0.65563801278087
354 0.65563801278087
355 0.65563801278087
356 0.65563801278087
357 0.65563801278087
358 0.65563801278087
359 0.65563801278087
360 0.65563801278087
361 0.65563801278087
362 0.65563801278087
363 0.65563801278087
364 0.65563801278087
365 0.6745001030715316
366 0.6745001030715316
367 0.6745001030715316
368 0.6745001030715316
369 0.6745001030715316
370 0.6922284065141208
371 0.6922284065141208
372 0.6922284065141208
373 0.6922284065141208
374 0.6922284065141208
375 0.7109874252731395
376 0.7109874252731395
377 0.7109874252731395
378 0.7109874252731395
379 0.7109874252731395
380 0.7289218717790147
381 0.7289218717790147
382 0.7289218717790147
383 0.7289218717790147
384 0.7289218717790147
385 0.7474747474747475
386 0.7474747474747475
387 0.7474747474747475
388 0.7474747474747475
389 0.7474747474747475
390 0.7640692640692641
391 0.7640692640692641
392 0.7640692640692641
393 0.7640692640692641
394 0.7640692640692641
395 0.7640692640692641
396 0.7640692640692641
397 0.7640692640692641
398 0.7640692640692641
399 0.7640692640692641
400 0.7626262626262627
401 0.7626262626262627
402 0.7626262626262627
403 0.7626262626262627
404 0.7626262626262627
405 0.7626262626262627
406 0.7626262626262627
407 0.7626262626262627
408 0.7626262626262627
409 0.7626262626262627
410 0.7626262626262627
411 0.7626262626262627
412 0.7626262626262627
413 0.7626262626262627
414 0.7626262626262627
415 0.7626262626262627
416 0.7626262626262627
417 0.7626262626262627
418 0.7626262626262627
419 0.7626262626262627
420 0.7626262626262627
421 0.7626262626262627
422 0.7626262626262627
423 0.7626262626262627
424 0.7626262626262627
425 0.7626262626262627
426 0.7626262626262627
427 0.7626262626262627
428 0.7626262626262627
429 0.7626262626262627
430 0.7626262626262627
431 0.7626262626262627
432 0.7626262626262627
433 0.7626262626262627
434 0.7626262626262627
435 0.7626262626262627
436 0.7626262626262627
437 0.7626262626262627
438 0.7626262626262627
439 0.7626262626262627
440 0.7626262626262627
441 0.7626262626262627
442 0.7626262626262627
443 0.7626262626262627
444 0.7626262626262627
445 0.7626262626262627
446 0.7626262626262627
447 0.7626262626262627
448 0.7626262626262627
449 0.7626262626262627
450 0.7626262626262627
451 0.7626262626262627
452 0.7626262626262627
453 0.7626262626262627
454 0.7626262626262627
455 0.7626262626262627
456 0.7626262626262627
457 0.7626262626262627
458 0.7626262626262627
459 0.7626262626262627
460 0.7626262626262627
461 0.7626262626262627
462 0.7626262626262627
463 0.7626262626262627
464 0.7626262626262627
465 0.7626262626262627
466 0.7626262626262627
467 0.7626262626262627
468 0.7626262626262627
469 0.7626262626262627
470 0.7626262626262627
471 0.7626262626262627
472 0.7626262626262627
473 0.7626262626262627
474 0.7626262626262627
475 0.7626262626262627
476 0.7626262626262627
477 0.7626262626262627
478 0.7626262626262627
479 0.7626262626262627
480 0.7626262626262627
481 0.7626262626262627
482 0.7626262626262627
483 0.7626262626262627
484 0.7626262626262627
485 0.7626262626262627
486 0.7626262626262627
487 0.7626262626262627
488 0.7626262626262627
489 0.7626262626262627
490 0.7626262626262627
491 0.7626262626262627
492 0.7626262626262627
493 0.7626262626262627
494 0.7626262626262627
495 0.7626262626262627
496 0.7626262626262627
497 0.7626262626262627
498 0.7626262626262627
499 0.7626262626262627
500 0.7708719851576994
