# Data for router 3
0 0.0
1 0.0
2 0.0
3 0.0
4 0.0
5 0.0
6 0.0
7 0.0
8 0.0
9 0.0
10 0.0
11 0.0
12 0.0
13 0.0
14 0.0
15 0.0
16 0.0
17 0.0
18 0.0
19 0.0
20 0.0
21 0.004225932797361369
22 0.008554937126365698
23 0.013811585240156668
24 0.018449804164089877
25 0.023809523809523808
26 0.029684601113172542
27 0.029684601113172542
28 0.029684601113172542
29 0.029684601113172542
30 0.029684601113172542
31 0.029684601113172542
32 0.029684601113172542
33 0.029684601113172542
34 0.029684601113172542
35 0.029684601113172542
36 0.029684601113172542
37 0.029684601113172542
38 0.029684601113172542
39 0.029684601113172542
40 0.029684601113172542
41 0.029684601113172542
42 0.029684601113172542
43 0.029684601113172542
44 0.029684601113172542
45 0.029684601113172542
46 0.029684601113172542
47 0.029684601113172542
48 0.029684601113172542
49 0.029684601113172542
50 0.029684601113172542
51 0.029684601113172542
52 0.029684601113172542
53 0.029684601113172542
54 0.029684601113172542
55 0.029684601113172542
56 0.029684601113172542
57 0.029684601113172542
58 0.029684601113172542
59 0.029684601113172542
60 0.029684601113172542
61 0.029684601113172542
62 0.029684601113172542
63 0.029684601113172542
64 0.029684601113172542
65 0.029684601113172542
66 0.029684601113172542
67 0.029684601113172542
68 0.036178107606679034
69 0.036178107606679034
70 0.04287775716347145
71 0.04287775716347145
72 0.05153576582148011
73 0.05153576582148011
74 0.05844155844155844
75 0.05844155844155844
76 0.06740878169449598
77 0.06740878169449598
78 0.07452071737786023
79 0.07452071737786023
80 0.07452071737786023
81 0.07452071737786023
82 0.07452071737786023
83 0.07452071737786023
84 0.07452071737786023
85 0.07452071737786023
86 0.07452071737786023
87 0.07452071737786023
88 0.07452071737786023
89 0.07452071737786023
90 0.07452071737786023
91 0.07452071737786023
92 0.07452071737786023
93 0.07452071737786023
94 0.07452071737786023
95 0.07452071737786023
96 0.07452071737786023
97 0.07452071737786023
98 0.07452071737786023
99 0.07452071737786023
100 0.07472686044114615
101 0.07472686044114615
102 0.07472686044114615
103 0.07472686044114615
104 0.07472686044114615
105 0.07472686044114615
106 0.07472686044114615
107 0.07472686044114615
108 0.07472686044114615
109 0.07472686044114615
110 0.07472686044114615
111 0.07472686044114615
112 0.07472686044114615
113 0.07472686044114615
114 0.07472686044114615
115 0.07472686044114615
116 0.07472686044114615
117 0.07472686044114615
118 0.07472686044114615
119 0.07472686044114615
120 0.07472686044114615
121 0.07472686044114615
122 0.07472686044114615
123 0.07472686044114615
124 0.07472686044114615
125 0.07472686044114615
126 0.07472686044114615
127 0.07472686044114615
128 0.07472686044114615
129 0.07472686044114615
130 0.07472686044114615
131 0.07472686044114615
132 0.07472686044114615
133 0.07472686044114615
134 0.07472686044114615
135 0.07472686044114615
136 0.07472686044114615
137 0.07472686044114615
138 0.07472686044114615
139 0.07472686044114615
140 0.07472686044114615
141 0.09286745001030715
142 0.09286745001030715
143 0.09286745001030715
144 0.11121418264275407
145 0.11121418264275407
146 0.11121418264275407
147 0.13203463203463203
148 0.13203463203463203
149 0.13203463203463203
150 0.15161822304679448
151 0.15161822304679448
152 0.15161822304679448
153 0.17182024324881467
154 0.17182024324881467
155 0.17182024324881467
156 0.19078540507111935
157 0.19078540507111935
158 0.19078540507111935
159 0.19078540507111935
160 0.19078540507111935
161 0.19078540507111935
162 0.19078540507111935
163 0.19078540507111935
164 0.19078540507111935
165 0.19078540507111935
166 0.19078540507111935
167 0.19078540507111935
168 0.19078540507111935
169 0.19078540507111935
170 0.19078540507111935
171 0.19078540507111935
172 0.19078540507111935
173 0.19078540507111935
174 0.19078540507111935
175 0.19078540507111935
176 0.19078540507111935
177 0.19078540507111935
178 0.19078540507111935
179 0.19078540507111935
180 0.19078540507111935
181 0.19078540507111935
182 0.19078540507111935
183 0.19078540507111935
184 0.19078540507111935
185 0.19078540507111935
186 0.19078540507111935
187 0.19078540507111935
188 0.19078540507111935
189 0.19078540507111935
190 0.19078540507111935
191 0.19078540507111935
192 0.19078540507111935
193 0.19078540507111935
194 0.19078540507111935
195 0.19078540507111935
196 0.19078540507111935
197 0.19078540507111935
198 0.19078540507111935
199 0.19078540507111935
200 0.18975468975468976
201 0.18975468975468976
202 0.18975468975468976
203 0.18975468975468976
204 0.18975468975468976
205 0.18975468975468976
206 0.18975468975468976
207 0.18975468975468976
208 0.18975468975468976
209 0.18975468975468976
210 0.18975468975468976
211 0.18975468975468976
212 0.18975468975468976
213 0.18975468975468976
214 0.18975468975468976
215 0.18975468975468976
216 0.18975468975468976
217 0.18975468975468976
218 0.18975468975468976
219 0.18975468975468976
220 0.18975468975468976
221 0.18975468975468976
222 0.18975468975468976
223 0.18975468975468976
224 0.18975468975468976
225 0.18975468975468976
226 0.18975468975468976
227 0.18975468975468976
228 0.18975468975468976
229 0.18975468975468976
230 0.18975468975468976
231 0.18975468975468976
232 0.18975468975468976
233 0.18975468975468976
234 0.18975468975468976
235 0.18975468975468976
236 0.18975468975468976
237 0.18975468975468976
238 0.18975468975468976
239 0.18975468975468976
240 0.19830962688105544
241 0.19830962688105544
242 0.19830962688105544
243 0.19830962688105544
244 0.2049062049062049
245 0.2049062049062049
246 0.2049062049062049
247 0.2049062049062049
248 0.2106782106782107
249 0.2106782106782107
250 0.2106782106782107
251 0.2106782106782107
252 0.21748093176664604
253 0.21748093176664604
254 0.21748093176664604
255 0.21748093176664604
256 0.2237682951968666
257 0.2237682951968666
258 0.2237682951968666
259 0.2237682951968666
260 0.23036487322201607
261 0.23036487322201607
262 0.23036487322201607
263 0.23036487322201607
264 0.23036487322201607
265 0.23036487322201607
266 0.23036487322201607
267 0.23036487322201607
268 0.23036487322201607
269 0.23036487322201607
270 0.23036487322201607
271 0.23036487322201607
272 0.23036487322201607
273 0.23036487322201607
274 0.23036487322201607
275 0.23036487322201607
276 0.23036487322201607
277 0.23036487322201607
278 0.23036487322201607
279 0.23036487322201607
280 0.23036487322201607
281 0.23036487322201607
282 0.23036487322201607
283 0.23036487322201607
284 0.23036487322201607
285 0.23036487322201607
286 0.23036487322201607
287 0.23036487322201607
288 0.23036487322201607
289 0.23036487322201607
290 0.23036487322201607
291 0.23036487322201607
292 0.23036487322201607
293 0.23036487322201607
294 0.23036487322201607
295 0.23036487322201607
296 0.23036487322201607
297 0.23036487322201607
298 0.23036487322201607
299 0.23036487322201607
300 0.23407544836116265
301 0.23407544836116265
302 0.23407544836116265
303 0.23407544836116265
304 0.23407544836116265
305 0.23407544836116265
306 0.23407544836116265
307 0.23407544836116265
308 0.23407544836116265
309 0.23407544836116265
310 0.23407544836116265
311 0.23407544836116265
312 0.23407544836116265
313 0.23407544836116265
314 0.23407544836116265
315 0.23407544836116265
316 0.23407544836116265
317 0.23407544836116265
318 0.23407544836116265
319 0.23407544836116265
320 0.23407544836116265
321 0.23407544836116265
322 0.23407544836116265
323 0.23407544836116265
324 0.23407544836116265
325 0.23407544836116265
326 0.23407544836116265
327 0.23407544836116265
328 0.23407544836116265
329 0.23407544836116265
330 0.23407544836116265
331 0.23407544836116265
332 0.23407544836116265
333 0.23407544836116265
334 0.23407544836116265
335 0.23407544836116265
336 0.23407544836116265
337 0.23407544836116265
338 0.23407544836116265
339 0.23407544836116265
340 0.23407544836116265
341 0.23407544836116265
342 0.23407544836116265
343 0.23407544836116265
344 0.23407544836116265
345 0.23407544836116265
346 0.23407544836116265
347 0.23407544836116265
348 0.23407544836116265
349 0.23407544836116265
350 0.23407544836116265
351 0.23407544836116265
352 0.23407544836116265
353 0.23407544836116265
354 0.23407544836116265
355 0.23407544836116265
356 0.23407544836116265
357 0.23407544836116265
358 0.23407544836116265
359 0.23407544836116265
360 0.23407544836116265
361 0.23407544836116265
362 0.23407544836116265
363 0.23407544836116265
364 0.23407544836116265
365 0.2391259534116677
366 0.2391259534116677
367 0.2391259534116677
368 0.2391259534116677
369 0.2391259534116677
370 0.24500103071531643
371 0.24500103071531643
372 0.24500103071531643
373 0.24500103071531643
374 0.24500103071531643
375 0.25036075036075034
376 0.25036075036075034
377 0.25036075036075034
378 0.25036075036075034
379 0.25036075036075034
380 0.2560296846011132
381 0.2560296846011132
382 0.2560296846011132
383 0.2560296846011132
384 0.2560296846011132
385 0.2611832611832612
386 0.2611832611832612
387 0.2611832611832612
388 0.2611832611832612
389 0.2611832611832612
390 0.2691197691197691
391 0.2691197691197691
392 0.2691197691197691
393 0.2691197691197691
394 0.2691197691197691
395 0.2691197691197691
396 0.2691197691197691
397 0.2691197691197691
398 0.2691197691197691
399 0.2691197691197691
400 0.26046176046176045
401 0.26046176046176045
402 0.26046176046176045
403 0.26046176046176045
404 0.26046176046176045
405 0.26046176046176045
406 0.26046176046176045
407 0.26046176046176045
408 0.26046176046176045
409 0.26046176046176045
410 0.26046176046176045
411 0.26046176046176045
412 0.26046176046176045
413 0.26046176046176045
414 0.26046176046176045
415 0.26046176046176045
416 0.26046176046176045
417 0.26046176046176045
418 0.26046176046176045
419 0.26046176046176045
420 0.26046176046176045
421 0.26046176046176045
422 0.26046176046176045
423 0.26046176046176045
424 0.26046176046176045
425 0.26046176046176045
426 0.26046176046176045
427 0.26046176046176045
428 0.26046176046176045
429 0.26046176046176045
430 0.26046176046176045
431 0.26046176046176045
432 0.26046176046176045
433 0.26046176046176045
434 0.26046176046176045
435 0.26046176046176045
436 0.26046176046176045
437 0.26046176046176045
438 0.26046176046176045
439 0.26046176046176045
440 0.26046176046176045
441 0.26046176046176045
442 0.26046176046176045
443 0.26046176046176045
444 0.26046176046176045
445 0.26046176046176045
446 0.26046176046176045
447 0.26046176046176045
448 0.26046176046176045
449 0.26046176046176045
450 0.26046176046176045
451 0.26046176046176045
452 0.26046176046176045
453 0.26046176046176045
454 0.26046176046176045
455 0.26046176046176045
456 0.26046176046176045
457 0.26046176046176045
458 0.26046176046176045
459 0.26046176046176045
460 0.26046176046176045
461 0.26046176046176045
462 0.26046176046176045
463 0.26046176046176045
464 0.26046176046176045
465 0.26046176046176045
466 0.26046176046176045
467 0.26046176046176045
468 0.26046176046176045
469 0.26046176046176045
470 0.26046176046176045
471 0.26046176046176045
472 0.26046176046176045
473 0.26046176046176045
474 0.26046176046176045
475 0.26046176046176045
476 0.26046176046176045
477 0.26046176046176045
478 0.26046176046176045
479 0.26046176046176045
480 0.26046176046176045
481 0.26046176046176045
482 0.26046176046176045
483 0.26046176046176045
484 0.26046176046176045
485 0.26046176046176045
486 0.26046176046176045
487 0.26046176046176045
488 0.26046176046176045
489 0.26046176046176045
490 0.26046176046176045
491 0.26046176046176045
492 0.26046176046176045
493 0.26046176046176045
494 0.26046176046176045
495 0.26046176046176045
496 0.26046176046176045
497 0.26046176046176045
498 0.26046176046176045
499 0.26046176046176045
500 0.2656153370439085
