# Data for router 2
0 0.0
1 0.0
2 0.0
3 0.0
4 0.0
5 0.0
6 0.0
7 0.0
8 0.0
9 0.0
10 0.0
11 0.0
12 0.0
13 0.0
14 0.0
15 0.0
16 0.0
17 0.0
18 0.0
19 0.0
20 0.0
21 0.006596578025149453
22 0.011956297670583385
23 0.017934446505875078
24 0.02391259534116677
25 0.02937538651824366
26 0.035868893011750155
27 0.035868893011750155
28 0.035868893011750155
29 0.035868893011750155
30 0.035868893011750155
31 0.035868893011750155
32 0.035868893011750155
33 0.035868893011750155
34 0.035868893011750155
35 0.035868893011750155
36 0.035868893011750155
37 0.035868893011750155
38 0.035868893011750155
39 0.035868893011750155
40 0.035868893011750155
41 0.035868893011750155
42 0.035868893011750155
43 0.035868893011750155
44 0.035868893011750155
45 0.035868893011750155
46 0.035868893011750155
47 0.035868893011750155
48 0.035868893011750155
49 0.035868893011750155
50 0.035868893011750155
51 0.035868893011750155
52 0.035868893011750155
53 0.035868893011750155
54 0.035868893011750155
55 0.035868893011750155
56 0.035868893011750155
57 0.035868893011750155
58 0.035868893011750155
59 0.035868893011750155
60 0.035868893011750155
61 0.035868893011750155
62 0.035868893011750155
63 0.035868893011750155
64 0.035868893011750155
65 0.035868893011750155
66 0.035868893011750155
67 0.035868893011750155
68 0.04329004329004329
69 0.04329004329004329
70 0.05040197897340754
71 0.05040197897340754
72 0.059678416821273964
73 0.059678416821273964
74 0.06648113790970933
75 0.06648113790970933
76 0.07184085755514327
77 0.07184085755514327
78 0.07957122242836528
79 0.07957122242836528
80 0.07957122242836528
81 0.07957122242836528
82 0.07957122242836528
83 0.07957122242836528
84 0.07957122242836528
85 0.07957122242836528
86 0.07957122242836528
87 0.07957122242836528
88 0.07957122242836528
89 0.07957122242836528
90 0.07957122242836528
91 0.07957122242836528
92 0.07957122242836528
93 0.07957122242836528
94 0.07957122242836528
95 0.07957122242836528
96 0.07957122242836528
97 0.07957122242836528
98 0.07957122242836528
99 0.07957122242836528
100 0.08070500927643785
101 0.08070500927643785
102 0.08070500927643785
103 0.08070500927643785
104 0.08070500927643785
105 0.08070500927643785
106 0.08070500927643785
107 0.08070500927643785
108 0.08070500927643785
109 0.08070500927643785
110 0.08070500927643785
111 0.08070500927643785
112 0.08070500927643785
113 0.08070500927643785
114 0.08070500927643785
115 0.08070500927643785
116 0.08070500927643785
117 0.08070500927643785
118 0.08070500927643785
119 0.08070500927643785
120 0.08070500927643785
121 0.08070500927643785
122 0.08070500927643785
123 0.08070500927643785
124 0.08070500927643785
125 0.08070500927643785
126 0.08070500927643785
127 0.08070500927643785
128 0.08070500927643785
129 0.08070500927643785
130 0.08070500927643785
131 0.08070500927643785
132 0.08070500927643785
133 0.08070500927643785
134 0.08070500927643785
135 0.08070500927643785
136 0.08070500927643785
137 0.08070500927643785
138 0.08070500927643785
139 0.08070500927643785
140 0.08070500927643785
141 0.10327767470624613
142 0.10327767470624613
143 0.10327767470624613
144 0.12286126571840858
145 0.12286126571840858
146 0.12286126571840858
147 0.14234178519892807
148 0.14234178519892807
149 0.14234178519892807
150 0.16223459080601937
151 0.16223459080601937
152 0.16223459080601937
153 0.18326118326118326
154 0.18326118326118326
155 0.18326118326118326
156 0.20346320346320346
157 0.20346320346320346
158 0.20346320346320346
159 0.20346320346320346
160 0.20346320346320346
161 0.20346320346320346
162 0.20346320346320346
163 0.20346320346320346
164 0.20346320346320346
165 0.20346320346320346
166 0.20346320346320346
167 0.20346320346320346
168 0.20346320346320346
169 0.20346320346320346
170 0.20346320346320346
171 0.20346320346320346
172 0.20346320346320346
173 0.20346320346320346
174 0.20346320346320346
175 0.20346320346320346
176 0.20346320346320346
177 0.20346320346320346
178 0.20346320346320346
179 0.20346320346320346
180 0.20346320346320346
181 0.20346320346320346
182 0.20346320346320346
183 0.20346320346320346
184 0.20346320346320346
185 0.20346320346320346
186 0.20346320346320346
187 0.20346320346320346
188 0.20346320346320346
189 0.20346320346320346
190 0.20346320346320346
191 0.20346320346320346
192 0.20346320346320346
193 0.20346320346320346
194 0.20346320346320346
195 0.20346320346320346
196 0.20346320346320346
197 0.20346320346320346
198 0.20346320346320346
199 0.20346320346320346
200 0.20243248814677386
201 0.20243248814677386
202 0.20243248814677386
203 0.20243248814677386
204 0.20243248814677386
205 0.20243248814677386
206 0.20243248814677386
207 0.20243248814677386
208 0.20243248814677386
209 0.20243248814677386
210 0.20243248814677386
211 0.20243248814677386
212 0.20243248814677386
213 0.20243248814677386
214 0.20243248814677386
215 0.20243248814677386
216 0.20243248814677386
217 0.20243248814677386
218 0.20243248814677386
219 0.20243248814677386
220 0.20243248814677386
221 0.20243248814677386
222 0.20243248814677386
223 0.20243248814677386
224 0.20243248814677386
225 0.20243248814677386
226 0.20243248814677386
227 0.20243248814677386
228 0.20243248814677386
229 0.20243248814677386
230 0.20243248814677386
231 0.20243248814677386
232 0.20243248814677386
233 0.20243248814677386
234 0.20243248814677386
235 0.20243248814677386
236 0.20243248814677386
237 0.20243248814677386
238 0.20243248814677386
239 0.20243248814677386
240 0.2088229231086374
241 0.2088229231086374
242 0.2088229231086374
243 0.2088229231086374
244 0.21624407338693052
245 0.21624407338693052
246 0.21624407338693052
247 0.21624407338693052
248 0.22345908060193775
249 0.22345908060193775
250 0.22345908060193775
251 0.22345908060193775
252 0.22995258709544425
253 0.22995258709544425
254 0.22995258709544425
255 0.22995258709544425
256 0.2360338074623789
257 0.2360338074623789
258 0.2360338074623789
259 0.2360338074623789
260 0.24345495774067202
261 0.24345495774067202
262 0.24345495774067202
263 0.24345495774067202
264 0.24345495774067202
265 0.24345495774067202
266 0.24345495774067202
267 0.24345495774067202
268 0.24345495774067202
269 0.24345495774067202
270 0.24345495774067202
271 0.24345495774067202
272 0.24345495774067202
273 0.24345495774067202
274 0.24345495774067202
275 0.24345495774067202
276 0.24345495774067202
277 0.24345495774067202
278 0.24345495774067202
279 0.24345495774067202
280 0.24345495774067202
281 0.24345495774067202
282 0.24345495774067202
283 0.24345495774067202
284 0.24345495774067202
285 0.24345495774067202
286 0.24345495774067202
287 0.24345495774067202
288 0.24345495774067202
289 0.24345495774067202
290 0.24345495774067202
291 0.24345495774067202
292 0.24345495774067202
293 0.24345495774067202
294 0.24345495774067202
295 0.24345495774067202
296 0.24345495774067202
297 0.24345495774067202
298 0.24345495774067202
299 0.24345495774067202
300 0.2440733869305298
301 0.2440733869305298
302 0.2440733869305298
303 0.2440733869305298
304 0.2440733869305298
305 0.2440733869305298
306 0.2440733869305298
307 0.2440733869305298
308 0.2440733869305298
309 0.2440733869305298
310 0.2440733869305298
311 0.2440733869305298
312 0.2440733869305298
313 0.2440733869305298
314 0.2440733869305298
315 0.2440733869305298
316 0.2440733869305298
317 0.2440733869305298
318 0.2440733869305298
319 0.2440733869305298
320 0.2440733869305298
321 0.2440733869305298
322 0.2440733869305298
323 0.2440733869305298
324 0.2440733869305298
325 0.2440733869305298
326 0.2440733869305298
327 0.2440733869305298
328 0.2440733869305298
329 0.2440733869305298
330 0.2440733869305298
331 0.2440733869305298
332 0.2440733869305298
333 0.2440733869305298
334 0.2440733869305298
335 0.2440733869305298
336 0.2440733869305298
337 0.2440733869305298
338 0.2440733869305298
339 0.2440733869305298
340 0.2440733869305298
341 0.2440733869305298
342 0.2440733869305298
343 0.2440733869305298
344 0.2440733869305298
345 0.2440733869305298
346 0.2440733869305298
347 0.2440733869305298
348 0.2440733869305298
349 0.2440733869305298
350 0.2440733869305298
351 0.2440733869305298
352 0.2440733869305298
353 0.2440733869305298
354 0.2440733869305298
355 0.2440733869305298
356 0.2440733869305298
357 0.2440733869305298
358 0.2440733869305298
359 0.2440733869305298
360 0.2440733869305298
361 0.2440733869305298
362 0.2440733869305298
363 0.2440733869305298
364 0.2440733869305298
365 0.24891774891774893
366 0.24891774891774893
367 0.24891774891774893
368 0.24891774891774893
369 0.24891774891774893
370 0.253865182436611
371 0.253865182436611
372 0.253865182436611
373 0.253865182436611
374 0.253865182436611
375 0.25840032982890127
376 0.25840032982890127
377 0.25840032982890127
378 0.25840032982890127
379 0.25840032982890127
380 0.26406926406926406
381 0.26406926406926406
382 0.26406926406926406
383 0.26406926406926406
384 0.26406926406926406
385 0.2699443413729128
386 0.2699443413729128
387 0.2699443413729128
388 0.2699443413729128
389 0.2699443413729128
390 0.2759224902082045
391 0.2759224902082045
392 0.2759224902082045
393 0.2759224902082045
394 0.2759224902082045
395 0.2759224902082045
396 0.2759224902082045
397 0.2759224902082045
398 0.2759224902082045
399 0.2759224902082045
400 0.2755102040816326
401 0.2755102040816326
402 0.2755102040816326
403 0.2755102040816326
404 0.2755102040816326
405 0.2755102040816326
406 0.2755102040816326
407 0.2755102040816326
408 0.2755102040816326
409 0.2755102040816326
410 0.2755102040816326
411 0.2755102040816326
412 0.2755102040816326
413 0.2755102040816326
414 0.2755102040816326
415 0.2755102040816326
416 0.2755102040816326
417 0.2755102040816326
418 0.2755102040816326
419 0.2755102040816326
420 0.2755102040816326
421 0.2755102040816326
422 0.2755102040816326
423 0.2755102040816326
424 0.2755102040816326
425 0.2755102040816326
426 0.2755102040816326
427 0.2755102040816326
428 0.2755102040816326
429 0.2755102040816326
430 0.2755102040816326
431 0.2755102040816326
432 0.2755102040816326
433 0.2755102040816326
434 0.2755102040816326
435 0.2755102040816326
436 0.2755102040816326
437 0.2755102040816326
438 0.2755102040816326
439 0.2755102040816326
440 0.2755102040816326
441 0.2755102040816326
442 0.2755102040816326
443 0.2755102040816326
444 0.2755102040816326
445 0.2755102040816326
446 0.2755102040816326
447 0.2755102040816326
448 0.2755102040816326
449 0.2755102040816326
450 0.2755102040816326
451 0.2755102040816326
452 0.2755102040816326
453 0.2755102040816326
454 0.2755102040816326
455 0.2755102040816326
456 0.2755102040816326
457 0.2755102040816326
458 0.2755102040816326
459 0.2755102040816326
460 0.2755102040816326
461 0.2755102040816326
462 0.2755102040816326
463 0.2755102040816326
464 0.2755102040816326
465 0.2755102040816326
466 0.2755102040816326
467 0.2755102040816326
468 0.2755102040816326
469 0.2755102040816326
470 0.2755102040816326
471 0.2755102040816326
472 0.2755102040816326
473 0.2755102040816326
474 0.2755102040816326
475 0.2755102040816326
476 0.2755102040816326
477 0.2755102040816326
478 0.2755102040816326
479 0.2755102040816326
480 0.2755102040816326
481 0.2755102040816326
482 0.2755102040816326
483 0.2755102040816326
484 0.2755102040816326
485 0.2755102040816326
486 0.2755102040816326
487 0.2755102040816326
488 0.2755102040816326
489 0.2755102040816326
490 0.2755102040816326
491 0.2755102040816326
492 0.2755102040816326
493 0.2755102040816326
494 0.2755102040816326
495 0.2755102040816326
496 0.2755102040816326
497 0.2755102040816326
498 0.2755102040816326
499 0.2755102040816326
500 0.26922284065141205
