Peak memory usage: 858 MB
Analysis results for abstractArbiter25state_234.modest

+ State space exploration
  State size:  8 bytes
  States:      322413
  Transitions: 322413
  Branches:    2579187
  Rate:        219478 states/s
  Time:        1.6 s

+ Property p1
  Probability: 0.999982556759955
  Bounds:      [0.999982556759955, 0.999982556759955]
  CDF:         { (0, 0), ..., (48, 0), (49, 4.47140352935329E-59), (50, 5.68055304621909E-58), (51, 4.06370616381068E-57), (52, 2.144666785649E-56), (53, 1.21396150587366E-55), (54, 7.12894317709891E-55), (55, 3.721764581584E-54), (56, 1.65005779815407E-53), (57, 6.32054509066679E-53), (58, 2.15414760021381E-52), (59, 6.71278063709276E-52), (60, 1.95550059762044E-51), (61, 5.41308617101563E-51), (62, 1.43970096830929E-50), (63, 3.70375176026927E-50), (64, 9.2493987632129E-50), (65, 2.24629946553502E-49), (66, 5.31061802183501E-49), (67, 1.22326135406366E-48), (68, 2.74802524495673E-48), (69, 6.02789724576407E-48), (70, 1.29281794296843E-47), (71, 2.71486919837609E-47), (72, 5.58998542777227E-47), (73, 1.13006566178594E-46), (74, 2.24576229241146E-46), (75, 4.39212238039478E-46), (76, 8.461859493842E-46), (77, 1.60737885914209E-45), (78, 3.01278342041689E-45), (79, 5.57587805700205E-45), (80, 1.01958039987105E-44), (81, 1.84303702426144E-44), (82, 3.2951227345789E-44), (83, 5.82958273561672E-44), (84, 1.02098816658421E-43), (85, 1.77091644114661E-43), (86, 3.04323555672545E-43), (87, 5.18309988338399E-43), (88, 8.75200655865703E-43), (89, 1.46564593928013E-42), (90, 2.43492459497677E-42), (91, 4.01422176709634E-42), (92, 6.56892272995508E-42), (93, 1.0672717182462E-41), (94, 1.72206270794387E-41), (95, 2.76004027111789E-41), (96, 4.39509685001573E-41), (97, 6.95500078512976E-41), (98, 1.09392145413352E-40), (99, 1.71047035112472E-40), (100, 2.659265254355E-40), (101, 4.11146880410178E-40), (102, 6.32252641162985E-40), (103, 9.6718261362611E-40), (104, 1.4720187630254E-39), (105, 2.22928349287536E-39), (106, 3.3598645499121E-39), (107, 5.04008329050963E-39), (108, 7.52602705789623E-39), (109, 1.11881020270905E-38), (110, 1.6559912952404E-38), (111, 2.44071537762552E-38), (112, 3.58243497248148E-38), (113, 5.23702303962104E-38), (114, 7.62565054754635E-38), (115, 1.10610220781841E-37), (116, 1.59837171019765E-37), (117, 2.30123670279392E-37), (118, 3.30127167957092E-37), (119, 4.71923846617466E-37), (120, 6.72304893822204E-37), (121, 9.54544493474059E-37), (122, 1.35080420416555E-36), (123, 1.90539350115564E-36), (124, 2.67917903868466E-36), (125, 3.75553106558495E-36), (126, 5.24832141828438E-36), (127, 7.31265268100274E-36), (128, 1.01592141112094E-35), (129, 1.40734417736122E-35), (130, 1.94410272356812E-35), (131, 2.67817957558686E-35), (132, 3.67945925604012E-35), (133, 5.04166145936983E-35), (134, 6.89016559613937E-35), (135, 9.39230627967145E-35), (136, 1.27708899350498E-34), (137, 1.73219015263893E-34), (138, 2.34376504894122E-34), (139, 3.16369627829474E-34), (140, 4.2604482232976E-34), (141, 5.7241725016753E-34), (142, 7.67332687762058E-34), (143, 1.02632393179303E-33), (144, 1.36971672613466E-33), (145, 1.82405517485252E-33), (146, 2.42393547207923E-33), (147, 3.21436053411365E-33), (148, 4.25375797818066E-33), (149, 5.61784136223259E-33), (150, 7.40454154378096E-33), (151, 9.74029373320934E-33), (152, 1.27880391443204E-32), (153, 1.67573915733881E-32), (154, 2.19175330596481E-32), (155, 2.86135442633737E-32), (156, 3.72870508002842E-32), (157, 4.85022843976534E-32), (158, 6.29789270503226E-32), (159, 8.16334391481621E-32), (160, 1.05630983197874E-31), (161, 1.36450560774437E-31), (162, 1.75966602991023E-31), (163, 2.26551019909443E-31), (164, 2.91200653259287E-31), (165, 3.73696227541318E-31), (166, 4.78800302961949E-31), (167, 6.12503455136289E-31), (168, 7.82330008022373E-31), (169, 9.97717208753887E-31), (170, 1.27048485300016E-30), (171, 1.61541616392011E-30), (172, 2.05097533686557E-30), (173, 2.60019275387679E-30), (174, 3.29175564817692E-30), (175, 4.16135020045256E-30), (176, 5.25331096399868E-30), (177, 6.62264548909875E-30), (178, 8.3375164590216E-30), (179, 1.04822810501849E-29), (180, 1.31612081699894E-29), (181, 1.65030194004097E-29), (182, 2.06664297066809E-29), (183, 2.5846900235068E-29), (184, 3.22848589796673E-29), (185, 4.02756971168162E-29), (186, 5.01819110095209E-29), (187, 6.24478341911702E-29), (188, 7.76174923123692E-29), (189, 9.63562197486859E-29), (190, 1.19476802469314E-28), (191, 1.47971061564889E-28), (192, 1.83047969888779E-28), (193, 2.26179605706673E-28), (194, 2.79156498094048E-28), (195, 3.44154216132609E-28), (196, 4.23813406013274E-28), (197, 5.21335896649539E-28), (198, 6.40599986684786E-28), (199, 7.86298607102006E-28), (200, 9.6410473950514E-28), (201, 1.18086927861663E-27), (202, 1.44485747970751E-27), (203, 1.76603125210772E-27), (204, 2.15638587723027E-27), (205, 2.63035127694699E-27), (206, 3.20526977433576E-27), (207, 3.90196441867809E-27), (208, 4.74541444222284E-27), (209, 5.76555733805806E-27), (210, 6.99824046644222E-27), (211, 8.48634909217059E-27), (212, 1.02811424217313E-26), (213, 1.24438346544989E-26), (214, 1.504746441218E-26), (215, 1.81791033096359E-26), (216, 2.19424630446723E-26), (217, 2.64609704064492E-26), (218, 3.18813912529766E-26), (219, 3.83780980422542E-26), (220, 4.61580912116908E-26), (221, 5.54669029228954E-26), (222, 6.65955328100779E-26), (223, 7.98885898334687E-26), (224, 9.57538426528039E-26), (225, 1.14673413682695E-25), (226, 1.3721688983895E-25), (227, 1.64056666696357E-25), (228, 1.95985893227651E-25), (229, 2.33939442478684E-25), (230, 2.79018400596718E-25), (231, 3.32518643868901E-25), (232, 3.95964162331402E-25), (233, 4.7114589076919E-25), (234, 5.60166925470724E-25), (235, 6.65495140126772E-25), (236, 7.9002436926683E-25), (237, 9.37145505451492E-25), (238, 1.11082906031358E-24), (239, 1.31572097313231E-24), (240, 1.55725371809603E-24), (241, 1.84177506748166E-24), (242, 2.17669721800756E-24), (243, 2.57066938766524E-24), (244, 3.03377744727391E-24), (245, 3.57777467260307E-24), (246, 4.21634829796375E-24), (247, 4.96542723061755E-24), (248, 5.84353705842155E-24), (249, 6.87220936349445E-24), (250, 8.07645335666069E-24), (251, 9.48529898714125E-24), (252, 1.11324219775988E-23), (253, 1.30568627067029E-23), (254, 1.53038525329308E-23), (255, 1.79257630503232E-23), (256, 2.09831959185802E-23), (257, 2.45462333490414E-23), (258, 2.86958720916256E-23), (259, 3.35256668971485E-23), (260, 3.91436129710672E-23), (261, 4.5674300940792E-23), (262, 5.32613823877193E-23), (263, 6.20703891126297E-23), (264, 7.22919550824472E-23), (265, 8.41454965297519E-23), (266, 9.78834130358361E-23), (267, 1.13795880726311E-22), (268, 1.3221631806028E-22), (269, 1.53527615228292E-22), (270, 1.78169230034184E-22), (271, 2.06645266481441E-22), (272, 2.39533667294681E-22), (273, 2.77496668480207E-22), (274, 3.21292682988496E-22), (275, 3.71789801833072E-22), (276, 4.29981124920044E-22), (277, 4.9700216065691E-22), (278, 5.74150563479263E-22), (279, 6.62908512138699E-22), (280, 7.64968069356046E-22), (281, 8.82259905729084E-22), (282, 1.01698581811317E-21), (283, 1.1716555256434E-21), (284, 1.3491282857787E-21), (285, 1.55265993893066E-21), (286, 1.78595606418135E-21), (287, 2.05323201116449E-21), (288, 2.3592806653511E-21), (289, 2.70954890681142E-21), (290, 3.11022383720247E-21), (291, 3.56832997756423E-21), (292, 4.09183878194201E-21), (293, 4.68979197048761E-21), (294, 5.37244036229215E-21), (295, 6.15140008471895E-21), (296, 7.03982825458697E-21), (297, 8.05262046957811E-21), (298, 9.20663271832282E-21), (299, 1.05209306176441E-20), (300, 1.20170692185896E-20), (301, 1.37194069926592E-20), (302, 1.56554580198916E-20), (303, 1.78562868554665E-20), (304, 2.03569510558532E-20), (305, 2.31969969044592E-20), (306, 2.64210144958124E-20), (307, 3.00792590227813E-20), (308, 3.4228345869988E-20), (309, 3.89320279558931E-20), (310, 4.42620646942276E-20), (311, 5.0299192971535E-20), (312, 5.71342116714264E-20), (313, 6.48691925285873E-20), (314, 7.36188314784655E-20), (315, 8.35119561949132E-20), (316, 9.46932071920917E-20), (317, 1.07324911724259E-19), (318, 1.21589171764688E-19), (319, 1.37690189601569E-19), (320, 1.55856857074731E-19), (321, 1.76345637214637E-19), (322, 1.99443770058754E-19), (323, 2.25472837736676E-19), (324, 2.54792727563277E-19), (325, 2.87806035890484E-19), (326, 3.24962959877482E-19), (327, 3.6676672918411E-19), (328, 4.13779634913944E-19), (329, 4.66629718976947E-19), (330, 5.26018193455493E-19), (331, 5.92727666595127E-19), (332, 6.67631259760704E-19), (333, 7.51702708162423E-19), (334, 8.46027547433506E-19), (335, 9.51815498306365E-19), (336, 1.07041417276823E-18), (337, 1.20332423726865E-18), (338, 1.3522161818955E-18), (339, 1.51894885903809E-18), (340, 1.70558997102702E-18), (341, 1.91443870370577E-18), (342, 2.1480507219787E-18), (343, 2.40926576424186E-18), (344, 2.70123809539018E-18), (345, 3.02747010297988E-18), (346, 3.39184934829016E-18), (347, 3.79868941367389E-18), (348, 4.2527749199289E-18), (349, 4.75941112269268E-18), (350, 5.32447853531773E-18), (351, 5.95449306759572E-18), (352, 6.65667221536192E-18), (353, 7.43900788574796E-18), (354, 8.31034649700617E-18), (355, 9.28047705077748E-18), (356, 1.03602279388203E-17), (357, 1.15615733159969E-17), (358, 1.2897749947199E-17), (359, 1.43833855183891E-17), (360, 1.60346394915981E-17), (361, 1.78693576811293E-17), (362, 1.99072418340271E-17), (363, 2.21700356127579E-17), (364, 2.46817285027558E-17), (365, 2.74687793028202E-17), (366, 3.0560361003165E-17), (367, 3.39886290151381E-17), (368, 3.77890148892627E-17), (369, 4.20005478453572E-17), (370, 4.66662066412326E-17), (371, 5.18333045260916E-17), (372, 5.75539102625807E-17), (373, 6.38853084589316E-17), (374, 7.08905027312994E-17), (375, 7.86387655179246E-17), (376, 8.72062386928957E-17), (377, 9.66765894799767E-17), (378, 1.0714172654824E-16), (379, 1.18702581583318E-16), (380, 1.31469962073306E-16), (381, 1.45565481529253E-16), (382, 1.61122573879505E-16), (383, 1.78287599337744E-16), (384, 1.9722104964966E-16), (385, 2.18098861275981E-16), (386, 2.41113845773772E-16), (387, 2.6647724739723E-16), (388, 2.94420438757899E-16), (389, 3.2519676626644E-16), (390, 3.59083558028829E-16), (391, 3.96384307893878E-16), (392, 4.37431050451779E-16), (393, 4.82586942970695E-16), (394, 5.32249071536344E-16), (395, 5.86851500034673E-16), (396, 6.46868582096994E-16), (397, 7.12818557717969E-16), (398, 7.85267457967427E-16), (399, 8.64833343055803E-16), (400, 9.52190900988986E-16), (401, 1.04807643617142E-15), (402, 1.15329327959651E-15), (403, 1.26871765471201E-15), (404, 1.39530503567676E-15), (405, 1.53409703754637E-15), (406, 1.68622888095259E-15), (407, 1.85293747708862E-15), (408, 2.03557018229498E-15), (409, 2.23559427527492E-15), (410, 2.45460721397051E-15), (411, 2.69434773342036E-15), (412, 2.95670785051508E-15), (413, 3.24374584648926E-15), (414, 3.55770030325976E-15), (415, 3.90100527536366E-15), (416, 4.2763066852892E-15), (417, 4.68648003645669E-15), (418, 5.1346495450213E-15), (419, 5.62420879906494E-15), (420, 6.15884306165331E-15), (421, 6.74255334268798E-15), (422, 7.37968237351948E-15), (423, 8.07494262794251E-15), (424, 8.83344654350869E-15), (425, 9.66073910810834E-15), (426, 1.05628329885357E-14), (427, 1.15462463903086E-14), (428, 1.26180438514162E-14), (429, 1.37858801869678E-14), (430, 1.50580478169709E-14), (431, 1.64435277257382E-14), (432, 1.79520443187699E-14), (433, 1.9594124461454E-14), (434, 2.13811610036375E-14), (435, 2.33254811151262E-14), (436, 2.54404197795454E-14), (437, 2.77403988178262E-14), (438, 3.02410118379597E-14), (439, 3.29591155346739E-14), (440, 3.59129277914483E-14), (441, 3.9122133067875E-14), (442, 4.26079955879296E-14), (443, 4.63934808793405E-14), (444, 5.05033862510661E-14), (445, 5.49644808350341E-14), (446, 5.98056558599088E-14), (447, 6.50580858688731E-14), (448, 7.07554016403925E-14), (449, 7.6933875620837E-14), (450, 8.36326207308376E-14), (451, 9.08938034635329E-14), (452, 9.87628722525996E-14), (453, 1.07288802151367E-13), (454, 1.16524356931597E-13), (455, 1.26526369781876E-13), (456, 1.37356043861288E-13), (457, 1.49079274044287E-13), (458, 1.61766991277825E-13), (459, 1.75495531061996E-13), (460, 1.90347027661044E-13), (461, 2.06409835752921E-13), (462, 2.23778981332837E-13), (463, 2.42556643799931E-13), (464, 2.62852671276495E-13), (465, 2.84785131336604E-13), (466, 3.0848089945582E-13), (467, 3.34076287636325E-13), (468, 3.61717715812823E-13), (469, 3.91562428804199E-13), (470, 4.23779261744833E-13), (471, 4.58549457107997E-13), (472, 4.96067536622542E-13), (473, 5.36542231583597E-13), (474, 5.80197475268791E-13), (475, 6.2727346139428E-13), (476, 6.78027772780078E-13), (477, 7.32736584642712E-13), (478, 7.91695947195484E-13), (479, 8.55223152513628E-13), (480, 9.23658190913893E-13), (481, 9.97365302406538E-13), (482, 1.07673462910312E-12), (483, 1.16218397480674E-12), (484, 1.25416067837329E-12), (485, 1.35314360781411E-12), (486, 1.45964528251264E-12), (487, 1.57421413135187E-12), (488, 1.69743689499629E-12), (489, 1.82994118104276E-12), (490, 1.97239818125101E-12), (491, 2.12552556058646E-12), (492, 2.29009052835839E-12), (493, 2.4669131023155E-12), (494, 2.65686957717023E-12), (495, 2.86089620966488E-12), (496, 3.07999313296748E-12), (497, 3.31522851389499E-12), (498, 3.56774296720865E-12), (499, 3.83875424201122E-12), (500, 4.12956219610153E-12), (501, 4.44155407500972E-12), (502, 4.7762101133485E-12), (503, 5.13510947707438E-12), (504, 5.51993656625959E-12), (505, 5.93248769903323E-12), (506, 6.37467819846083E-12), (507, 6.84854990529795E-12), (508, 7.35627914077786E-12), (509, 7.90018514487853E-12), (510, 8.48273901686276E-12), (511, 9.10657318630076E-12), (512, 9.77449144426862E-12), (513, 1.04894795659735E-11), (514, 1.12547165576891E-11), (515, 1.2073586562597E-11), (516, 1.2949691461924E-11), (517, 1.38868642096471E-11), (518, 1.48891829410078E-11), (519, 1.59609858971443E-11), (520, 1.7106887210311E-11), (521, 1.83317935964234E-11), (522, 1.9640922004037E-11), (523, 2.10398182713527E-11), (524, 2.25343768454435E-11), (525, 2.41308616206166E-11), (526, 2.58359279556734E-11), (527, 2.76566459328105E-11), (528, 2.96005249240184E-11), (529, 3.16755395340976E-11), (530, 3.38901569928176E-11), (531, 3.62533660723089E-11), (532, 3.87747076095022E-11), (533, 4.14643067173231E-11), (534, 4.43329067724165E-11), (535, 4.73919052714281E-11), (536, 5.06533916523059E-11), (537, 5.41301871817246E-11), (538, 5.78358870145757E-11), (539, 6.17849045365212E-11), (540, 6.59925181058857E-11), (541, 7.04749203166682E-11), (542, 7.52492699102021E-11), (543, 8.03337464689871E-11), (544, 8.57476080324704E-11), (545, 9.15112517810796E-11), (546, 9.76462779416087E-11), (547, 1.04175557074152E-10), (548, 1.11123300908177E-10), (549, 1.18515136903022E-10), (550, 1.26378186716149E-10), (551, 1.34741148770836E-10), (552, 1.43634385123711E-10), (553, 1.53090012841611E-10), (554, 1.63142000106698E-10), (555, 1.73826267278605E-10), (556, 1.85180793152643E-10), (557, 1.9724572666374E-10), (558, 2.10063504296911E-10), (559, 2.23678973476586E-10), (560, 2.38139522219139E-10), (561, 2.53495215345469E-10), (562, 2.69798937563469E-10), (563, 2.87106543743729E-10), (564, 3.05477016725885E-10), (565, 3.24972633007617E-10), (566, 3.45659136683471E-10), (567, 3.67605922016472E-10), (568, 3.90886225041859E-10), (569, 4.15577324619306E-10), (570, 4.41760753367677E-10), (571, 4.69522518934702E-10), (572, 4.98953336073045E-10), (573, 5.30148870014003E-10), (574, 5.63209991650628E-10), (575, 5.98243045063365E-10), (576, 6.35360127943429E-10), (577, 6.74679385492064E-10), (578, 7.16325318397646E-10), (579, 7.60429105517269E-10), (580, 8.07128941915022E-10), (581, 8.56570392935727E-10), (582, 9.08906765020397E-10), (583, 9.64299493998162E-10), (584, 1.02291855161897E-09), (585, 1.084942871122E-09), (586, 1.15056079266628E-09), (587, 1.21997052948313E-09), (588, 1.29338065564364E-09), (589, 1.37101061637011E-09), (590, 1.45309126185625E-09), (591, 1.53986540559918E-09), (592, 1.63158840828507E-09), (593, 1.72852878831053E-09), (594, 1.83096886006405E-09), (595, 1.93920540113459E-09), (596, 2.05355034965946E-09), (597, 2.17433153306968E-09), (598, 2.30189342953897E-09), (599, 2.43659796349171E-09), (600, 2.57882533657665E-09), (601, 2.72897489556554E-09), (602, 2.88746603869067E-09), (603, 3.05473916199165E-09), (604, 3.23125664729973E-09), (605, 3.41750389354838E-09), (606, 3.61399039316068E-09), (607, 3.82125085532835E-09), (608, 4.0398463780632E-09), (609, 4.27036567097021E-09), (610, 4.51342633076188E-09), (611, 4.76967617160615E-09), (612, 5.03979461247511E-09), (613, 5.3244941237393E-09), (614, 5.62452173533195E-09), (615, 5.94066060888977E-09), (616, 6.27373167636192E-09), (617, 6.62459534766594E-09), (618, 6.99415329005956E-09), (619, 7.38335028199037E-09), (620, 7.79317614428061E-09), (621, 8.22466775160309E-09), (622, 8.67891112730575E-09), (623, 9.15704362474666E-09), (624, 9.66025619840916E-09), (625, 1.01897957681772E-08), (626, 1.07469676802655E-08), (627, 1.13331382684158E-08), (628, 1.19497375190917E-08), (629, 1.25982618445292E-08), (630, 1.32802769676264E-08), (631, 1.39974209227883E-08), (632, 1.47514071769786E-08), (633, 1.55440278753674E-08), (634, 1.63771572161066E-08), (635, 1.72527549589153E-08), (636, 1.81728700723022E-08), (637, 1.91396445244123E-08), (638, 2.01553172226425E-08), (639, 2.12222281073329E-08), (640, 2.23428224050112E-08), (641, 2.35196550468381E-08), (642, 2.47553952580796E-08), (643, 2.60528313246137E-08), (644, 2.74148755426655E-08), (645, 2.88445693581556E-08), (646, 3.0345088702245E-08), (647, 3.19197495298584E-08), (648, 3.35720135681765E-08), (649, 3.53054942823002E-08), (650, 3.71239630655041E-08), (651, 3.9031355661723E-08), (652, 4.10317788281409E-08), (653, 4.31295172459871E-08), (654, 4.53290406878839E-08), (655, 4.76350114503343E-08), (656, 5.00522920601932E-08), (657, 5.25859532642195E-08), (658, 5.52412823110724E-08), (659, 5.80237915353856E-08), (660, 6.09392272538279E-08), (661, 6.39935789833437E-08), (662, 6.71930889920556E-08), (663, 7.05442621936064E-08), (664, 7.40538763960235E-08), (665, 7.77289929164968E-08), (666, 8.15769675737778E-08), (667, 8.56054620702343E-08), (668, 8.98224557759222E-08), (669, 9.42362579273804E-08), (670, 9.88555202541932E-08), (671, 1.03689250046727E-07), (672, 1.08746823678799E-07), (673, 1.14038000599417E-07), (674, 1.19572937808095E-07), (675, 1.25362204828635E-07), (676, 1.31416799196671E-07), (677, 1.37748162476649E-07), (678, 1.44368196824355E-07), (679, 1.51289282111484E-07), (680, 1.58524293629213E-07), (681, 1.66086620388122E-07), (682, 1.73990184032312E-07), (683, 1.82249458385951E-07), (684, 1.90879489651007E-07), (685, 1.99895917275344E-07), (686, 2.0931499551086E-07), (687, 2.19153615681831E-07), (688, 2.2942932918411E-07), (689, 2.40160371236353E-07), (690, 2.51365685404939E-07), (691, 2.63064948924781E-07), (692, 2.75278598838777E-07), (693, 2.88027858979149E-07), (694, 3.01334767814522E-07), (695, 3.15222207187115E-07), (696, 3.29713931965004E-07), (697, 3.44834600635006E-07), (698, 3.60609806862301E-07), (699, 3.77066112043525E-07), (700, 3.94231078880679E-07), (701, 4.1213330600381E-07), (702, 4.30802463671038E-07), (703, 4.50269330575189E-07), (704, 4.70565831786871E-07), (705, 4.91725077864558E-07), (706, 5.1378140516288E-07), (707, 5.3677041737099E-07), (708, 5.60729028313598E-07), (709, 5.85695506047935E-07), (710, 6.11709518290622E-07), (711, 6.3881217920916E-07), (712, 6.67046097613448E-07), (713, 6.96455426583506E-07), (714, 7.27085914570325E-07), (715, 7.58984958007493E-07), (716, 7.92201655472063E-07), (717, 8.26786863433863E-07), (718, 8.62793253633262E-07), (719, 9.00275372128189E-07), (720, 9.39289700052015E-07), (721, 9.79894716124722E-07), (722, 1.02215096096061E-06), (723, 1.0661211032166E-06), (724, 1.11187000762614E-06), (725, 1.15946480496434E-06), (726, 1.20897496399117E-06), (727, 1.26047236542006E-06), (728, 1.31403137796041E-06), (729, 1.36972893648318E-06), (730, 1.42764462235988E-06), (731, 1.48786074602585E-06), (732, 1.55046243181999E-06), (733, 1.61553770515374E-06), (734, 1.68317758206315E-06), (735, 1.75347616119892E-06), (736, 1.82653071830993E-06), (737, 1.90244180327713E-06), (738, 1.9813133397552E-06), (739, 2.06325272748077E-06), (740, 2.14837094730653E-06), (741, 2.23678266902196E-06), (742, 2.328606362022E-06), (743, 2.42396440888625E-06), (744, 2.5229832219322E-06), (745, 2.62579336280684E-06), (746, 2.73252966518224E-06), (747, 2.84333136062154E-06), (748, 2.95834220768282E-06), (749, 3.07771062432937E-06), (750, 3.20158982371581E-06), (751, 3.33013795342074E-06), (752, 3.46351823819725E-06), (753, 3.60189912631404E-06), (754, 3.7454544395607E-06), (755, 3.89436352699165E-06), (756, 4.04881142248458E-06), (757, 4.20898900618987E-06), (758, 4.37509316994884E-06), (759, 4.54732698675939E-06), (760, 4.7258998843689E-06), (761, 4.91102782307502E-06), (762, 5.10293347781631E-06), (763, 5.30184642463527E-06), (764, 5.5080033315978E-06), (765, 5.72164815425377E-06), (766, 5.94303233572449E-06), (767, 6.17241501150403E-06), (768, 6.41006321906204E-06), (769, 6.65625211233697E-06), (770, 6.91126518120942E-06), (771, 7.17539447604627E-06), (772, 7.44894083740754E-06), (773, 7.73221413100834E-06), (774, 8.0255334880297E-06), (775, 8.32922755087283E-06), (776, 8.64363472445207E-06), (777, 8.96910343312317E-06), (778, 9.30599238334394E-06), (779, 9.65467083216561E-06), (780, 1.00155188616537E-05), (781, 1.03889276593386E-05), (782, 1.07752998047961E-05), (783, 1.11750495624601E-05), (784, 1.15886031807692E-05), (785, 1.20163991977505E-05), (786, 1.24588887531449E-05), (787, 1.29165359071777E-05), (788, 1.33898179660815E-05), (789, 1.3879225814475E-05), (790, 1.4385264254707E-05), (791, 1.49084523532719E-05), (792, 1.5449323794404E-05), (793, 1.60084272409611E-05), (794, 1.65863267027053E-05), (795, 1.71836019120914E-05), (796, 1.78008487076726E-05), (797, 1.8438679425236E-05), (798, 1.90977232967769E-05), (799, 1.9778626857426E-05), (800, 2.04820543604398E-05), (801, 2.12086882003685E-05), (802, 2.19592293445123E-05), (803, 2.27343977727817E-05), (804, 2.35349329260729E-05), (805, 2.43615941632742E-05), (806, 2.52151612270153E-05), (807, 2.60964347182758E-05), (808, 2.70062365799643E-05), (809, 2.7945410589586E-05), (810, 2.89148228611088E-05), (811, 2.99153623561467E-05), (812, 3.09479414045709E-05), (813, 3.2013496234665E-05), (814, 3.31129875129381E-05), (815, 3.42474008937082E-05), (816, 3.54177475785718E-05), (817, 3.66250648858702E-05), (818, 3.78704168302681E-05), (819, 3.91548947125551E-05), (820, 4.04796177197833E-05), (821, 4.18457335358519E-05), (822, 4.32544189626504E-05), (823, 4.47068805518704E-05), (824, 4.62043552475962E-05), (825, 4.77481110397821E-05), (826, 4.93394476287269E-05), (827, 5.09796971006499E-05), (828, 5.26702246144779E-05), (829, 5.44124290999463E-05), (830, 5.62077439671203E-05), (831, 5.80576378274391E-05), (832, 5.99636152263847E-05), (833, 6.19272173878772E-05), (834, 6.39500229704959E-05), (835, 6.60336488356239E-05), (836, 6.8179750827614E-05), (837, 7.03900245660706E-05), (838, 7.26662062503416E-05), (839, 7.5010073476312E-05), (840, 7.74234460655904E-05), (841, 7.99081869071759E-05), (842, 8.24662028116927E-05), (843, 8.50994453782774E-05), (844, 8.78099118742004E-05), (845, 9.05996461273044E-05), (846, 9.34707394313345E-05), (847, 9.64253314642408E-05), (848, 9.94656112195229E-05), (849, 0.000102593817950691), (850, 0.000105812242128909), (851, 0.000109123226413891), (852, 0.000112529166638107), (853, 0.000116032512804366), (854, 0.000119635770096833), (855, 0.000123341499905528), (856, 0.000127152320864371), (857, 0.000131070909902807), (858, 0.000135100003311074), (859, 0.000139242397819139), (860, 0.000143500951689355), (861, 0.000147878585822864), (862, 0.000152378284879789), (863, 0.000157003098413227), (864, 0.00016175614201709), (865, 0.000166640598487791), (866, 0.000171659718999812), (867, 0.000176816824295152), (868, 0.000182115305886673), (869, 0.000187558627275348), (870, 0.000193150325181404), (871, 0.000198894010789362), (872, 0.000204793371006967), (873, 0.000210852169737995), (874, 0.000217074249168906), (875, 0.000223463531069343), (876, 0.000230024018106435), (877, 0.000236759795172869), (878, 0.00024367503072871), (879, 0.000250773978156909), (880, 0.00025806097713246), (881, 0.000265540455005163), (882, 0.000273216928195907), (883, 0.000281095003606442), (884, 0.000289179380042553), (885, 0.000297474849650559), (886, 0.000305986299367067), (887, 0.000314718712381891), (888, 0.000323677169614043), (889, 0.00033286685120069), (890, 0.000342293037998997), (891, 0.000351961113100714), (892, 0.000361876563359415), (893, 0.000372044980930259), (894, 0.000382472064822136), (895, 0.000393163622462075), (896, 0.000404125571271764), (897, 0.000415363940256037), (898, 0.000426884871603168), (899, 0.000438694622296814), (900, 0.00045079956573944), (901, 0.000463206193387045), (902, 0.000475921116395003), (903, 0.000488951067274845), (904, 0.000502302901561764), (905, 0.000515983599492657), (906, 0.000530000267694475), (907, 0.000544360140882686), (908, 0.000559070583569592), (909, 0.000574139091782305), (910, 0.000589573294790104), (911, 0.000605380956840954), (912, 0.000621569978906909), (913, 0.000638148400438152), (914, 0.000655124401125387), (915, 0.000672506302670319), (916, 0.00069030257056391), (917, 0.000708521815872153), (918, 0.00072717279702902), (919, 0.000746264421636312), (920, 0.000765805748270061), (921, 0.000785805988293181), (922, 0.000806274507674016), (923, 0.000827220828810458), (924, 0.000848654632359273), (925, 0.000870585759070282), (926, 0.000893024211625029), (927, 0.000915980156479562), (928, 0.000939463925710947), (929, 0.000963486018867115), (930, 0.000988057104819661), (931, 0.00101318802361916), (932, 0.00103888978835262), (933, 0.00106517358700263), (934, 0.00109205078430773), (935, 0.0011195329236237), (936, 0.0011476317287851), (937, 0.00117635910596688), (938, 0.00120572714554527), (939, 0.00123574812395787), (940, 0.00126643450556206), (941, 0.00129779894449153), (942, 0.00132985428651032), (943, 0.00136261357086387), (944, 0.00139609003212661), (945, 0.00143029710204549), (946, 0.00146524841137904), (947, 0.00150095779173134), (948, 0.00153743927738034), (949, 0.0015747071071001), (950, 0.00161277572597626), (951, 0.00165165978721424), (952, 0.00169137415393962), (953, 0.00173193390099005), (954, 0.00177335431669821), (955, 0.00181565090466505), (956, 0.00185883938552299), (957, 0.00190293569868812), (958, 0.00194795600410116), (959, 0.00199391668395621), (960, 0.00204083434441692), (961, 0.00208872581731938), (962, 0.00213760816186093), (963, 0.00218749866627455), (964, 0.00223841484948787), (965, 0.00229037446276633), (966, 0.00234339549133983), (967, 0.00239749615601201), (968, 0.00245269491475176), (969, 0.00250901046426604), (970, 0.00256646174155349), (971, 0.00262506792543803), (972, 0.0026848484380818), (973, 0.00274582294647675), (974, 0.00280801136391418), (975, 0.00287143385143141), (976, 0.00293611081923511), (977, 0.00300206292810024), (978, 0.00306931109074418), (979, 0.00313787647317516), (980, 0.00320778049601429), (981, 0.00327904483579046), (982, 0.00335169142620741), (983, 0.00342574245938217), (984, 0.00350122038705415), (985, 0.00357814792176418), (986, 0.0036565480380027), (987, 0.00373644397332631), (988, 0.0038178592294421), (989, 0.00390081757325877), (990, 0.00398534303790398), (991, 0.00407145992370709), (992, 0.00415919279914652), (993, 0.00424856650176101), (994, 0.00433960613902403), (995, 0.00443233708918051), (996, 0.00452678500204525), (997, 0.00462297579976209), (998, 0.00472093567752328), (999, 0.00482069110424811), (1000, 0.00492226882322016), (1001, 0.00502569585268233), (1002, 0.00513099948638902), (1003, 0.00523820729411457), (1004, 0.00534734712211726), (1005, 0.00545844709355822), (1006, 0.0055715356088743), (1007, 0.00568664134610436), (1008, 0.00580379326116814), (1009, 0.00592302058809698), (1010, 0.00604435283921566), (1011, 0.00616781980527465), (1012, 0.00629345155553207), (1013, 0.00642127843778456), (1014, 0.00655133107834641), (1015, 0.00668364038197622), (1016, 0.00681823753175045), (1017, 0.00695515398888297), (1018, 0.00709442149249021), (1019, 0.00723607205930093), (1020, 0.00738013798331014), (1021, 0.00752665183537643), (1022, 0.00767564646276195), (1023, 0.00782715498861461), (1024, 0.00798121081139156), (1025, 0.00813784760422358), (1026, 0.00829709931421956), (1027, 0.00845900016171053), (1028, 0.0086235846394326), (1029, 0.0087908875116482), (1030, 0.00896094381320508), (1031, 0.00913378884853235), (1032, 0.0093094581905732), (1033, 0.00948798767965342), (1034, 0.00966941342228553), (1035, 0.00985377178990769), (1036, 0.010041099417557), (1037, 0.0102314332024766), (1038, 0.0104248103026561), (1039, 0.010621268135305), (1040, 0.010820844375258), (1041, 0.0110235769533128), (1042, 0.0112295040544988), (1043, 0.011438664116277), (1044, 0.0116510958266707), (1045, 0.0118668381223254), (1046, 0.0120859301864996), (1047, 0.0123084114469844), (1048, 0.0125343215739515), (1049, 0.012763700477731), (1050, 0.0129965883065166), (1051, 0.0132330254439987), (1052, 0.0134730525069257), (1053, 0.0137167103425922), (1054, 0.0139640400262543), (1055, 0.014215082858472), (1056, 0.0144698803623778), (1057, 0.0147284742808715), (1058, 0.0149909065737419), (1059, 0.0152572194147133), (1060, 0.0155274551884189), (1061, 0.0158016564872989), (1062, 0.0160798661084244), (1063, 0.0163621270502471), (1064, 0.0166484825092732), (1065, 0.0169389758766635), (1066, 0.0172336507347579), (1067, 0.0175325508535258), (1068, 0.0178357201869403), (1069, 0.0181432028692786), (1070, 0.018455043211347), (1071, 0.0187712856966308), (1072, 0.0190919749773698), (1073, 0.0194171558705588), (1074, 0.0197468733538736), (1075, 0.0200811725615221), (1076, 0.0204200987800215), (1077, 0.020763697443901), (1078, 0.0211120141313307), (1079, 0.0214650945596761), (1080, 0.0218229845809799), (1081, 0.0221857301773697), (1082, 0.0225533774563929), (1083, 0.0229259726462792), (1084, 0.0233035620911295), (1085, 0.0236861922460345), (1086, 0.0240739096721197), (1087, 0.0244667610315203), (1088, 0.0248647930822843), (1089, 0.0252680526732061), (1090, 0.0256765867385887), (1091, 0.0260904422929373), (1092, 0.0265096664255838), (1093, 0.0269343062952417), (1094, 0.0273644091244943), (1095, 0.0278000221942145), (1096, 0.0282411928379179), (1097, 0.0286879684360501), (1098, 0.0291403964102078), (1099, 0.0295985242172948), (1100, 0.0300623993436149), (1101, 0.0305320692988991), (1102, 0.0310075816102725), (1103, 0.0314889838161565), (1104, 0.0319763234601118), (1105, 0.0324696480846194), (1106, 0.0329690052248026), (1107, 0.03347444240209), (1108, 0.0339860071178201), (1109, 0.0345037468467889), (1110, 0.0350277090307418), (1111, 0.0355579410718093), (1112, 0.0360944903258889), (1113, 0.0366374040959733), (1114, 0.0371867296254265), (1115, 0.0377425140912081), (1116, 0.0383048045970479), (1117, 0.03887364816657), (1118, 0.0394490917363702), (1119, 0.0400311821490447), (1120, 0.0406199661461746), (1121, 0.0412154903612635), (1122, 0.0418178013126328), (1123, 0.0424269453962745), (1124, 0.0430429688786613), (1125, 0.0436659178895185), (1126, 0.0442958384145553), (1127, 0.0449327762881597), (1128, 0.0455767771860565), (1129, 0.0462278866179301), (1130, 0.0468861499200142), (1131, 0.0475516122476486), (1132, 0.0482243185678049), (1133, 0.0489043136515829), (1134, 0.0495916420666788), (1135, 0.0502863481698254), (1136, 0.0509884760992086), (1137, 0.0516980697668581), (1138, 0.0524151728510171), (1139, 0.0531398287884892), (1140, 0.0538720807669674), (1141, 0.0546119717173435), (1142, 0.0553595443060019), (1143, 0.0561148409270972), (1144, 0.0568779036948199), (1145, 0.0576487744356479), (1146, 0.0584274946805897), (1147, 0.0592141056574171), (1148, 0.0600086482828914), (1149, 0.0608111631549839), (1150, 0.0616216905450919), (1151, 0.0624402703902528), (1152, 0.0632669422853569), (1153, 0.0641017454753614), (1154, 0.0649447188475069), (1155, 0.0657959009235373), (1156, 0.0666553298519267), (1157, 0.0675230434001131), (1158, 0.0683990789467412), (1159, 0.0692834734739167), (1160, 0.0701762635594723), (1161, 0.0710774853692492), (1162, 0.0719871746493933), (1163, 0.0729053667186705), (1164, 0.0738320964608002), (1165, 0.074767398316811), (1166, 0.0757113062774187), (1167, 0.0766638538754296), (1168, 0.0776250741781699), (1169, 0.0785949997799428), (1170, 0.0795736627945166), (1171, 0.0805610948476436), (1172, 0.0815573270696132), (1173, 0.0825623900878389), (1174, 0.0835763140194842), (1175, 0.0845991284641251), (1176, 0.0856308624964549), (1177, 0.0866715446590298), (1178, 0.0877212029550592), (1179, 0.0887798648412417), (1180, 0.0898475572206483), (1181, 0.0909243064356545), (1182, 0.0920101382609243), (1183, 0.0931050778964459), (1184, 0.0942091499606222), (1185, 0.0953223784834173), (1186, 0.0964447868995611), (1187, 0.0975763980418129), (1188, 0.0987172341342869), (1189, 0.0998673167858401), (1190, 0.101026666983525), (1191, 0.102195305086109), (1192, 0.103373250817661), (1193, 0.104560523261207), (1194, 0.105757140852462), (1195, 0.106963121373625), (1196, 0.108178481947259), (1197, 0.109403239030242), (1198, 0.110637408407793), (1199, 0.111881005187585), (1200, 0.113134043793933), (1201, 0.114396537962064), (1202, 0.115668500732477), (1203, 0.116949944445385), (1204, 0.118240880735238), (1205, 0.119541320525349), (1206, 0.120851274022594), (1207, 0.122170750712218), (1208, 0.123499759352724), (1209, 0.124838307970859), (1210, 0.126186403856698), (1211, 0.127544053558828), (1212, 0.128911262879618), (1213, 0.130288036870608), (1214, 0.131674379827981), (1215, 0.133070295288152), (1216, 0.134475786023451), (1217, 0.135890854037919), (1218, 0.137315500563205), (1219, 0.138749726054572), (1220, 0.140193530187015), (1221, 0.141646911851486), (1222, 0.143109869151232), (1223, 0.144582399398246), (1224, 0.14606449910983), (1225, 0.147556164005271), (1226, 0.149057389002642), (1227, 0.150568168215706), (1228, 0.152088494950951), (1229, 0.153618361704736), (1230, 0.15515776016056), (1231, 0.156706681186449), (1232, 0.158265114832469), (1233, 0.159833050328359), (1234, 0.16141047608129), (1235, 0.162997379673743), (1236, 0.164593747861516), (1237, 0.166199566571861), (1238, 0.167814820901739), (1239, 0.169439495116208), (1240, 0.171073572646938), (1241, 0.172717036090858), (1242, 0.174369867208922), (1243, 0.176032046925022), (1244, 0.177703555325014), (1245, 0.179384371655886), (1246, 0.181074474325057), (1247, 0.182773840899805), (1248, 0.184482448106826), (1249, 0.186200271831935), (1250, 0.187927287119886), (1251, 0.189663468174345), (1252, 0.191408788357976), (1253, 0.193163220192679), (1254, 0.194926735359954), (1255, 0.196699304701401), (1256, 0.198480898219355), (1257, 0.20027148507766), (1258, 0.202071033602576), (1259, 0.203879511283818), (1260, 0.205696884775738), (1261, 0.207523119898638), (1262, 0.209358181640218), (1263, 0.211202034157164), (1264, 0.213054640776869), (1265, 0.214915963999289), (1266, 0.216785965498937), (1267, 0.218664606127008), (1268, 0.220551845913645), (1269, 0.222447644070336), (1270, 0.224351958992449), (1271, 0.226264748261894), (1272, 0.228185968649929), (1273, 0.230115576120096), (1274, 0.232053525831285), (1275, 0.23399977214094), (1276, 0.235954268608394), (1277, 0.237916967998332), (1278, 0.239887822284391), (1279, 0.24186678265289), (1280, 0.243853799506692), (1281, 0.24584882246919), (1282, 0.247851800388427), (1283, 0.249862681341347), (1284, 0.251881412638171), (1285, 0.253907940826896), (1286, 0.25594221169793), (1287, 0.257984170288846), (1288, 0.260033760889262), (1289, 0.262090927045849), (1290, 0.264155611567455), (1291, 0.26622775653036), (1292, 0.268307303283646), (1293, 0.270394192454691), (1294, 0.27248836395478), (1295, 0.274589756984839), (1296, 0.276698310041279), (1297, 0.278813960921967), (1298, 0.2809366467323), (1299, 0.283066303891406), (1300, 0.285202868138448), (1301, 0.287346274539044), (1302, 0.289496457491801), (1303, 0.291653350734952), (1304, 0.293816887353104), (1305, 0.2959869997841), (1306, 0.298163619825971), (1307, 0.300346678644011), (1308, 0.302536106777941), (1309, 0.304731834149179), (1310, 0.306933790068217), (1311, 0.309141903242085), (1312, 0.311356101781922), (1313, 0.313576313210639), (1314, 0.315802464470678), (1315, 0.318034481931863), (1316, 0.320272291399344), (1317, 0.32251581812163), (1318, 0.324764986798709), (1319, 0.32701972159026), (1320, 0.329279946123944), (1321, 0.331545583503785), (1322, 0.333816556318627), (1323, 0.336092786650676), (1324, 0.338374196084119), (1325, 0.34066070571382), (1326, 0.342952236154092), (1327, 0.345248707547544), (1328, 0.347550039573995), (1329, 0.349856151459466), (1330, 0.352166961985233), (1331, 0.354482389496952), (1332, 0.356802351913845), (1333, 0.359126766737955), (1334, 0.361455551063453), (1335, 0.363788621586014), (1336, 0.366125894612247), (1337, 0.368467286069178), (1338, 0.370812711513791), (1339, 0.373162086142621), (1340, 0.375515324801395), (1341, 0.37787234199472), (1342, 0.380233051895826), (1343, 0.382597368356343), (1344, 0.384965204916127), (1345, 0.387336474813124), (1346, 0.389711090993279), (1347, 0.392088966120471), (1348, 0.394470012586493), (1349, 0.396854142521062), (1350, 0.399241267801856), (1351, 0.401631300064591), (1352, 0.404024150713112), (1353, 0.406419730929517), (1354, 0.408817951684309), (1355, 0.411218723746557), (1356, 0.413621957694086), (1357, 0.416027563923685), (1358, 0.418435452661326), (1359, 0.420845533972397), (1360, 0.423257717771953), (1361, 0.425671913834967), (1362, 0.428088031806601), (1363, 0.430505981212473), (1364, 0.432925671468929), (1365, 0.435347011893328), (1366, 0.43776991171431), (1367, 0.44019428008208), (1368, 0.442620026078674), (1369, 0.445047058728227), (1370, 0.447475287007233), (1371, 0.449904619854797), (1372, 0.452334966182869), (1373, 0.454766234886472), (1374, 0.457198334853916), (1375, 0.459631174976986), (1376, 0.462064664161123), (1377, 0.464498711335574), (1378, 0.46693322546353), (1379, 0.469368115552231), (1380, 0.471803290663049), (1381, 0.474238659921545), (1382, 0.476674132527492), (1383, 0.479109617764869), (1384, 0.481545025011826), (1385, 0.483980263750606), (1386, 0.486415243577434), (1387, 0.488849874212374), (1388, 0.491284065509133), (1389, 0.493717727464838), (1390, 0.496150770229756), (1391, 0.498583104116978), (1392, 0.501014639612055), (1393, 0.503445287382581), (1394, 0.505874958287731), (1395, 0.508303563387746), (1396, 0.510731013953361), (1397, 0.513157221475189), (1398, 0.515582097673033), (1399, 0.518005554505156), (1400, 0.520427504177476), (1401, 0.522847859152718), (1402, 0.525266532159487), (1403, 0.527683436201288), (1404, 0.530098484565476), (1405, 0.532511590832139), (1406, 0.534922668882918), (1407, 0.537331632909751), (1408, 0.539738397423553), (1409, 0.542142877262815), (1410, 0.544544987602139), (1411, 0.546944643960692), (1412, 0.549341762210588), (1413, 0.551736258585189), (1414, 0.554128049687331), (1415, 0.556517052497466), (1416, 0.558903184381727), (1417, 0.561286363099915), (1418, 0.563666506813386), (1419, 0.566043534092878), (1420, 0.56841736392623), (1421, 0.570787915726031), (1422, 0.57315510933717), (1423, 0.575518865044306), (1424, 0.577879103579243), (1425, 0.580235746128215), (1426, 0.582588714339085), (1427, 0.584937930328442), (1428, 0.587283316688616), (1429, 0.589624796494586), (1430, 0.591962293310806), (1431, 0.594295731197926), (1432, 0.596625034719418), (1433, 0.59895012894811), (1434, 0.601270939472613), (1435, 0.603587392403657), (1436, 0.605899414380321), (1437, 0.60820693257617), (1438, 0.610509874705279), (1439, 0.612808169028173), (1440, 0.615101744357644), (1441, 0.617390530064486), (1442, 0.619674456083109), (1443, 0.621953452917059), (1444, 0.624227451644431), (1445, 0.626496383923179), (1446, 0.628760181996316), (1447, 0.631018778697013), (1448, 0.633272107453587), (1449, 0.635520102294388), (1450, 0.637762697852576), (1451, 0.63999982937079), (1452, 0.642231432705709), (1453, 0.644457444332509), (1454, 0.646677801349207), (1455, 0.648892441480903), (1456, 0.651101303083902), (1457, 0.653304325149741), (1458, 0.655501447309099), (1459, 0.657692609835596), (1460, 0.659877753649492), (1461, 0.662056820321266), (1462, 0.664229752075093), (1463, 0.666396491792209), (1464, 0.668556983014167), (1465, 0.670711169945982), (1466, 0.672858997459169), (1467, 0.675000411094671), (1468, 0.677135357065678), (1469, 0.679263782260332), (1470, 0.681385634244334), (1471, 0.683500861263428), (1472, 0.685609412245791), (1473, 0.687711236804299), (1474, 0.689806285238698), (1475, 0.69189450853766), (1476, 0.693975858380733), (1477, 0.69605028714018), (1478, 0.698117747882719), (1479, 0.700178194371146), (1480, 0.702231581065855), (1481, 0.704277863126258), (1482, 0.706316996412089), (1483, 0.70834893748461), (1484, 0.710373643607705), (1485, 0.712391072748877), (1486, 0.714401183580136), (1487, 0.716403935478782), (1488, 0.718399288528091), (1489, 0.720387203517888), (1490, 0.72236764194503), (1491, 0.724340566013778), (1492, 0.72630593863607), (1493, 0.728263723431696), (1494, 0.73021388472837), (1495, 0.732156387561706), (1496, 0.73409119767509), (1497, 0.736018281519461), (1498, 0.737937606252987), (1499, 0.739849139740648), (1500, 0.741752850553727), (1501, 0.743648707969197), (1502, 0.745536681969017), (1503, 0.747416743239342), (1504, 0.749288863169625), (1505, 0.751153013851636), (1506, 0.753009168078391), (1507, 0.754857299342985), (1508, 0.756697381837335), (1509, 0.758529390450841), (1510, 0.760353300768947), (1511, 0.762169089071625), (1512, 0.763976732331767), (1513, 0.765776208213494), (1514, 0.767567495070377), (1515, 0.769350571943576), (1516, 0.771125418559893), (1517, 0.772892015329753), (1518, 0.774650343345085), (1519, 0.776400384377145), (1520, 0.778142120874239), (1521, 0.779875535959383), (1522, 0.781600613427876), (1523, 0.783317337744801), (1524, 0.78502569404245), (1525, 0.786725668117674), (1526, 0.788417246429155), (1527, 0.790100416094618), (1528, 0.791775164887953), (1529, 0.793441481236287), (1530, 0.795099354216967), (1531, 0.796748773554489), (1532, 0.798389729617354), (1533, 0.800022213414853), (1534, 0.801646216593798), (1535, 0.803261731435179), (1536, 0.804868750850758), (1537, 0.806467268379609), (1538, 0.808057278184588), (1539, 0.809638775048746), (1540, 0.811211754371687), (1541, 0.812776212165861), (1542, 0.814332145052804), (1543, 0.815879550259323), (1544, 0.817418425613627), (1545, 0.818948769541398), (1546, 0.820470581061817), (1547, 0.821983859783536), (1548, 0.823488605900598), (1549, 0.824984820188311), (1550, 0.826472503999067), (1551, 0.827951659258128), (1552, 0.829422288459345), (1553, 0.830884394660856), (1554, 0.832337981480721), (1555, 0.83378305309252), (1556, 0.83521961422092), (1557, 0.836647670137183), (1558, 0.838067226654649), (1559, 0.839478290124174), (1560, 0.840880867429534), (1561, 0.842274965982791), (1562, 0.843660593719623), (1563, 0.845037759094621), (1564, 0.846406471076558), (1565, 0.847766739143614), (1566, 0.849118573278586), (1567, 0.850461983964053), (1568, 0.851796982177523), (1569, 0.85312357938655), (1570, 0.854441787543819), (1571, 0.855751619082215), (1572, 0.85705308690986), (1573, 0.858346204405127), (1574, 0.859630985411639), (1575, 0.860907444233236), (1576, 0.862175595628929), (1577, 0.863435454807838), (1578, 0.864687037424099), (1579, 0.865930359571764), (1580, 0.867165437779686), (1581, 0.868392289006381), (1582, 0.869610930634881), (1583, 0.870821380467572), (1584, 0.872023656721025), (1585, 0.873217778020802), (1586, 0.874403763396269), (1587, 0.87558163227539), (1588, 0.87675140447951), (1589, 0.87791310021814), (1590, 0.879066740083723), (1591, 0.880212345046413), (1592, 0.881349936448823), (1593, 0.882479536000798), (1594, 0.883601165774163), (1595, 0.88471484819748), (1596, 0.8858206060508), (1597, 0.886918462460418), (1598, 0.888008440893626), (1599, 0.889090565153468), (1600, 0.890164859373498), (1601, 0.891231348012542), (1602, 0.89229005584946), (1603, 0.893341007977922), (1604, 0.894384229801179), (1605, 0.895419747026846), (1606, 0.896447585661693), (1607, 0.897467772006444), (1608, 0.89848033265058), (1609, 0.899485294467161), (1610, 0.900482684607648), (1611, 0.901472530496745), (1612, 0.902454859827245), (1613, 0.903429700554901), (1614, 0.904397080893292), (1615, 0.905357029308721), (1616, 0.906309574515116), (1617, 0.907254745468955), (1618, 0.908192571364199), (1619, 0.90912308162725), (1620, 0.910046305911915), (1621, 0.910962274094408), (1622, 0.911871016268345), (1623, 0.912772562739781), (1624, 0.913666944022255), (1625, 0.914554190831859), (1626, 0.915434334082327), (1627, 0.916307404880148), (1628, 0.9171734345197), (1629, 0.918032454478408), (1630, 0.918884496411923), (1631, 0.919729592149329), (1632, 0.920567773688373), (1633, 0.921399073190715), (1634, 0.922223522977217), (1635, 0.923041155523241), (1636, 0.923852003453988), (1637, 0.924656099539859), (1638, 0.925453476691837), (1639, 0.926244167956912), (1640, 0.927028206513518), (1641, 0.927805625667013), (1642, 0.928576458845179), (1643, 0.929340739593754), (1644, 0.930098501572), (1645, 0.930849778548294), (1646, 0.931594604395752), (1647, 0.932333013087888), (1648, 0.933065038694303), (1649, 0.933790715376401), (1650, 0.934510077383147), (1651, 0.935223159046849), (1652, 0.935929994778981), (1653, 0.936630619066031), (1654, 0.93732506646539), (1655, 0.938013371601271), (1656, 0.938695569160665), (1657, 0.939371693889327), (1658, 0.940041780587806), (1659, 0.940705864107498), (1660, 0.941363979346745), (1661, 0.942016161246963), (1662, 0.94266244478881), (1663, 0.943302864988386), (1664, 0.943937456893473), (1665, 0.944566255579813), (1666, 0.945189296147413), (1667, 0.9458066137169), (1668, 0.946418243425903), (1669, 0.947024220425479), (1670, 0.947624579876568), (1671, 0.948219356946499), (1672, 0.948808586805514), (1673, 0.949392304623354), (1674, 0.949970545565859), (1675, 0.950543344791624), (1676, 0.951110737448683), (1677, 0.951672758671236), (1678, 0.952229443576407), (1679, 0.952780827261056), (1680, 0.95332694479861), (1681, 0.953867831235946), (1682, 0.954403521590307), (1683, 0.954934050846259), (1684, 0.955459453952684), (1685, 0.955979765819813), (1686, 0.956495021316298), (1687, 0.957005255266322), (1688, 0.957510502446751), (1689, 0.958010797584314), (1690, 0.958506175352837), (1691, 0.958996670370504), (1692, 0.959482317197161), (1693, 0.959963150331657), (1694, 0.960439204209228), (1695, 0.960910513198909), (1696, 0.961377111601001), (1697, 0.961839033644556), (1698, 0.962296313484922), (1699, 0.962748985201304), (1700, 0.963197082794384), (1701, 0.963640640183964), (1702, 0.964079691206655), (1703, 0.964514269613599), (1704, 0.964944409068232), (1705, 0.965370143144086), (1706, 0.965791505322621), (1707, 0.966208528991106), (1708, 0.966621247440527), (1709, 0.967029693863536), (1710, 0.967433901352438), (1711, 0.967833902897216), (1712, 0.968229731383589), (1713, 0.968621419591108), (1714, 0.969009000191288), (1715, 0.969392505745779), (1716, 0.969771968704573), (1717, 0.970147421404239), (1718, 0.970518896066208), (1719, 0.970886424795076), (1720, 0.971250039576963), (1721, 0.971609772277884), (1722, 0.971965654642177), (1723, 0.972317718290951), (1724, 0.972665994720574), (1725, 0.973010515301197), (1726, 0.973351311275306), (1727, 0.973688413756317), (1728, 0.974021853727195), (1729, 0.974351662039115), (1730, 0.974677869410152), (1731, 0.975000506424004), (1732, 0.975319603528749), (1733, 0.975635191035633), (1734, 0.975947299117895), (1735, 0.976255957809617), (1736, 0.976561197004614), (1737, 0.976863046455347), (1738, 0.977161535771875), (1739, 0.977456694420836), (1740, 0.977748551724453), (1741, 0.978037136859581), (1742, 0.978322478856777), (1743, 0.978604606599402), (1744, 0.978883548822754), (1745, 0.979159334113229), (1746, 0.979431990907514), (1747, 0.979701547491804), (1748, 0.979968032001055), (1749, 0.980231472418259), (1750, 0.980491896573751), (1751, 0.980749332144544), (1752, 0.981003806653688), (1753, 0.981255347469665), (1754, 0.981503981805796), (1755, 0.981749736719697), (1756, 0.981992639112736), (1757, 0.98223271572954), (1758, 0.982469993157511), (1759, 0.982704497826378), (1760, 0.982936256007769), (1761, 0.98316529381481), (1762, 0.983391637201751), (1763, 0.983615311963612), (1764, 0.983836343735856), (1765, 0.984054757994093), (1766, 0.98427058005379), (1767, 0.984483835070024), (1768, 0.984694548037247), (1769, 0.984902743789074), (1770, 0.985108446998103), (1771, 0.985311682175744), (1772, 0.98551247367208), (1773, 0.985710845675748), (1774, 0.985906822213836), (1775, 0.98610042715181), (1776, 0.986291684193454), (1777, 0.986480616880834), (1778, 0.986667248594287), (1779, 0.986851602552417), (1780, 0.98703370181213), (1781, 0.987213569268667), (1782, 0.987391227655674), (1783, 0.987566699545281), (1784, 0.987740007348205), (1785, 0.987911173313866), (1786, 0.988080219530525), (1787, 0.988247167925442), (1788, 0.988412040265041), (1789, 0.98857485815511), (1790, 0.988735643040998), (1791, 0.988894416207844), (1792, 0.989051198780816), (1793, 0.989206011725366), (1794, 0.989358875847501), (1795, 0.989509811794073), (1796, 0.989658840053079), (1797, 0.989805980953983), (1798, 0.989951254668044), (1799, 0.990094681208665), (1800, 0.990236280431757), (1801, 0.990376072036109), (1802, 0.990514075563785), (1803, 0.990650310400517), (1804, 0.990784795776131), (1805, 0.990917550764968), (1806, 0.991048594286331), (1807, 0.991177945104936), (1808, 0.991305621831378), (1809, 0.991431642922612), (1810, 0.991556026682441), (1811, 0.991678791262016), (1812, 0.991799954660354), (1813, 0.991919534724854), (1814, 0.992037549151837), (1815, 0.992154015487088), (1816, 0.992268951126412), (1817, 0.992382373316198), (1818, 0.992494299153995), (1819, 0.992604745589096), (1820, 0.99271372942313), (1821, 0.992821267310665), (1822, 0.992927375759821), (1823, 0.99303207113289), (1824, 0.993135369646962), (1825, 0.993237287374562), (1826, 0.993337840244298), (1827, 0.993437044041509), (1828, 0.993534914408927), (1829, 0.993631466847342), (1830, 0.993726716716278), (1831, 0.993820679234676), (1832, 0.993913369481576), (1833, 0.994004802396814), (1834, 0.994094992781726), (1835, 0.994183955299845), (1836, 0.994271704477624), (1837, 0.994358254705147), (1838, 0.994443620236855), (1839, 0.994527815192272), (1840, 0.994610853556741), (1841, 0.994692749182164), (1842, 0.994773515787741), (1843, 0.994853166960721), (1844, 0.994931716157153), (1845, 0.995009176702641), (1846, 0.995085561793108), (1847, 0.995160884495556), (1848, 0.995235157748835), (1849, 0.995308394364415), (1850, 0.995380607027158), (1851, 0.995451808296098), (1852, 0.995522010605221), (1853, 0.995591226264248), (1854, 0.995659467459417), (1855, 0.995726746254279), (1856, 0.995793074590482), (1857, 0.995858464288566), (1858, 0.995922927048757), (1859, 0.995986474451769), (1860, 0.99604911795959), (1861, 0.996110868916296), (1862, 0.996171738548843), (1863, 0.996231737967873), (1864, 0.996290878168517), (1865, 0.996349170031198), (1866, 0.996406624322441), (1867, 0.996463251695674), (1868, 0.996519062692039), (1869, 0.996574067741198), (1870, 0.996628277162138), (1871, 0.996681701163983), (1872, 0.996734349846799), (1873, 0.996786233202406), (1874, 0.996837361115177), (1875, 0.996887743362858), (1876, 0.996937389617365), (1877, 0.996986309445594), (1878, 0.997034512310229), (1879, 0.997082007570544), (1880, 0.99712880448321), (1881, 0.997174912203099), (1882, 0.997220339784082), (1883, 0.997265096179838), (1884, 0.997309190244646), (1885, 0.997352630734191), (1886, 0.997395426306358), (1887, 0.997437585522025), (1888, 0.997479116845866), (1889, 0.997520028647135), (1890, 0.997560329200461), (1891, 0.997600026686637), (1892, 0.997639129193406), (1893, 0.997677644716247), (1894, 0.997715581159156), (1895, 0.99775294633543), (1896, 0.997789747968444), (1897, 0.997825993692423), (1898, 0.997861691053225), (1899, 0.997896847509102), (1900, 0.997931470431476), (1901, 0.997965567105701), (1902, 0.997999144731829), (1903, 0.998032210425368), (1904, 0.998064771218041), (1905, 0.998096834058542), (1906, 0.998128405813284), (1907, 0.998159493267156), (1908, 0.998190103124256), (1909, 0.998220242008647), (1910, 0.998249916465087), (1911, 0.998279132959772), (1912, 0.998307897881063), (1913, 0.99833621754022), (1914, 0.998364098172126), (1915, 0.998391545936012), (1916, 0.998418566916173), (1917, 0.998445167122689), (1918, 0.998471352492131), (1919, 0.998497128888276), (1920, 0.998522502102805), (1921, 0.998547477856014), (1922, 0.998572061797501), (1923, 0.998596259506868), (1924, 0.998620076494408), (1925, 0.99864351820179), (1926, 0.998666590002745), (1927, 0.998689297203741), (1928, 0.99871164504466), (1929, 0.998733638699469), (1930, 0.998755283276883), (1931, 0.998776583821033), (1932, 0.998797545312121), (1933, 0.998818172667078), (1934, 0.998838470740209), (1935, 0.998858444323846), (1936, 0.998878098148987), (1937, 0.998897436885934), (1938, 0.998916465144929), (1939, 0.998935187476783), (1940, 0.9989536083735), (1941, 0.998971732268904), (1942, 0.998989563539249), (1943, 0.999007106503839), (1944, 0.999024365425632), (1945, 0.999041344511848), (1946, 0.999058047914567), (1947, 0.999074479731328), (1948, 0.999090644005718), (1949, 0.99910654472796), (1950, 0.999122185835498), (1951, 0.999137571213576), (1952, 0.999152704695812), (1953, 0.999167590064766), (1954, 0.99918223105251), (1955, 0.999196631341189), (1956, 0.999210794563577), (1957, 0.99922472430363), (1958, 0.999238424097037), (1959, 0.999251897431763), (1960, 0.99926514774859), (1961, 0.999278178441652), (1962, 0.999290992858966), (1963, 0.999303594302962), (1964, 0.999315986031005), (1965, 0.99932817125591), (1966, 0.999340153146463), (1967, 0.999351934827927), (1968, 0.999363519382546), (1969, 0.999374909850051), (1970, 0.999386109228156), (1971, 0.999397120473051), (1972, 0.999407946499887), (1973, 0.999418590183267), (1974, 0.999429054357721), (1975, 0.999439341818188), (1976, 0.999449455320479), (1977, 0.999459397581755), (1978, 0.999469171280982), (1979, 0.999478779059397), (1980, 0.999488223520957), (1981, 0.999497507232795), (1982, 0.999506632725665), (1983, 0.999515602494385), (1984, 0.999524418998275), (1985, 0.999533084661594), (1986, 0.999541601873967), (1987, 0.999549972990814), (1988, 0.999558200333773), (1989, 0.999566286191117), (1990, 0.999574232818167), (1991, 0.999582042437707), (1992, 0.999589717240385), (1993, 0.999597259385121), (1994, 0.999604670999502), (1995, 0.999611954180177), (1996, 0.999619110993248), (1997, 0.999626143474659), (1998, 0.999633053630577), (1999, 0.99963984343777), (2000, 0.999646514843986), (2001, 0.999653069768322), (2002, 0.999659510101592), (2003, 0.999665837706693), (2004, 0.999672054418961), (2005, 0.999678162046535), (2006, 0.999684162370702), (2007, 0.999690057146251), (2008, 0.999695848101817), (2009, 0.999701536940224), (2010, 0.999707125338824), (2011, 0.999712614949827), (2012, 0.99971800740064), (2013, 0.999723304294189), (2014, 0.999728507209244), (2015, 0.999733617700742), (2016, 0.999738637300102), (2017, 0.99974356751554), (2018, 0.999748409832378), (2019, 0.999753165713355), (2020, 0.999757836598924), (2021, 0.999762423907559), (2022, 0.999766929036045), (2023, 0.99977135335978), (2024, 0.999775698233059), (2025, 0.999779964989363), (2026, 0.99978415494164), (2027, 0.999788269382594), (2028, 0.999792309584954), (2029, 0.999796276801751), (2030, 0.99980017226659), (2031, 0.999803997193918), (2032, 0.999807752779288), (2033, 0.999811440199624), (2034, 0.999815060613473), (2035, 0.99981861516127), (2036, 0.999822104965583), (2037, 0.999825531131368), (2038, 0.999828894746214), (2039, 0.999832196880587), (2040, 0.999835438588071), (2041, 0.999838620905609), (2042, 0.999841744853733), (2043, 0.999844811436803), (2044, 0.999847821643232), (2045, 0.999850776445717), (2046, 0.999853676801459), (2047, 0.999856523652389), (2048, 0.999859317925383), (2049, 0.999862060532483), (2050, 0.999864752371106), (2051, 0.999867394324257), (2052, 0.999869987260736), (2053, 0.999872532035349), (2054, 0.999875029489104), (2055, 0.999877480449416), (2056, 0.999879885730304), (2057, 0.999882246132589), (2058, 0.999884562444082), (2059, 0.999886835439783), (2060, 0.99988906588206), (2061, 0.999891254520842), (2062, 0.999893402093801), (2063, 0.999895509326532), (2064, 0.999897576932734), (2065, 0.999899605614382), (2066, 0.999901596061911), (2067, 0.999903548954377), (2068, 0.999905464959635), (2069, 0.999907344734503), (2070, 0.99990918892493), (2071, 0.999910998166156), (2072, 0.999912773082877), (2073, 0.999914514289402), (2074, 0.999916222389811), (2075, 0.999917897978109), (2076, 0.999919541638381), (2077, 0.999921153944938), (2078, 0.999922735462475), (2079, 0.999924286746207), (2080, 0.999925808342023), (2081, 0.999927300786624), (2082, 0.999928764607664), (2083, 0.999930200323894), (2084, 0.999931608445292), (2085, 0.999932989473207), (2086, 0.999934343900483), (2087, 0.9999356722116), (2088, 0.999936974882796), (2089, 0.999938252382203), (2090, 0.999939505169966), (2091, 0.999940733698372), (2092, 0.999941938411974), (2093, 0.999943119747707), (2094, 0.999944278135014), (2095, 0.999945413995959), (2096, 0.999946527745346), (2097, 0.999947619790831), (2098, 0.99994869053304), (2099, 0.999949740365674), (2100, 0.999950769675625), (2101, 0.999951778843078), (2102, 0.999952768241625), (2103, 0.999953738238365), (2104, 0.999954689194007), (2105, 0.99995562146298), (2106, 0.999956535393523), (2107, 0.999957431327794), (2108, 0.999958309601961), (2109, 0.999959170546302), (2110, 0.999960014485302), (2111, 0.999960841737742), (2112, 0.999961652616793), (2113, 0.999962447430111), (2114, 0.99996322647992), (2115, 0.999963990063108), (2116, 0.999964738471308), (2117, 0.999965471990985), (2118, 0.999966190903525), (2119, 0.999966895485313), (2120, 0.999967586007816), (2121, 0.999968262737669), (2122, 0.999968925936749), (2123, 0.999969575862254), (2124, 0.999970212766783), (2125, 0.999970836898413), (2126, 0.999971448500769), (2127, 0.999972047813103), (2128, 0.999972635070365), (2129, 0.999973210503273), (2130, 0.999973774338388), (2131, 0.999974326798178), (2132, 0.999974868101093), (2133, 0.999975398461625), (2134, 0.999975918090382), (2135, 0.999976427194147), (2136, 0.999976925975948), (2137, 0.999977414635118), (2138, 0.999977893367357), (2139, 0.999978362364796), (2140, 0.999978821816057), (2141, 0.999979271906312), (2142, 0.999979712817341), (2143, 0.999980144727591), (2144, 0.999980567812233), (2145, 0.999980982243219), (2146, 0.999981388189332), (2147, 0.999981785816249), (2148, 0.999982175286586), (2149, 0.999982556759955) }
  Time:        19.2 s

  + State elimination
    States:      159378
    Transitions: 159378
    Branches:    2410602
    Time:        16.0 s

  + Value iteration
    Time: 3.1 s
