Peak memory usage: 795 MB
Analysis results for abstractArbiter7_reduced_v2.modest

+ State space exploration
  Min. state size: 112 bytes
  States:          591370
  Transitions:     591370
  Branches:        732349
  Rate:            336006 states/s
  Time:            2.0 s

+ Property p1
  Probability: 0.999989988168964
  Bounds:      [0.999989988168964, 0.999989988168964]
  CDF:         { (0, 0), ..., (48, 0), (49, 1.94032521748264E-48), (50, 7.73974170084742E-47), (51, 1.58119382098773E-45), (52, 2.20462736831629E-44), (53, 2.35877769580487E-43), (54, 2.06461010705108E-42), (55, 1.5392038129235E-41), (56, 1.00481110012311E-40), (57, 5.86078161269831E-40), (58, 3.10138135739847E-39), (59, 1.50692843039568E-38), (60, 6.78819809028564E-38), (61, 2.85741835816899E-37), (62, 1.13139077459119E-36), (63, 4.23730996324912E-36), (64, 1.50825910914177E-35), (65, 5.12339460931824E-35), (66, 1.66684192910855E-34), (67, 5.21020783933351E-34), (68, 1.56910098425227E-33), (69, 4.56415008273724E-33), (70, 1.28512920377055E-32), (71, 3.50977380777134E-32), (72, 9.31409703359559E-32), (73, 2.405707126262E-31), (74, 6.05665207799891E-31), (75, 1.48833964402001E-30), (76, 3.5743199132592E-30), (77, 8.39857176508827E-30), (78, 1.93284883857131E-29), (79, 4.36109742571828E-29), (80, 9.65590392392843E-29), (81, 2.09968934556098E-28), (82, 4.48768595868056E-28), (83, 9.43436210054719E-28), (84, 1.95218865608444E-27), (85, 3.97857612661622E-27), (86, 7.99080128028751E-27), (87, 1.58253747728798E-26), (88, 3.09206324561042E-26), (89, 5.96334193296395E-26), (90, 1.1357480255828E-25), (91, 2.13706524187903E-25), (92, 3.9744692561777E-25), (93, 7.30867066060332E-25), (94, 1.32940961745842E-24), (95, 2.39273886957656E-24), (96, 4.26279982634179E-24), (97, 7.51964825593284E-24), (98, 1.31382064422487E-23), (99, 2.27424516171094E-23), (100, 3.90141239279701E-23), (101, 6.63445117986176E-23), (102, 1.11865631784399E-22), (103, 1.87069061416334E-22), (104, 3.10328272064353E-22), (105, 5.10800082851563E-22), (106, 8.34416514875817E-22), (107, 1.35302360808537E-21), (108, 2.1782264074131E-21), (109, 3.48222645493388E-21), (110, 5.52898356676702E-21), (111, 8.72052781418909E-21), (112, 1.36653706368054E-20), (113, 2.12789634736614E-20), (114, 3.29303665900307E-20), (115, 5.06551799564329E-20), (116, 7.74629743541679E-20), (117, 1.17778781744465E-19), (118, 1.78073780762944E-19), (119, 2.67761640523753E-19), (120, 4.00466046179394E-19), (121, 5.9580434041884E-19), (122, 8.81885416834488E-19), (123, 1.29879149622609E-18), (124, 1.9034090719453E-18), (125, 2.77610173694772E-18), (126, 4.02988663827377E-18), (127, 5.82299960035517E-18), (128, 8.37602773854026E-18), (129, 1.19951733591556E-17), (130, 1.71037154526685E-17), (131, 2.42843885066912E-17), (132, 3.43362448269371E-17), (133, 4.83506590495854E-17), (134, 6.78125384750798E-17), (135, 9.47346032027565E-17), (136, 1.31834899044125E-16), (137, 1.82770631912558E-16), (138, 2.52445123169726E-16), (139, 3.47409376379082E-16), (140, 4.76385656756048E-16), (141, 6.50947908797414E-16), (142, 8.86403133366377E-16), (143, 1.20292944886931E-15), (144, 1.6270410010304E-15), (145, 2.19346780200353E-15), (146, 2.94756074391171E-15), (147, 3.94835937254526E-15), (148, 5.27249363700387E-15), (149, 7.0191320817392E-15), (150, 9.31623940636285E-15), (151, 1.23284678740174E-14), (152, 1.62670819409385E-14), (153, 2.14024063579685E-14), (154, 2.80793979860256E-14), (155, 3.67370743519399E-14), (156, 4.79326918687941E-14), (157, 6.2371758714844E-14), (158, 8.09451975164562E-14), (159, 1.04775248098896E-13), (160, 1.35272028658053E-13), (161, 1.74203064047762E-13), (162, 2.23778553208733E-13), (163, 2.86755696479119E-13), (164, 3.66566051893724E-13), (165, 4.67470653993342E-13), (166, 5.9474852791993E-13), (167, 7.54925287159386E-13), (168, 9.56049739736984E-13), (169, 1.20802787289583E-12), (170, 1.52302527202226E-12), (171, 1.91595099179056E-12), (172, 2.40503817687003E-12), (173, 3.01253937199761E-12), (174, 3.76555751850495E-12), (175, 4.69703716465351E-12), (176, 5.84694448560801E-12), (177, 7.26366938859013E-12), (178, 9.0056883512749E-12), (179, 1.1143532797762E-11), (180, 1.37621148576502E-11), (181, 1.69634703922038E-11), (182, 2.08699883318003E-11), (183, 2.56282057884475E-11), (184, 3.14132602380721E-11), (185, 3.84341034768492E-11), (186, 4.69395972279964E-11), (187, 5.7225627412016E-11), (188, 6.9643393415262E-11), (189, 8.46090504404137E-11), (190, 1.02614907461251E-10), (191, 1.24242410719677E-10), (192, 1.50177173406558E-10), (193, 1.81226346497184E-10), (194, 2.18338664032223E-10), (195, 2.62627538840295E-10), (196, 3.15397632213798E-10), (197, 3.78175373832354E-10), (198, 4.52743966769E-10), (199, 5.41183477238416E-10), (200, 6.45916680415959E-10), (201, 7.69761412770231E-10), (202, 9.15990268548438E-10), (203, 1.08839857401047E-09), (204, 1.2913816784428E-09), (205, 1.53002271665694E-09), (206, 1.81019212439074E-09), (207, 2.13866032662925E-09), (208, 2.52322517023158E-09), (209, 2.97285583732156E-09), (210, 3.49785515564444E-09), (211, 4.11004241752441E-09), (212, 4.82295903123224E-09), (213, 5.65209955858417E-09), (214, 6.61517094157549E-09), (215, 7.73238298997316E-09), (216, 9.02677349225595E-09), (217, 1.05245716253304E-08), (218, 1.22556036753293E-08), (219, 1.42537454438044E-08), (220, 1.65574261020552E-08), (221, 1.92101886725269E-08), (222, 2.22613127614746E-08), (223, 2.57665056427827E-08), (224, 2.97886683002631E-08), (225, 3.4398743576275E-08), (226, 3.96766541494037E-08), (227, 4.57123386744977E-08), (228, 5.26068950658435E-08), (229, 6.04738405898515E-08), (230, 6.94404991585026E-08), (231, 7.96495269800394E-08), (232, 9.12605885300116E-08), (233, 1.0445219565472E-07), (234, 1.19423723511193E-07), (235, 1.36397617983797E-07), (236, 1.55621810198018E-07), (237, 1.77372354777367E-07), (238, 2.01956309559999E-07), (239, 2.29714875607738E-07), (240, 2.61026817501695E-07), (241, 2.9631218512533E-07), (242, 3.36036359387296E-07), (243, 3.80714445631978E-07), (244, 4.30916039824526E-07), (245, 4.87270393978186E-07), (246, 5.50472008713527E-07), (247, 6.21286682300061E-07), (248, 7.00558047028802E-07), (249, 7.89214625297302E-07), (250, 8.88277439354012E-07), (251, 9.98868210243626E-07), (252, 1.12221818311607E-06), (253, 1.25967761770547E-06), (254, 1.41272598444795E-06), (255, 1.58298290838377E-06), (256, 1.77221990467615E-06), (257, 1.98237295127047E-06), (258, 2.21555594590803E-06), (259, 2.47407509639311E-06), (260, 2.76044429468338E-06), (261, 3.07740152702616E-06), (262, 3.4279263739893E-06), (263, 3.81525865582801E-06), (264, 4.24291828018079E-06), (265, 4.71472635058996E-06), (266, 5.23482759578689E-06), (267, 5.80771418106121E-06), (268, 6.43825096433583E-06), (269, 7.13170226078896E-06), (270, 7.89376018098814E-06), (271, 8.73057460852192E-06), (272, 9.64878488402074E-06), (273, 1.06555532632402E-05), (274, 1.17586002175259E-05), (275, 1.29662416454815E-05), (276, 1.42874280650025E-05), (277, 1.57317858550212E-05), (278, 1.7309660616301E-05), (279, 1.90321627204336E-05), (280, 2.09112151158006E-05), (281, 2.29596034586616E-05), (282, 2.51910286367101E-05), (283, 2.76201617513872E-05), (284, 3.02627016239457E-05), (285, 3.31354348887173E-05), (286, 3.6256298735224E-05), (287, 3.96444463587006E-05), (288, 4.33203151762404E-05), (289, 4.73056978631311E-05), (290, 5.16238162610133E-05), (291, 5.62993982062506E-05), (292, 6.13587573233571E-05), (293, 6.6829875824462E-05), (294, 7.27424903516116E-05), (295, 7.91281808942045E-05), (296, 8.60204628090244E-05), (297, 9.34548819651743E-05), (298, 0.000101469113030726), (299, 0.000110103060912076), (300, 0.00011939896535085), (301, 0.000129401508676711), (302, 0.000140157926707631), (303, 0.000151718122782041), (304, 0.000164134784899846), (305, 0.000177463505941528), (306, 0.000191762906926499), (307, 0.000207094763263516), (308, 0.000223524133937341), (309, 0.000241119493566908), (310, 0.000259952867261098), (311, 0.000280099968188807), (312, 0.000301640337770359), (313, 0.000324657488387432), (314, 0.000349239048498641), (315, 0.000375476910037675), (316, 0.000403467377960502), (317, 0.000433311321797645), (318, 0.000465114329056875), (319, 0.000498986860310986), (320, 0.000535044405794497), (321, 0.000573407643322332), (322, 0.000614202597332685), (323, 0.00065756079884549), (324, 0.000703619446117117), (325, 0.00075252156576128), (326, 0.000804416174095522), (327, 0.000859458438462231), (328, 0.000917809838262875), (329, 0.000979638325434061), (330, 0.00104511848408423), (331, 0.00111443168900019), (332, 0.00118776626272355), (333, 0.00126531763088794), (334, 0.00134728847549976), (335, 0.00143388888583661), (336, 0.00152533650663017), (337, 0.00162185668319285), (338, 0.00172368260314089), (339, 0.00183105543436038), (340, 0.00194422445885685), (341, 0.00206344720212438), (342, 0.0021889895576652), (343, 0.00232112590628757), (344, 0.00246013922980619), (345, 0.00260632121876709), (346, 0.00275997237381742), (347, 0.00292140210033951), (348, 0.00309092879596842), (349, 0.00326887993061296), (350, 0.00345559211860148), (351, 0.00365141118257621), (352, 0.00385669220876299), (353, 0.00407179959324719), (354, 0.00429710707889152), (355, 0.00453299778253751), (356, 0.00477986421213837), (357, 0.00503810827347947), (358, 0.00530814126615015), (359, 0.00559038386844071), (360, 0.00588526611084811), (361, 0.00619322733788538), (362, 0.00651471615790163), (363, 0.00685019038063236), (364, 0.00720011694221375), (365, 0.0075649718174089), (366, 0.00794523991880981), (367, 0.00834141498279465), (368, 0.00875399944203755), (369, 0.00918350428438519), (370, 0.00963044889793376), (371, 0.0100953609021586), (372, 0.0105787759649692), (373, 0.0110812376055822), (374, 0.0116032969831272), (375, 0.0121455126709215), (376, 0.0127084504163715), (377, 0.013292682886483), (378, 0.0138987893989846), (379, 0.0145273556390925), (380, 0.0151789733619696), (381, 0.0158542400809548), (382, 0.0165537587416661), (383, 0.0172781373821011), (384, 0.01802798877889), (385, 0.0188039300798746), (386, 0.0196065824232178), (387, 0.0204365705432707), (388, 0.0212945223634492), (389, 0.0221810685763983), (390, 0.0230968422117485), (391, 0.0240424781917901), (392, 0.0250186128754194), (393, 0.0260258835907331), (394, 0.027064928156671), (395, 0.0281363843941328), (396, 0.0292408896270137), (397, 0.0303790801736317), (398, 0.0315515908290357), (399, 0.0327590543387081), (400, 0.0340021008641972), (401, 0.0352813574412303), (402, 0.0365974474308825), (403, 0.037950989964391), (404, 0.0393425993822242), (405, 0.04077288466803), (406, 0.042242448878105), (407, 0.0437518885670389), (408, 0.0453017932102046), (409, 0.0468927446237735), (410, 0.048525316382952), (411, 0.0502000732391397), (412, 0.051917570536724), (413, 0.0536783536302317), (414, 0.0554829573025646), (415, 0.0573319051850524), (416, 0.0592257091800626), (417, 0.0611648688869054), (418, 0.0631498710317794), (419, 0.0651811889025002), (420, 0.0672592817887558), (421, 0.0693845944286294), (422, 0.071557556462129), (423, 0.0737785818924558), (424, 0.0760480685557419), (425, 0.0783663975999764), (426, 0.0807339329738345), (427, 0.0831510209261126), (428, 0.0856179895164634), (429, 0.0881351481381112), (430, 0.0907027870532171), (431, 0.0933211769415472), (432, 0.0959905684630839), (433, 0.0987111918352021), (434, 0.101483256425016), (435, 0.104306950357485), (436, 0.107182440139839), (437, 0.110109870302881), (438, 0.113089363059687), (439, 0.116121017982196), (440, 0.119204911696196), (441, 0.122341097595132), (442, 0.125529605573193), (443, 0.128770441778065), (444, 0.132063588383743), (445, 0.135409003383751), (446, 0.138806620405095), (447, 0.142256348543246), (448, 0.145758072218432), (449, 0.14931165105347), (450, 0.152916919773355), (451, 0.156573688126796), (452, 0.16028174082984), (453, 0.164040837531723), (454, 0.167850712803023), (455, 0.171711076146209), (456, 0.175621612028584), (457, 0.179581979937663), (458, 0.183591814458933), (459, 0.187650725375953), (460, 0.19175829779271), (461, 0.195914092278112), (462, 0.20011764503248), (463, 0.204368468075861), (464, 0.208666049457976), (465, 0.21300985348955), (466, 0.217399320994802), (467, 0.22183386958478), (468, 0.226312893951259), (469, 0.230835766180851), (470, 0.235401836088972), (471, 0.240010431573287), (472, 0.244660858986219), (473, 0.249352403526096), (474, 0.254084329646478), (475, 0.258855881483196), (476, 0.263666283298606), (477, 0.268514739942539), (478, 0.273400437329421), (479, 0.278322542931008), (480, 0.283280206284169), (481, 0.288272559513133), (482, 0.293298717865601), (483, 0.298357780262106), (484, 0.303448829858014), (485, 0.308570934617491), (486, 0.313723147898833), (487, 0.31890450905046), (488, 0.324114044016936), (489, 0.329350765954321), (490, 0.334613675854185), (491, 0.339901763175585), (492, 0.345214006484326), (493, 0.350549374098802), (494, 0.355906824741712), (495, 0.36128530819697), (496, 0.366683765971088), (497, 0.372101131958347), (498, 0.377536333109043), (499, 0.38298829010013), (500, 0.388455918007545), (501, 0.393938126979546), (502, 0.399433822910369), (503, 0.404941908113526), (504, 0.410461281994079), (505, 0.415990841719224), (506, 0.421529482886532), (507, 0.4270761001892), (508, 0.432629588077687), (509, 0.438188841417094), (510, 0.443752756139699), (511, 0.449320229892032), (512, 0.454890162675903), (513, 0.460461457482827), (514, 0.466033020921271), (515, 0.471603763836187), (516, 0.477172601920305), (517, 0.482738456316671), (518, 0.488300254211938), (519, 0.493856929419923), (520, 0.499407422954988), (521, 0.504950683594774), (522, 0.51048566843189), (523, 0.516011343414128), (524, 0.521526683872831), (525, 0.527030675039026), (526, 0.532522312547001), (527, 0.538000602924951), (528, 0.543464564072426), (529, 0.548913225724252), (530, 0.55434562990067), (531, 0.559760831343437), (532, 0.565157897937646), (533, 0.570535911119059), (534, 0.575893966266754), (535, 0.581231173080907), (536, 0.586546655945556), (537, 0.591839554276208), (538, 0.597109022852174), (539, 0.602354232133519), (540, 0.607574368562568), (541, 0.612768634849883), (542, 0.617936250244683), (543, 0.62307645078967), (544, 0.628188489560263), (545, 0.633271636888232), (546, 0.638325180569778), (547, 0.643348426058082), (548, 0.648340696640397), (549, 0.653301333599751), (550, 0.65822969636134), (551, 0.663125162623744), (552, 0.667987128475053), (553, 0.672815008494061), (554, 0.677608235836666), (555, 0.682366262307638), (556, 0.687088558417925), (557, 0.691774613427697), (558, 0.696423935375312), (559, 0.701036051092413), (560, 0.705610506205395), (561, 0.710146865123454), (562, 0.714644711013462), (563, 0.719103645761928), (564, 0.723523289924299), (565, 0.727903282661865), (566, 0.732243281666547), (567, 0.736542963073853), (568, 0.74080202136429), (569, 0.745020169253529), (570, 0.74919713757162), (571, 0.753332675131577), (572, 0.75742654858763), (573, 0.761478542283473), (574, 0.765488458090826), (575, 0.769456115238626), (576, 0.77338135013319), (577, 0.777264016169669), (578, 0.781103983535124), (579, 0.784901139003561), (580, 0.788655385723268), (581, 0.792366642996766), (582, 0.796034846053733), (583, 0.799659945817227), (584, 0.803241908663541), (585, 0.806780716176024), (586, 0.81027636489321), (587, 0.81372886605157), (588, 0.817138245323238), (589, 0.820504542549011), (590, 0.823827811466975), (591, 0.827108119437056), (592, 0.830345547161827), (593, 0.833540188403883), (594, 0.836692149700088), (595, 0.839801550073014), (596, 0.842868520739856), (597, 0.84589320481914), (598, 0.848875757035503), (599, 0.851816343422833), (600, 0.854715141026064), (601, 0.85757233760189), (602, 0.86038813131867), (603, 0.8631627304558), (604, 0.865896353102802), (605, 0.868589226858384), (606, 0.871241588529725), (607, 0.873853683832218), (608, 0.876425767089914), (609, 0.87895810093688), (610, 0.881450956019715), (611, 0.883904610701418), (612, 0.886319350766822), (613, 0.888695469129808), (614, 0.891033265542464), (615, 0.893333046306415), (616, 0.895595123986464), (617, 0.897819817126749), (618, 0.90000744996957), (619, 0.902158352177037), (620, 0.904272858555712), (621, 0.906351308784368), (622, 0.908394047145028), (623, 0.910401422257389), (624, 0.912373786816784), (625, 0.914311497335774), (626, 0.916214913889509), (627, 0.918084399864937), (628, 0.919920321713977), (629, 0.921723048710749), (630, 0.923492952712929), (631, 0.925230407927333), (632, 0.926935790679787), (633, 0.928609479189354), (634, 0.93025185334698), (635, 0.931863294498623), (636, 0.933444185232899), (637, 0.934994909173298), (638, 0.936515850775016), (639, 0.938007395126424), (640, 0.9394699277552), (641, 0.940903834439172), (642, 0.942309501021852), (643, 0.943687313232709), (644, 0.945037656512165), (645, 0.946360915841336), (646, 0.947657475576501), (647, 0.948927719288306), (648, 0.950172029605689), (649, 0.951390788064514), (650, 0.952584374960892), (651, 0.953753169209183), (652, 0.954897548204628), (653, 0.956017887690616), (654, 0.957114561630524), (655, 0.958187942084118), (656, 0.959238399088461), (657, 0.960266300543306), (658, 0.961272012100903), (659, 0.962255897060208), (660, 0.963218316265415), (661, 0.964159628008781), (662, 0.965080187937678), (663, 0.965980348965823), (664, 0.966860461188628), (665, 0.96772087180261), (666, 0.968561925028798), (667, 0.969383962040076), (668, 0.970187320892401), (669, 0.970972336459829), (670, 0.971739340373268), (671, 0.972488660962923), (672, 0.973220623204324), (673, 0.973935548667899), (674, 0.974633755472001), (675, 0.97531555823933), (676, 0.975981268056672), (677, 0.976631192437872), (678, 0.977265635289995), (679, 0.977884896882572), (680, 0.97848927381987), (681, 0.979079059016119), (682, 0.9796545416736), (683, 0.980216007263545), (684, 0.980763737509761), (685, 0.981298010374891), (686, 0.981819100049275), (687, 0.982327276942294), (688, 0.982822807676156), (689, 0.98330595508203), (690, 0.983776978198466), (691, 0.984236132272034), (692, 0.984683668760087), (693, 0.985119835335604), (694, 0.98554487589403), (695, 0.985959030562034), (696, 0.986362535708141), (697, 0.986755623955138), (698, 0.987138524194216), (699, 0.987511461600762), (700, 0.987874657651743), (701, 0.988228330144614), (702, 0.988572693217691), (703, 0.988907957371922), (704, 0.989234329493992), (705, 0.989552012880709), (706, 0.989861207264602), (707, 0.990162108840685), (708, 0.990454910294306), (709, 0.990739800830056), (710, 0.99101696620166), (711, 0.991286588742798), (712, 0.991548847398808), (713, 0.99180391775923), (714, 0.992051972091109), (715, 0.992293179373042), (716, 0.992527705329899), (717, 0.992755712468178), (718, 0.992977360111942), (719, 0.993192804439312), (720, 0.993402198519439), (721, 0.993605692349948), (722, 0.993803432894789), (723, 0.993995564122462), (724, 0.994182227044577), (725, 0.994363559754716), (726, 0.994539697467548), (727, 0.994710772558176), (728, 0.994876914601668), (729, 0.995038250412747), (730, 0.995194904085612), (731, 0.995346997033839), (732, 0.99549464803036), (733, 0.995637973247464), (734, 0.995777086296813), (735, 0.995912098269435), (736, 0.996043117775666), (737, 0.996170250985026), (738, 0.996293601666), (739, 0.996413271225695), (740, 0.996529358749362), (741, 0.996641961039755), (742, 0.996751172656309), (743, 0.996857085954115), (744, 0.99695979112268), (745, 0.997059376224445), (746, 0.99715592723306), (747, 0.997249528071377), (748, 0.997340260649168), (749, 0.997428204900545), (750, 0.997513438821066), (751, 0.997596038504515), (752, 0.997676078179354), (753, 0.997753630244819), (754, 0.997828765306667), (755, 0.997901552212548), (756, 0.997972058087007), (757, 0.998040348366099), (758, 0.998106486831611), (759, 0.998170535644884), (760, 0.99823255538023), (761, 0.998292605057941), (762, 0.998350742176867), (763, 0.998407022746583), (764, 0.99846150131913), (765, 0.998514231020313), (766, 0.998565263580576), (767, 0.998614649365434), (768, 0.998662437405465), (769, 0.998708675425864), (770, 0.998753409875543), (771, 0.998796685955803), (772, 0.99883854764854), (773, 0.99887903774402), (774, 0.998918197868202), (775, 0.998956068509612), (776, 0.998992689045774), (777, 0.999028097769199), (778, 0.999062331912923), (779, 0.999095427675607), (780, 0.999127420246199), (781, 0.99915834382815), (782, 0.999188231663199), (783, 0.999217116054726), (784, 0.999245028390664), (785, 0.999271999165995), (786, 0.999298058004809), (787, 0.999323233681952), (788, 0.999347554144246), (789, 0.999371046531299), (790, 0.999393737195903), (791, 0.999415651724026), (792, 0.999436814954398), (793, 0.999457250997698), (794, 0.999476983255352), (795, 0.999496034437933), (796, 0.999514426583183), (797, 0.999532181073645), (798, 0.999549318653931), (799, 0.999565859447605), (800, 0.999581822973708), (801, 0.999597228162921), (802, 0.999612093373367), (803, 0.999626436406066), (804, 0.99964027452004), (805, 0.999653624447077), (806, 0.999666502406161), (807, 0.999678924117569), (808, 0.999690904816641), (809, 0.999702459267233), (810, 0.99971360177485), (811, 0.999724346199473), (812, 0.999734705968074), (813, 0.999744694086843), (814, 0.999754323153107), (815, 0.999763605366968), (816, 0.999772552542654), (817, 0.999781176119594), (818, 0.999789487173212), (819, 0.999797496425457), (820, 0.999805214255071), (821, 0.999812650707598), (822, 0.999819815505128), (823, 0.99982671805581), (824, 0.999833367463112), (825, 0.999839772534837), (826, 0.999845941791914), (827, 0.999851883476958), (828, 0.9998576055626), (829, 0.999863115759603), (830, 0.99986842152476), (831, 0.999873530068581), (832, 0.999878448362778), (833, 0.999883183147544), (834, 0.999887740938634), (835, 0.999892128034259), (836, 0.999896350521785), (837, 0.999900414284255), (838, 0.999904325006723), (839, 0.999908088182416), (840, 0.99991170911873), (841, 0.999915192943045), (842, 0.999918544608387), (843, 0.999921768898928), (844, 0.999924870435327), (845, 0.999927853679918), (846, 0.999930722941755), (847, 0.999933482381508), (848, 0.999936136016213), (849, 0.999938687723897), (850, 0.999941141248051), (851, 0.999943500201988), (852, 0.999945768073064), (853, 0.999947948226773), (854, 0.999950043910732), (855, 0.999952058258529), (856, 0.999953994293476), (857, 0.999955854932235), (858, 0.999957642988341), (859, 0.999959361175616), (860, 0.999961012111485), (861, 0.99996259832018), (862, 0.99996412223586), (863, 0.999965586205622), (864, 0.99996699249243), (865, 0.999968343277945), (866, 0.999969640665275), (867, 0.999970886681632), (868, 0.999972083280909), (869, 0.999973232346181), (870, 0.999974335692119), (871, 0.99997539506733), (872, 0.999976412156633), (873, 0.999977388583241), (874, 0.9999783259109), (875, 0.999979225645938), (876, 0.999980089239258), (877, 0.999980918088264), (878, 0.99998171353873), (879, 0.999982476886602), (880, 0.99998320937974), (881, 0.999983912219613), (882, 0.999984586562928), (883, 0.999985233523212), (884, 0.999985854172338), (885, 0.999986449542005), (886, 0.999987020625164), (887, 0.999987568377397), (888, 0.999988093718258), (889, 0.999988597532558), (890, 0.999989080671612), (891, 0.999989543954447), (892, 0.999989988168964) }
  Time:        4.3 s

  + State elimination
    States:      14379
    Transitions: 14379
    Branches:    240558
    Time:        4.1 s

  + Value iteration
    Time: 0.3 s
