Peak memory usage: 1393 MB
Analysis results for abstractArbiter7_reduced_v2.modest

+ State space exploration
  Min. state size: 112 bytes
  States:          1186570
  Transitions:     1186570
  Branches:        1469149
  Rate:            242305 states/s
  Time:            5.3 s

+ Property p1
  Probability: 0.999986376564236
  Bounds:      [0.999986376564236, 0.999986376564236]
  CDF:         { (0, 0), ..., (98, 0), (99, 3.76486194959905E-96), (100, 2.96587458029525E-94), (101, 1.1826068328785E-92), (102, 3.18188095977586E-91), (103, 6.497867827502E-90), (104, 1.07415371403576E-88), (105, 1.49705367139519E-87), (106, 1.80907920414565E-86), (107, 1.93474064236168E-85), (108, 1.8600067401471E-84), (109, 1.62731421211318E-83), (110, 1.30858832959189E-82), (111, 9.7512329636086E-82), (112, 6.77976348539973E-81), (113, 4.42378341482935E-80), (114, 2.72250321971779E-79), (115, 1.5871692306922E-78), (116, 8.79852240506704E-78), (117, 4.65356626735421E-77), (118, 2.35530852457294E-76), (119, 1.14381216368828E-75), (120, 5.34255753695722E-75), (121, 2.40532407905826E-74), (122, 1.04588366089326E-73), (123, 4.4000580776031E-73), (124, 1.79395798129736E-72), (125, 7.09904808020232E-72), (126, 2.73039450584653E-71), (127, 1.02198739679168E-70), (128, 3.72714975370938E-70), (129, 1.32586327824289E-69), (130, 4.60529522034186E-69), (131, 1.56339706675333E-68), (132, 5.19186355545801E-68), (133, 1.68804409755273E-67), (134, 5.3776522234254E-67), (135, 1.67985324209273E-66), (136, 5.14899091572586E-66), (137, 1.54963782264815E-65), (138, 4.58210255624954E-65), (139, 1.33192707029569E-64), (140, 3.80818539046813E-64), (141, 1.07153436118924E-63), (142, 2.96866528794466E-63), (143, 8.10194664410095E-63), (144, 2.17914614190592E-62), (145, 5.7788123918784E-62), (146, 1.51155430153539E-61), (147, 3.90131747184939E-61), (148, 9.93946484146205E-61), (149, 2.50053811220755E-60), (150, 6.21399029226465E-60), (151, 1.52586385538167E-59), (152, 3.70343448293379E-59), (153, 8.88724467094787E-59), (154, 2.10924888038823E-58), (155, 4.95229343612544E-58), (156, 1.15058226644736E-57), (157, 2.64589249359596E-57), (158, 6.02387772895609E-57), (159, 1.35810003474588E-56), (160, 3.03275592535324E-56), (161, 6.70946785229517E-56), (162, 1.4708724751487E-55), (163, 3.19585051121616E-55), (164, 6.88347051662078E-55), (165, 1.47000954154994E-54), (166, 3.11317747849505E-54), (167, 6.53936077964267E-54), (168, 1.36266319310012E-53), (169, 2.81731396811275E-53), (170, 5.78022620638922E-53), (171, 1.17702160261806E-52), (172, 2.37913494521893E-52), (173, 4.77432263067391E-52), (174, 9.51313276309022E-52), (175, 1.88240756828328E-51), (176, 3.69946984728647E-51), (177, 7.22198804807824E-51), (178, 1.40061752123126E-50), (179, 2.6988600374716E-50), (180, 5.16761536803916E-50), (181, 9.83328332220045E-50), (182, 1.85974596601469E-49), (183, 3.49624781738484E-49), (184, 6.53416084365145E-49), (185, 1.214117564574E-48), (186, 2.24314866329774E-48), (187, 4.12120009218931E-48), (188, 7.53006109819828E-48), (189, 1.36842882377017E-47), (190, 2.47362333696128E-47), (191, 4.44805659126132E-47), (192, 7.95736342657594E-47), (193, 1.41633533258979E-46), (194, 2.5083951338715E-46), (195, 4.42071857913547E-46), (196, 7.75336282678549E-46), (197, 1.35338114233729E-45), (198, 2.35133540468744E-45), (199, 4.06634680885347E-45), (200, 7.00035090331793E-45), (201, 1.19974860063338E-44), (202, 2.04712585455241E-44), (203, 3.4778498186325E-44), (204, 5.88324038775378E-44), (205, 9.91034401128281E-44), (206, 1.66246881953612E-43), (207, 2.777388426591E-43), (208, 4.62128970113487E-43), (209, 7.65874844106382E-43), (210, 1.26428357767119E-42), (211, 2.07896317755668E-42), (212, 3.40555369186461E-42), (213, 5.55763266545474E-42), (214, 9.03597836244161E-42), (215, 1.46374481056577E-41), (216, 2.36255297433783E-41), (217, 3.79965764140583E-41), (218, 6.08939865761367E-41), (219, 9.72503709962956E-41), (220, 1.54779892032596E-40), (221, 2.45506689413852E-40), (222, 3.88111370162403E-40), (223, 6.11521889886854E-40), (224, 9.60391387398084E-40), (225, 1.50342846189544E-39), (226, 2.34602618806628E-39), (227, 3.64934989989548E-39), (228, 5.6591001597631E-39), (229, 8.74872631239469E-39), (230, 1.34841601057702E-38), (231, 2.072050506592E-38), (232, 3.17460428155349E-38), (233, 4.84961046254714E-38), (234, 7.38698148548948E-38), (235, 1.12197890259343E-37), (236, 1.69931645667524E-37), (237, 2.56655065019208E-37), (238, 3.86567447856767E-37), (239, 5.80649695671319E-37), (240, 8.69821196597874E-37), (241, 1.29952841206401E-36), (242, 1.9363974405354E-36), (243, 2.8778545997423E-36), (244, 4.26600446150093E-36), (245, 6.30759997710058E-36), (246, 9.30270876841253E-36), (247, 1.36857629817964E-35), (248, 2.00842017809702E-35), (249, 2.94020480139818E-35), (250, 4.29387421323706E-35), (251, 6.25577156880768E-35), (252, 9.09249758477933E-35), (253, 1.31846012128661E-34), (254, 1.90740477410602E-34), (255, 2.75309499765496E-34), (256, 3.96471735581566E-34), (257, 5.69673536502988E-34), (258, 8.16718805125989E-34), (259, 1.16831923213481E-33), (260, 1.66764101797951E-33), (261, 2.37522714514573E-33), (262, 3.37581456429612E-33), (263, 4.78775644264333E-33), (264, 6.77601854880057E-33), (265, 9.57006956040988E-33), (266, 1.34884591900425E-32), (267, 1.8972517710629E-32), (268, 2.66324718989673E-32), (269, 3.73104302790397E-32), (270, 5.21662439180044E-32), (271, 7.27943291329721E-32), (272, 1.01382318788492E-31), (273, 1.40926118335557E-31), (274, 1.95520882929754E-31), (275, 2.70753999412455E-31), (276, 3.74234872163824E-31), (277, 5.16307856907353E-31), (278, 7.11009953679666E-31), (279, 9.77355024500067E-31), (280, 1.34105286171688E-30), (281, 1.83680637644254E-30), (282, 2.51137607151209E-30), (283, 3.4276611419553E-30), (284, 4.67012532316409E-30), (285, 6.35199856208656E-30), (286, 8.62481992225426E-30), (287, 1.16910621320342E-29), (288, 1.58208057924761E-29), (289, 2.1373726823938E-29), (290, 2.88280439373352E-29), (291, 3.88185689838077E-29), (292, 5.21866442164266E-29), (293, 7.00455779723003E-29), (294, 9.38662565638398E-29), (295, 1.25588982108783E-28), (296, 1.67769348621597E-28), (297, 2.23768229825323E-28), (298, 2.97998848584862E-28), (299, 3.96247602719713E-28), (300, 5.26090054030831E-28), (301, 6.97429522843398E-28), (302, 9.23193417312844E-28), (303, 1.2202322032883E-27), (304, 1.61047833735998E-27), (305, 2.12243823405118E-27), (306, 2.79311028438562E-27), (307, 3.67044717186692E-27), (308, 4.81651259913898E-27), (309, 6.3115227370331E-27), (310, 8.25901334794618E-27), (311, 1.07924372456306E-26), (312, 1.40835768017512E-26), (313, 1.83532566550524E-26), (314, 2.38849676565129E-26), (315, 3.10421706306804E-26), (316, 4.02902454665367E-26), (317, 5.22242969068118E-26), (318, 6.76043349518622E-26), (319, 8.73997295405134E-26), (320, 1.12845313976558E-25), (321, 1.45512101398807E-25), (322, 1.87396310419111E-25), (323, 2.41031302966546E-25), (324, 3.09628159920522E-25), (325, 3.97252007908979E-25), (326, 5.09042924341976E-25), (327, 6.51492361399959E-25), (328, 8.32788633612583E-25), (329, 1.06324821786371E-24), (330, 1.35585355300502E-24), (331, 1.72692286145291E-24), (332, 2.19694344470255E-24), (333, 2.79160716815156E-24), (334, 3.54309573813865E-24), (335, 4.49167423676315E-24), (336, 5.68766464222245E-24), (337, 7.19388723645762E-24), (338, 9.08867750579443E-24), (339, 1.14696101185293E-23), (340, 1.44580907120794E-23), (341, 1.82050116186626E-23), (342, 2.28977105962785E-23), (343, 2.87685236632456E-23), (344, 3.61052861200149E-23), (345, 4.52642120087543E-23), (346, 5.66856742732223E-23), (347, 7.09135189217342E-23), (348, 8.8618680363888E-23), (349, 1.1062802631762E-22), (350, 1.37959554664009E-22), (351, 1.71865297785804E-22), (352, 2.13883569897898E-22), (353, 2.65902528733639E-22), (354, 3.30237425451993E-22), (355, 4.09724398534967E-22), (356, 5.07834243861926E-22), (357, 6.28810281954676E-22), (358, 7.77835265716765E-22), (359, 9.61233252798977E-22), (360, 1.1867135354553E-21), (361, 1.46366511211888E-21), (362, 1.8035118398012E-21), (363, 2.22014037289458E-21), (364, 2.73041532857369E-21), (365, 3.35479888814644E-21), (366, 4.11809532531003E-21), (367, 5.05034483766771E-21), (368, 6.18789565404267E-21), (369, 7.57468882229635E-21), (370, 9.26379649691369E-21), (371, 1.13192621135823E-20), (372, 1.3818299758985E-20), (373, 1.68539205508387E-20), (374, 2.0538066207105E-20), (375, 2.5005344520044E-20), (376, 3.04174785277342E-20), (377, 3.69686012197311E-20), (378, 4.48915511204663E-20), (379, 5.44653516390025E-20), (380, 6.60240893237225E-20), (381, 7.99674438879014E-20), (382, 9.67731669709433E-20), (383, 1.17011858104285E-19), (384, 1.41364446455312E-19), (385, 1.70642857006525E-19), (386, 2.05814421481979E-19), (387, 2.48030689393171E-19), (388, 2.9866140515501E-19), (389, 3.59334545750979E-19), (390, 4.31983462701812E-19), (391, 5.18902345327348E-19), (392, 6.22811423176606E-19), (393, 7.46933558269929E-19), (394, 8.9508414730251E-19), (395, 1.07177656576059E-18), (396, 1.28234574636418E-18), (397, 1.53309290065257E-18), (398, 1.83145487319152E-18), (399, 2.1862021723056E-18), (400, 2.6076703602701E-18), (401, 3.1080302219015E-18), (402, 3.70160297755502E-18), (403, 4.40522778072099E-18), (404, 5.23868985996719E-18), (405, 6.2252189506645E-18), (406, 7.39206913734963E-18), (407, 8.77119291950415E-18), (408, 1.0400024252355E-17), (409, 1.23223875344824E-17), (410, 1.45895520545909E-17), (411, 1.72614543149619E-17), (412, 2.04081139688469E-17), (413, 2.41112728999353E-17), (414, 2.84662912978798E-17), (415, 3.35843395168162E-17), (416, 3.95949301252115E-17), (417, 4.66488409569411E-17), (418, 5.49214872585752E-17), (419, 6.46168093127888E-17), (420, 7.59717513335202E-17), (421, 8.92614181221758E-17), (422, 1.04805008111208E-16), (423, 1.22972635187499E-16), (424, 1.4419316729153E-16), (425, 1.68963227463042E-16), (426, 1.97857523011623E-16), (427, 2.31540691124683E-16), (428, 2.70780874813869E-16), (429, 3.16465272011135E-16), (430, 3.69617933267844E-16), (431, 4.31420120342606E-16), (432, 5.03233579497798E-16), (433, 5.86627130131424E-16), (434, 6.83407022086529E-16), (435, 7.95651574313541E-16), (436, 9.2575067430095E-16), (437, 1.07645079271497E-15), (438, 1.2509062519756E-15), (439, 1.45273758213049E-15), (440, 1.68609790357409E-15), (441, 1.95574839523626E-15), (442, 2.26714404031502E-15), (443, 2.62653099109864E-15), (444, 3.04105706173432E-15), (445, 3.5188970449734E-15), (446, 4.06939475818854E-15), (447, 4.70322395778659E-15), (448, 5.43257052226093E-15), (449, 6.27133859555324E-15), (450, 7.23538370745463E-15), (451, 8.34277625014064E-15), (452, 9.61409909365142E-15), (453, 1.10727835726565E-14), (454, 1.27454885770947E-14), (455, 1.46625280356597E-14), (456, 1.68583526995531E-14), (457, 1.937209282099E-14), (458, 2.22481690837912E-14), (459, 2.5536979989924E-14), (460, 2.9295674844699E-14), (461, 3.35890225239977E-14), (462, 3.84903873597844E-14), (463, 4.40828247566397E-14), (464, 5.04603105646267E-14), (465, 5.77291197961008E-14), (466, 6.60093720010358E-14), (467, 7.54367625233746E-14), (468, 8.61645009676471E-14), (469, 9.83654805300811E-14), (470, 1.12234704412901E-13), (471, 1.27991998367617E-13), (472, 1.45885041528063E-13), (473, 1.66192751124291E-13), (474, 1.89229060444006E-13), (475, 2.15347133561665E-13), (476, 2.44944064922067E-13), (477, 2.78466116883639E-13), (478, 3.16414553838586E-13), (479, 3.59352137577921E-13), (480, 4.07910355208428E-13), (481, 4.62797458209193E-13), (482, 5.24807399195444E-13), (483, 5.94829761699657E-13), (484, 6.73860787852237E-13), (485, 7.63015619319972E-13), (486, 8.63541878319408E-13), (487, 9.76834728050129E-13), (488, 1.10445356558258E-12), (489, 1.24814051518666E-12), (490, 1.409840906409E-12), (491, 1.59172593901545E-12), (492, 1.79621775633631E-12), (493, 2.02601716972106E-12), (494, 2.28413429987254E-12), (495, 2.57392242594506E-12), (496, 2.89911536062499E-12), (497, 3.26386869914929E-12), (498, 3.67280532255017E-12), (499, 4.13106557055488E-12), (500, 4.64436253774135E-12), (501, 5.21904298799641E-12), (502, 5.86215442730142E-12), (503, 6.58151892365889E-12), (504, 7.38581431586946E-12), (505, 8.28466351019141E-12), (506, 9.28873262600365E-12), (507, 1.0409838818814E-11), (508, 1.16610686816958E-11), (509, 1.3056908204916E-11), (510, 1.46133853585766E-11), (511, 1.63482264550114E-11), (512, 1.82810275469563E-11), (513, 2.04334422246985E-11), (514, 2.28293872910629E-11), (515, 2.54952679178498E-11), (516, 2.84602240218248E-11), (517, 3.17563997432907E-11), (518, 3.54192380663726E-11), (519, 3.94878027882041E-11), (520, 4.40051302250533E-11), (521, 4.90186132379508E-11), (522, 5.45804203695218E-11), (523, 6.07479531084705E-11), (524, 6.75843445395795E-11), (525, 7.51590028962811E-11), (526, 8.35482038110217E-11), (527, 9.28357353570226E-11), (528, 1.0311360029497E-10), (529, 1.14482780281045E-10), (530, 1.27054067160008E-10), (531, 1.40948966860363E-10), (532, 1.56300681829548E-10), (533, 1.73255178397468E-10), (534, 1.91972345938206E-10), (535, 2.126272552145E-10), (536, 2.35411523839476E-10), (537, 2.60534797377404E-10), (538, 2.88226355232123E-10), (539, 3.18736851140649E-10), (540, 3.52340198802825E-10), (541, 3.89335613938323E-10), (542, 4.3004982487264E-10), (543, 4.74839464616782E-10), (544, 5.2409365832421E-10), (545, 5.78236820986432E-10), (546, 6.37731681268738E-10), (547, 7.03082548493497E-10), (548, 7.74838840953727E-10), (549, 8.53598894988276E-10), (550, 9.40014075575706E-10), (551, 1.03479321061123E-09), (552, 1.13870737252399E-09), (553, 1.25259503247526E-09), (554, 1.37736761405636E-09), (555, 1.51401547518347E-09), (556, 1.66361434876969E-09), (557, 1.82733227474867E-09), (558, 2.00643705813391E-09), (559, 2.20230429002939E-09), (560, 2.41642597086681E-09), (561, 2.65041977763816E-09), (562, 2.90603901952643E-09), (563, 3.18518332911886E-09), (564, 3.48991013932245E-09), (565, 3.82244699919888E-09), (566, 4.18520478520194E-09), (567, 4.58079186774341E-09), (568, 5.01202929664069E-09), (569, 5.48196707282011E-09), (570, 5.99390157767148E-09), (571, 6.55139423568196E-09), (572, 7.15829149042859E-09), (573, 7.81874617868927E-09), (574, 8.53724039235057E-09), (575, 9.31860992295757E-09), (576, 1.01680703891762E-08), (577, 1.10912451531327E-08), (578, 1.20941951375692E-08), (579, 1.31834506620176E-08), (580, 1.43660454227615E-08), (581, 1.56495527482362E-08), (582, 1.70421242687194E-08), (583, 1.85525311467121E-08), (584, 2.01902080222973E-08), (585, 2.19652998360219E-08), (586, 2.38887117004755E-08), (587, 2.597216200076E-08), (588, 2.82282389134607E-08), (589, 3.06704605435685E-08), (590, 3.33133388890645E-08), (591, 3.61724478535855E-08), (592, 3.92644955387532E-08), (593, 4.26074010593864E-08), (594, 4.62203761369342E-08), (595, 5.01240117390915E-08), (596, 5.43403700466943E-08), (597, 5.8893082042659E-08), (598, 6.38074510319411E-08), (599, 6.91105624162601E-08), (600, 7.48314000626844E-08), (601, 8.10009696211052E-08), (602, 8.76524291621694E-08), (603, 9.48212275244049E-08), (604, 1.02545250777063E-07), (605, 1.10864977223654E-07), (606, 1.19823641390256E-07), (607, 1.2946740746247E-07), (608, 1.39845552655376E-07), (609, 1.51010661022033E-07), (610, 1.63018828227969E-07), (611, 1.75929877841773E-07), (612, 1.89807589715268E-07), (613, 2.04719941050913E-07), (614, 2.20739360779006E-07), (615, 2.37942997892968E-07), (616, 2.5641300441749E-07), (617, 2.76236833711654E-07), (618, 2.97507554837246E-07), (619, 3.20324183751453E-07), (620, 3.4479203211292E-07), (621, 3.71023074520765E-07), (622, 3.99136335037663E-07), (623, 4.29258293880394E-07), (624, 4.61523315194503E-07), (625, 4.96074096863753E-07), (626, 5.33062143339966E-07), (627, 5.72648262514686E-07), (628, 6.15003087690724E-07), (629, 6.60307625749207E-07), (630, 7.08753832646133E-07), (631, 7.60545217411725E-07), (632, 8.15897475865962E-07), (633, 8.75039155304679E-07), (634, 9.38212351452404E-07), (635, 1.00567343902078E-06), (636, 1.07769383725485E-06), (637, 1.1545608118938E-06), (638, 1.23657831501782E-06), (639, 1.32406786429845E-06), (640, 1.41736946321667E-06), (641, 1.51684256385994E-06), (642, 1.62286707395777E-06), (643, 1.7358444098638E-06), (644, 1.85619859724209E-06), (645, 1.98437742126495E-06), (646, 2.12085362818045E-06), (647, 2.26612618015884E-06), (648, 2.42072156537865E-06), (649, 2.58519516536548E-06), (650, 2.76013268164895E-06), (651, 2.94615162385623E-06), (652, 3.14390286141382E-06), (653, 3.35407224108282E-06), (654, 3.57738227260649E-06), (655, 3.81459388480325E-06), (656, 4.06650825449169E-06), (657, 4.33396871068878E-06), (658, 4.61786271657614E-06), (659, 4.91912393178328E-06), (660, 5.23873435759048E-06), (661, 5.57772656770754E-06), (662, 5.93718602733749E-06), (663, 6.31825350328757E-06), (664, 6.7221275679417E-06), (665, 7.15006719996036E-06), (666, 7.60339448462481E-06), (667, 8.08349741679289E-06), (668, 8.59183280948256E-06), (669, 9.12992931114817E-06), (670, 9.69939053476117E-06), (671, 1.03018983018533E-05), (672, 1.09392160047247E-05), (673, 1.16131920900635E-05), (674, 1.23257636672635E-05), (675, 1.30789602447684E-05), (676, 1.38749075978081E-05), (677, 1.47158317709298E-05), (678, 1.56040632187596E-05), (679, 1.65420410884643E-05), (680, 1.75323176474104E-05), (681, 1.85775628595479E-05), (682, 1.96805691140671E-05), (683, 2.0844256109903E-05), (684, 2.20716758996772E-05), (685, 2.33660180966857E-05), (686, 2.47306152485526E-05), (687, 2.61689483811807E-05), (688, 2.76846527166334E-05), (689, 2.92815235685888E-05), (690, 3.09635224190012E-05), (691, 3.27347831796035E-05), (692, 3.45996186418723E-05), (693, 3.6562527119066E-05), (694, 3.86281992839249E-05), (695, 4.08015252056055E-05), (696, 4.30876015893864E-05), (697, 4.5491739222658E-05), (698, 4.80194706306672E-05), (699, 5.06765579454468E-05), (700, 5.34690009913124E-05), (701, 5.64030455902561E-05), (702, 5.94851920905061E-05), (703, 6.27222041214614E-05), (704, 6.61211175781332E-05), (705, 6.96892498381564E-05), (706, 7.34342092143448E-05), (707, 7.73639046456788E-05), (708, 8.14865556295191E-05), (709, 8.58107023977343E-05), (710, 9.0345216339327E-05), (711, 9.50993106720218E-05), (712, 0.000100082551365161), (713, 0.000105304868316122), (714, 0.000110776566782332), (715, 0.000116508339070816), (716, 0.000122511276487062), (717, 0.00012879688154482), (718, 0.000135377080438303), (719, 0.000142264235778064), (720, 0.000149471159591661), (721, 0.000157011126590011), (722, 0.000164897887700166), (723, 0.000173145683865005), (724, 0.000181769260110159), (725, 0.000190783879878238), (726, 0.000200205339630208), (727, 0.000210049983713547), (728, 0.000220334719496542), (729, 0.000231077032767849), (730, 0.000242295003400173), (731, 0.000254007321276674), (732, 0.000266233302478406), (733, 0.00027899290573083), (734, 0.000292306749107148), (735, 0.000306196126985907), (736, 0.000320683027260023), (737, 0.000335790148794042), (738, 0.000351540919126175), (739, 0.000367959512411268), (740, 0.000385070867600587), (741, 0.000402900706853915), (742, 0.000421475554179133), (743, 0.000440822754294107), (744, 0.000460970491705336), (745, 0.00048194780999745), (746, 0.000503784631327283), (747, 0.000526511776115877), (748, 0.000550160982931365), (749, 0.00057476492855534), (750, 0.000600357248224867), (751, 0.000626972556041978), (752, 0.000654646465541999), (753, 0.000683415610411751), (754, 0.000713317665348182), (755, 0.000744391367047628), (756, 0.000776676535315466), (757, 0.00081021409428553), (758, 0.000845046093738214), (759, 0.000881215730505799), (760, 0.000918767369953114), (761, 0.000957746567521211), (762, 0.00099820009032134), (763, 0.00104017593876606), (764, 0.00108372336822395), (765, 0.00112889291068389), (766, 0.0011757363964146), (767, 0.00122430697560453), (768, 0.00127465913996698), (769, 0.00132684874429475), (770, 0.00138093302794838), (771, 0.00143697063626146), (772, 0.0014950216418463), (773, 0.00155514756578263), (774, 0.00161741139867191), (775, 0.0016818776215391), (776, 0.00174861222656376), (777, 0.0018176827376216), (778, 0.00188915823061758), (779, 0.0019631093535911), (780, 0.00203960834657359), (781, 0.0021187290611784), (782, 0.00220054697990275), (783, 0.00228513923512092), (784, 0.00237258462774784), (785, 0.00246296364555182), (786, 0.00255635848109487), (787, 0.00265285304927889), (788, 0.00275253300447578), (789, 0.00285548575721919), (790, 0.00296180049043546), (791, 0.0030715681751912), (792, 0.00318488158593468), (793, 0.00330183531520802), (794, 0.00342252578780717), (795, 0.00354705127436634), (796, 0.00367551190434359), (797, 0.00380800967838419), (798, 0.00394464848003815), (799, 0.00408553408680845), (800, 0.00423077418050635), (801, 0.00438047835689024), (802, 0.00453475813456428), (803, 0.00469372696311359), (804, 0.00485750023045215), (805, 0.00502619526936024), (806, 0.00519993136318802), (807, 0.00537882975070203), (808, 0.00556301363005158), (809, 0.00575260816183219), (810, 0.00594774047122333), (811, 0.00614853964917803), (812, 0.00635513675264213), (813, 0.00656766480378119), (814, 0.00678625878819342), (815, 0.00701105565208722), (816, 0.00724219429840241), (817, 0.00747981558185438), (818, 0.00772406230288104), (819, 0.00797507920047262), (820, 0.00823301294386492), (821, 0.00849801212307726), (822, 0.0087702272382764), (823, 0.00904981068794877), (824, 0.0093369167558635), (825, 0.00963170159680946), (826, 0.00993432322109013), (827, 0.0102449414777607), (828, 0.0105637180365922), (829, 0.0108908163687493), (830, 0.0112264017261663), (831, 0.0115706411196107), (832, 0.0119237032954206), (833, 0.0122857587109052), (834, 0.0126569795083975), (835, 0.0130375394879497), (836, 0.0134276140786619), (837, 0.0138273803086369), (838, 0.0142370167735528), (839, 0.0146567036038469), (840, 0.0150866224305074), (841, 0.0155269563494656), (842, 0.015977889884587), (843, 0.0164396089492585), (844, 0.0169123008065687), (845, 0.0173961540280824), (846, 0.0178913584512089), (847, 0.0183981051351647), (848, 0.0189165863155353), (849, 0.0194469953574366), (850, 0.0199895267072834), (851, 0.0205443758431683), (852, 0.0211117392238599), (853, 0.0216918142364255), (854, 0.0222847991424906), (855, 0.0228908930231417), (856, 0.0235102957224867), (857, 0.0241432077898832), (858, 0.0247898304208489), (859, 0.025450365396669), (860, 0.0261250150227156), (861, 0.0268139820654966), (862, 0.0275174696884521), (863, 0.0282356813865167), (864, 0.0289688209194693), (865, 0.0297170922440909), (866, 0.0304806994451531), (867, 0.0312598466652613), (868, 0.0320547380335778), (869, 0.0328655775934494), (870, 0.0336925692289683), (871, 0.0345359165904933), (872, 0.0353958230191612), (873, 0.0362724914704182), (874, 0.0371661244366029), (875, 0.0380769238686144), (876, 0.0390050910966969), (877, 0.0399508267503772), (878, 0.0409143306775899), (879, 0.0418958018630269), (880, 0.0428954383457484), (881, 0.0439134371360943), (882, 0.0449499941319353), (883, 0.0460053040343036), (884, 0.0470795602624447), (885, 0.0481729548683321), (886, 0.0492856784506877), (887, 0.0504179200685521), (888, 0.0515698671544481), (889, 0.0527417054271835), (890, 0.053933618804339), (891, 0.0551457893144868), (892, 0.0563783970091886), (893, 0.0576316198748196), (894, 0.0589056337442677), (895, 0.0602006122085559), (896, 0.0615167265284391), (897, 0.0628541455460238), (898, 0.0642130355964609), (899, 0.0655935604197648), (900, 0.066995881072807), (901, 0.0684201558415377), (902, 0.0698665401534875), (903, 0.0713351864905998), (904, 0.0728262443024471), (905, 0.0743398599198852), (906, 0.0758761764691948), (907, 0.0774353337867665), (908, 0.0790174683343806), (909, 0.0806227131151339), (910, 0.0822511975900686), (911, 0.0839030475955538), (912, 0.0855783852614738), (913, 0.0872773289302751), (914, 0.088999993076925), (915, 0.0907464882298335), (916, 0.0925169208927908), (917, 0.0943113934679717), (918, 0.0961300041800585), (919, 0.0979728470015327), (920, 0.0998400115791867), (921, 0.101731583161905), (922, 0.103647642529762), (923, 0.105588265924495), (924, 0.107553524981381), (925, 0.10954348666259), (926, 0.11155821319204), (927, 0.113597761991813), (928, 0.115662185620172), (929, 0.117751531711228), (930, 0.11986584291629), (931, 0.122005156846959), (932, 0.124169506019991), (933, 0.126358917803979), (934, 0.128573414367895), (935, 0.13081301263152), (936, 0.13307772421782), (937, 0.135367555407283), (938, 0.137682507094272), (939, 0.140022574745412), (940, 0.142387748360058), (941, 0.144778012432868), (942, 0.147193345918522), (943, 0.149633722198598), (944, 0.152099109050656), (945, 0.154589468619543), (946, 0.157104757390952), (947, 0.159644926167247), (948, 0.162209920045605), (949, 0.164799678398455), (950, 0.167414134856284), (951, 0.170053217292779), (952, 0.172716847812364), (953, 0.175404942740125), (954, 0.178117412614138), (955, 0.180854162180228), (956, 0.183615090389157), (957, 0.186400090396252), (958, 0.189209049563489), (959, 0.192041849464034), (960, 0.19489836588925), (961, 0.19777846885817), (962, 0.20068202262944), (963, 0.203608885715736), (964, 0.206558910900654), (965, 0.209531945258058), (966, 0.212527830173904), (967, 0.215546401370518), (968, 0.218587488933324), (969, 0.221650917340023), (970, 0.224736505492196), (971, 0.227844066749337), (972, 0.230973408965291), (973, 0.234124334527086), (974, 0.237296640396148), (975, 0.240490118151869), (976, 0.243704554037522), (977, 0.246939729008499), (978, 0.250195418782839), (979, 0.253471393894039), (980, 0.256767419746119), (981, 0.260083256670899), (982, 0.263418659987485), (983, 0.266773380063918), (984, 0.270147162380958), (985, 0.273539747597985), (986, 0.276950871620956), (987, 0.280380265672418), (988, 0.283827656363515), (989, 0.287292765767966), (990, 0.29077531149797), (991, 0.294275006782008), (992, 0.297791560544487), (993, 0.3013246774872), (994, 0.304874058172553), (995, 0.308439399108516), (996, 0.312020392835252), (997, 0.315616728013387), (998, 0.319228089513867), (999, 0.322854158509354), (1000, 0.326494612567126), (1001, 0.330149125743413), (1002, 0.333817368679142), (1003, 0.337499008697019), (1004, 0.341193709899914), (1005, 0.34490113327049), (1006, 0.348620936772028), (1007, 0.352352775450388), (1008, 0.35609630153706), (1009, 0.359851164553255), (1010, 0.363617011414967), (1011, 0.367393486538969), (1012, 0.371180231949676), (1013, 0.374976887386826), (1014, 0.378783090413918), (1015, 0.382598476527362), (1016, 0.386422679266269), (1017, 0.390255330322841), (1018, 0.394096059653294), (1019, 0.39794449558926), (1020, 0.401800264949616), (1021, 0.405662993152677), (1022, 0.409532304328702), (1023, 0.413407821432653), (1024, 0.417289166357149), (1025, 0.421175960045568), (1026, 0.42506782260523), (1027, 0.428964373420612), (1028, 0.432865231266534), (1029, 0.436770014421266), (1030, 0.440678340779503), (1031, 0.444589827965142), (1032, 0.448504093443818), (1033, 0.45242075463514), (1034, 0.456339429024577), (1035, 0.460259734274938), (1036, 0.46418128833739), (1037, 0.468103709561975), (1038, 0.47202661680756), (1039, 0.475949629551177), (1040, 0.479872367996708), (1041, 0.483794453182848), (1042, 0.487715507090321), (1043, 0.491635152748279), (1044, 0.495553014339858), (1045, 0.499468717306822), (1046, 0.503381888453272), (1047, 0.507292156048356), (1048, 0.511199149927947), (1049, 0.515102501595253), (1050, 0.51900184432029), (1051, 0.522896813238212), (1052, 0.526787045446433), (1053, 0.530672180100505), (1054, 0.534551858508728), (1055, 0.538425724225437), (1056, 0.542293423142945), (1057, 0.54615460358209), (1058, 0.550008916381371), (1059, 0.553856014984626), (1060, 0.557695555527226), (1061, 0.561527196920748), (1062, 0.565350600936113), (1063, 0.569165432285136), (1064, 0.572971358700482), (1065, 0.576768051013993), (1066, 0.580555183233355), (1067, 0.584332432617096), (1068, 0.588099479747874), (1069, 0.591856008604048), (1070, 0.595601706629503), (1071, 0.599336264801711), (1072, 0.60305937769801), (1073, 0.606770743560091), (1074, 0.610470064356656), (1075, 0.614157045844262), (1076, 0.617831397626309), (1077, 0.621492833210182), (1078, 0.625141070062511), (1079, 0.628775829662574), (1080, 0.632396837553789), (1081, 0.636003823393334), (1082, 0.639596520999843), (1083, 0.643174668399215), (1084, 0.646738007868491), (1085, 0.650286285977832), (1086, 0.653819253630566), (1087, 0.657336666101323), (1088, 0.660838283072246), (1089, 0.664323868667282), (1090, 0.667793191484557), (1091, 0.67124602462684), (1092, 0.674682145730087), (1093, 0.678101336990089), (1094, 0.68150338518721), (1095, 0.684888081709243), (1096, 0.688255222572371), (1097, 0.691604608440257), (1098, 0.694936044641264), (1099, 0.698249341183822), (1100, 0.701544312769945), (1101, 0.704820778806925), (1102, 0.708078563417197), (1103, 0.711317495446404), (1104, 0.714537408469674), (1105, 0.717738140796118), (1106, 0.720919535471573), (1107, 0.724081440279606), (1108, 0.727223707740795), (1109, 0.730346195110303), (1110, 0.733448764373773), (1111, 0.736531282241555), (1112, 0.739593620141296), (1113, 0.7426356542089), (1114, 0.745657265277893), (1115, 0.748658338867215), (1116, 0.75163876516745), (1117, 0.754598439025531), (1118, 0.757537259927942), (1119, 0.760455131982433), (1120, 0.763351963898285), (1121, 0.76622766896514), (1122, 0.769082165030436), (1123, 0.771915374475455), (1124, 0.774727224190029), (1125, 0.77751764554592), (1126, 0.780286574368906), (1127, 0.783033950909603), (1128, 0.785759719813042), (1129, 0.788463830087047), (1130, 0.791146235069421), (1131, 0.793806892393989), (1132, 0.796445763955518), (1133, 0.799062815873536), (1134, 0.801658018455105), (1135, 0.804231346156541), (1136, 0.806782777544149), (1137, 0.809312295253976), (1138, 0.811819885950622), (1139, 0.814305540285146), (1140, 0.816769252852079), (1141, 0.819211022145598), (1142, 0.821630850514874), (1143, 0.824028744118626), (1144, 0.826404712878923), (1145, 0.828758770434252), (1146, 0.831090934091886), (1147, 0.833401224779588), (1148, 0.835689666996675), (1149, 0.837956288764468), (1150, 0.840201121576169), (1151, 0.842424200346194), (1152, 0.844625563358971), (1153, 0.846805252217269), (1154, 0.848963311790046), (1155, 0.851099790159884), (1156, 0.85321473857001), (1157, 0.855308211370944), (1158, 0.857380265966811), (1159, 0.859430962761321), (1160, 0.861460365103475), (1161, 0.863468539232996), (1162, 0.865455554225533), (1163, 0.867421481937656), (1164, 0.869366396951672), (1165, 0.871290376520277), (1166, 0.873193500511093), (1167, 0.875075851351094), (1168, 0.876937513970953), (1169, 0.878778575749342), (1170, 0.880599126457196), (1171, 0.882399258201986), (1172, 0.884179065371993), (1173, 0.885938644580643), (1174, 0.887678094610898), (1175, 0.889397516359736), (1176, 0.891097012782747), (1177, 0.892776688838854), (1178, 0.894436651435195), (1179, 0.896077009372176), (1180, 0.897697873288716), (1181, 0.899299355607715), (1182, 0.900881570481747), (1183, 0.902444633739013), (1184, 0.903988662829565), (1185, 0.905513776771815), (1186, 0.907020096099364), (1187, 0.908507742808138), (1188, 0.909976840303887), (1189, 0.911427513350022), (1190, 0.912859888015843), (1191, 0.914274091625143), (1192, 0.915670252705228), (1193, 0.917048500936345), (1194, 0.918408967101551), (1195, 0.919751783037023), (1196, 0.921077081582833), (1197, 0.922384996534186), (1198, 0.92367566259315), (1199, 0.92494921532088), (1200, 0.926205791090347), (1201, 0.927445527039584), (1202, 0.92866856102546), (1203, 0.929875031577998), (1204, 0.931065077855228), (1205, 0.93223883959861), (1206, 0.933396457089009), (1207, 0.934538071103249), (1208, 0.935663822871248), (1209, 0.936773854033739), (1210, 0.937868306600581), (1211, 0.938947322909677), (1212, 0.940011045586498), (1213, 0.941059617504211), (1214, 0.942093181744436), (1215, 0.943111881558613), (1216, 0.944115860330006), (1217, 0.945105261536328), (1218, 0.946080228713006), (1219, 0.947040905417078), (1220, 0.947987435191734), (1221, 0.948919961531497), (1222, 0.949838627848045), (1223, 0.950743577436686), (1224, 0.951634953443472), (1225, 0.952512898832966), (1226, 0.953377556356661), (1227, 0.954229068522038), (1228, 0.955067577562281), (1229, 0.955893225406644), (1230, 0.956706153651456), (1231, 0.957506503531779), (1232, 0.95829441589372), (1233, 0.95907003116737), (1234, 0.959833489340404), (1235, 0.960584929932311), (1236, 0.961324491969266), (1237, 0.96205231395964), (1238, 0.962768533870138), (1239, 0.963473289102578), (1240, 0.964166716471281), (1241, 0.9648489521811), (1242, 0.965520131806059), (1243, 0.966180390268611), (1244, 0.966829861819509), (1245, 0.967468680018281), (1246, 0.96809697771431), (1247, 0.96871488702851), (1248, 0.969322539335595), (1249, 0.96992006524694), (1250, 0.970507594594018), (1251, 0.971085256412416), (1252, 0.971653178926426), (1253, 0.972211489534197), (1254, 0.972760314793446), (1255, 0.973299780407729), (1256, 0.973830011213253), (1257, 0.974351131166231), (1258, 0.974863263330771), (1259, 0.975366529867295), (1260, 0.975861052021479), (1261, 0.976346950113704), (1262, 0.97682434352902), (1263, 0.977293350707608), (1264, 0.977754089135739), (1265, 0.978206675337211), (1266, 0.978651224865277), (1267, 0.979087852295042), (1268, 0.979516671216316), (1269, 0.97993779422694), (1270, 0.980351332926552), (1271, 0.980757397910797), (1272, 0.981156098765976), (1273, 0.981547544064123), (1274, 0.981931841358495), (1275, 0.982309097179489), (1276, 0.98267941703095), (1277, 0.983042905386884), (1278, 0.983399665688563), (1279, 0.983749800342006), (1280, 0.984093410715841), (1281, 0.984430597139533), (1282, 0.984761458901969), (1283, 0.985086094250396), (1284, 0.98540460038971), (1285, 0.985717073482072), (1286, 0.986023608646861), (1287, 0.986324299960944), (1288, 0.986619240459269), (1289, 0.986908522135751), (1290, 0.987192235944474), (1291, 0.987470471801173), (1292, 0.987743318585005), (1293, 0.988010864140604), (1294, 0.988273195280393), (1295, 0.988530397787172), (1296, 0.988782556416958), (1297, 0.98902975490207), (1298, 0.989272075954464), (1299, 0.989509601269293), (1300, 0.989742411528709), (1301, 0.98997058640587), (1302, 0.990194204569177), (1303, 0.990413343686707), (1304, 0.990628080430857), (1305, 0.990838490483174), (1306, 0.99104464853938), (1307, 0.991246628314575), (1308, 0.991444502548619), (1309, 0.991638343011676), (1310, 0.991828220509931), (1311, 0.992014204891458), (1312, 0.992196365052239), (1313, 0.99237476894233), (1314, 0.992549483572164), (1315, 0.992720575018989), (1316, 0.992888108433434), (1317, 0.993052148046197), (1318, 0.993212757174847), (1319, 0.993369998230743), (1320, 0.99352393272605), (1321, 0.993674621280863), (1322, 0.993822123630428), (1323, 0.993966498632442), (1324, 0.994107804274454), (1325, 0.994246097681332), (1326, 0.994381435122815), (1327, 0.994513872021134), (1328, 0.994643462958698), (1329, 0.99477026168584), (1330, 0.994894321128627), (1331, 0.995015693396715), (1332, 0.99513442979126), (1333, 0.995250580812868), (1334, 0.995364196169588), (1335, 0.995475324784945), (1336, 0.995584014805997), (1337, 0.995690313611429), (1338, 0.995794267819669), (1339, 0.995895923297026), (1340, 0.995995325165841), (1341, 0.996092517812665), (1342, 0.996187544896432), (1343, 0.996280449356654), (1344, 0.996371273421612), (1345, 0.996460058616547), (1346, 0.996546845771862), (1347, 0.996631675031301), (1348, 0.996714585860139), (1349, 0.996795617053346), (1350, 0.996874806743749), (1351, 0.996952192410172), (1352, 0.997027810885565), (1353, 0.997101698365101), (1354, 0.997173890414261), (1355, 0.997244421976889), (1356, 0.997313327383219), (1357, 0.99738064035787), (1358, 0.997446394027818), (1359, 0.997510620930321), (1360, 0.997573353020821), (1361, 0.997634621680797), (1362, 0.997694457725589), (1363, 0.997752891412169), (1364, 0.997809952446879), (1365, 0.997865669993119), (1366, 0.997920072678991), (1367, 0.997973188604891), (1368, 0.998025045351058), (1369, 0.998075669985071), (1370, 0.998125089069285), (1371, 0.998173328668228), (1372, 0.998220414355935), (1373, 0.998266371223226), (1374, 0.998311223884933), (1375, 0.998354996487064), (1376, 0.99839771271391), (1377, 0.998439395795094), (1378, 0.998480068512559), (1379, 0.998519753207492), (1380, 0.99855847178719), (1381, 0.998596245731862), (1382, 0.998633096101365), (1383, 0.998669043541879), (1384, 0.998704108292519), (1385, 0.998738310191875), (1386, 0.998771668684495), (1387, 0.998804202827294), (1388, 0.998835931295903), (1389, 0.998866872390946), (1390, 0.998897044044256), (1391, 0.998926463825014), (1392, 0.998955148945832), (1393, 0.998983116268754), (1394, 0.999010382311208), (1395, 0.999036963251866), (1396, 0.999062874936458), (1397, 0.999088132883503), (1398, 0.999112752289974), (1399, 0.999136748036904), (1400, 0.999160134694906), (1401, 0.999182926529641), (1402, 0.999205137507212), (1403, 0.99922678129948), (1404, 0.99924787128933), (1405, 0.999268420575853), (1406, 0.999288441979467), (1407, 0.999307948046973), (1408, 0.999326951056533), (1409, 0.999345463022596), (1410, 0.999363495700739), (1411, 0.999381060592458), (1412, 0.999398168949883), (1413, 0.999414831780427), (1414, 0.999431059851372), (1415, 0.99944686369439), (1416, 0.999462253609997), (1417, 0.999477239671939), (1418, 0.999491831731526), (1419, 0.999506039421881), (1420, 0.999519872162152), (1421, 0.999533339161632), (1422, 0.999546449423846), (1423, 0.999559211750548), (1424, 0.999571634745679), (1425, 0.99958372681925), (1426, 0.999595496191166), (1427, 0.999606950894999), (1428, 0.999618098781688), (1429, 0.999628947523191), (1430, 0.999639504616072), (1431, 0.999649777385033), (1432, 0.999659772986384), (1433, 0.999669498411466), (1434, 0.999678960490002), (1435, 0.99968816589341), (1436, 0.999697121138047), (1437, 0.999705832588402), (1438, 0.999714306460241), (1439, 0.999722548823689), (1440, 0.999730565606267), (1441, 0.999738362595871), (1442, 0.999745945443702), (1443, 0.999753319667146), (1444, 0.9997604906526), (1445, 0.999767463658251), (1446, 0.999774243816804), (1447, 0.999780836138163), (1448, 0.999787245512063), (1449, 0.999793476710652), (1450, 0.999799534391028), (1451, 0.999805423097736), (1452, 0.999811147265206), (1453, 0.999816711220157), (1454, 0.999822119183951), (1455, 0.999827375274908), (1456, 0.99983248351057), (1457, 0.99983744780993), (1458, 0.999842271995613), (1459, 0.999846959796022), (1460, 0.999851514847436), (1461, 0.999855940696072), (1462, 0.999860240800105), (1463, 0.999864418531653), (1464, 0.999868477178716), (1465, 0.999872419947086), (1466, 0.999876249962209), (1467, 0.999879970271024), (1468, 0.999883583843752), (1469, 0.999887093575653), (1470, 0.999890502288758), (1471, 0.999893812733551), (1472, 0.999897027590626), (1473, 0.99990014947231), (1474, 0.99990318092425), (1475, 0.999906124426972), (1476, 0.999908982397399), (1477, 0.99991175719035), (1478, 0.9999144511), (1479, 0.999917066361309), (1480, 0.999919605151429), (1481, 0.999922069591069), (1482, 0.999924461745845), (1483, 0.999926783627594), (1484, 0.999929037195656), (1485, 0.999931224358142), (1486, 0.999933346973158), (1487, 0.999935406850022), (1488, 0.999937405750435), (1489, 0.999939345389641), (1490, 0.999941227437557), (1491, 0.999943053519877), (1492, 0.999944825219154), (1493, 0.999946544075859), (1494, 0.999948211589412), (1495, 0.9999498292192), (1496, 0.999951398385558), (1497, 0.999952920470743), (1498, 0.999954396819876), (1499, 0.999955828741868), (1500, 0.999957217510324), (1501, 0.999958564364425), (1502, 0.999959870509795), (1503, 0.999961137119338), (1504, 0.999962365334071), (1505, 0.999963556263925), (1506, 0.999964710988532), (1507, 0.999965830557996), (1508, 0.999966915993648), (1509, 0.999967968288771), (1510, 0.999968988409326), (1511, 0.99996997729465), (1512, 0.999970935858139), (1513, 0.999971864987915), (1514, 0.999972765547482), (1515, 0.999973638376361), (1516, 0.999974484290713), (1517, 0.999975304083944), (1518, 0.999976098527302), (1519, 0.999976868370452), (1520, 0.999977614342042), (1521, 0.999978337150256), (1522, 0.999979037483349), (1523, 0.999979716010175), (1524, 0.9999803733807), (1525, 0.999981010226498), (1526, 0.999981627161242), (1527, 0.99998222478118), (1528, 0.999982803665598), (1529, 0.999983364377272), (1530, 0.999983907462913), (1531, 0.999984433453598), (1532, 0.999984942865182), (1533, 0.999985436198722), (1534, 0.999985913940863), (1535, 0.999986376564236) }
  Time:        9.2 s

  + State elimination
    States:      28779
    Transitions: 28779
    Branches:    481758
    Time:        8.5 s

  + Value iteration
    Time: 0.7 s
