Peak memory usage: 639 MB
Analysis results for abstractArbiter7_reduced_v2.modest

+ State space exploration
  Min. state size: 112 bytes
  States:          1781770
  Transitions:     1781770
  Branches:        2205949
  Rate:            525596 states/s
  Time:            3.8 s

+ Property p1
  Probability: 0.999966501676795
  Bounds:      [0.999966501676795, 1]
  CDF:         { (0, 0), ..., (148, 0), (149, 7.30505658114776E-144), (150, 8.59561657715053E-142), (151, 5.09876315078895E-140), (152, 2.03280446325848E-138), (153, 6.12762562738149E-137), (154, 1.48954717491755E-135), (155, 3.04145784815619E-134), (156, 5.36514016299074E-133), (157, 8.34601453326203E-132), (158, 1.1630223962647E-130), (159, 1.46986014686022E-129), (160, 1.70169317639076E-128), (161, 1.81962478701024E-127), (162, 1.80958315169095E-126), (163, 1.68354017865822E-125), (164, 1.47269637242356E-124), (165, 1.21662770331101E-123), (166, 9.52867584089054E-123), (167, 7.09936188098898E-122), (168, 5.04704309346851E-121), (169, 3.43294805588169E-120), (170, 2.2396197389238E-119), (171, 1.40449965558015E-118), (172, 8.48370161128003E-118), (173, 4.94499055477458E-117), (174, 2.78608918909441E-116), (175, 1.51966638530463E-115), (176, 8.03613475314366E-115), (177, 4.12541278633198E-114), (178, 2.05846187397149E-113), (179, 9.99470826237461E-113), (180, 4.72729097089016E-112), (181, 2.18022899785639E-111), (182, 9.8139655869596E-111), (183, 4.31538540837342E-110), (184, 1.85517293838959E-109), (185, 7.80324333661526E-109), (186, 3.21372585566014E-108), (187, 1.29683515802971E-107), (188, 5.13081184064305E-107), (189, 1.99150246352034E-106), (190, 7.58792897558693E-106), (191, 2.83958355139235E-105), (192, 1.04424984990086E-104), (193, 3.77564231268917E-104), (194, 1.3428325106067E-103), (195, 4.69997661362284E-103), (196, 1.61957712742649E-102), (197, 5.49693313896095E-102), (198, 1.83833660154364E-101), (199, 6.06011441689619E-101), (200, 1.96990959406256E-100), (201, 6.31645426493072E-100), (202, 1.99851646666259E-99), (203, 6.24150492471757E-99), (204, 1.92465331446264E-98), (205, 5.86173949156314E-98), (206, 1.76374423330673E-97), (207, 5.24444365334806E-97), (208, 1.5414632950894E-96), (209, 4.47968980669249E-96), (210, 1.28751045110052E-95), (211, 3.66053829838251E-95), (212, 1.02974630156604E-94), (213, 2.86683655184797E-94), (214, 7.9005276570768E-94), (215, 2.15565724178345E-93), (216, 5.82452863630766E-93), (217, 1.55877538060997E-92), (218, 4.13265819577256E-92), (219, 1.08561937362446E-91), (220, 2.82620935236703E-91), (221, 7.2926247796889E-91), (222, 1.86546929421431E-90), (223, 4.73136862494808E-90), (224, 1.19000173842689E-89), (225, 2.96849445667314E-89), (226, 7.34541832137839E-89), (227, 1.80322723551276E-88), (228, 4.39236329505533E-88), (229, 1.06174073069645E-87), (230, 2.54722949103654E-87), (231, 6.06600034938373E-87), (232, 1.43408681552672E-86), (233, 3.36619729380032E-86), (234, 7.84595606829348E-86), (235, 1.81611813868975E-85), (236, 4.17525195926612E-85), (237, 9.53474010457172E-85), (238, 2.16306028564876E-84), (239, 4.87536169143869E-84), (240, 1.09186075530771E-83), (241, 2.42992316918226E-83), (242, 5.37432998604413E-83), (243, 1.18141707729339E-82), (244, 2.58148107504679E-82), (245, 5.60738210520989E-82), (246, 1.21091782609847E-81), (247, 2.59997661536535E-81), (248, 5.55086342381649E-81), (249, 1.17848275580626E-80), (250, 2.48823832443505E-80), (251, 5.22517043102184E-80), (252, 1.09139417315493E-79), (253, 2.2676065466501E-79), (254, 4.6869485660325E-79), (255, 9.63784457275351E-79), (256, 1.97181907268175E-78), (257, 4.01403494494544E-78), (258, 8.13113327653744E-78), (259, 1.63909887864336E-77), (260, 3.28829733347274E-77), (261, 6.56562388845883E-77), (262, 1.30480766372556E-76), (263, 2.58112252530532E-76), (264, 5.08262289419584E-76), (265, 9.96344008155836E-76), (266, 1.9444528312729E-75), (267, 3.77812410884636E-75), (268, 7.30919084869848E-75), (269, 1.40799063635385E-74), (270, 2.70078665654095E-74), (271, 5.15897082788111E-74), (272, 9.81386221182538E-74), (273, 1.8592694449548E-73), (274, 3.50825539357617E-73), (275, 6.5933658759539E-73), (276, 1.23427089503987E-72), (277, 2.3015531064252E-72), (278, 4.27521750398983E-72), (279, 7.91118027970121E-72), (280, 1.45844148084266E-71), (281, 2.67867403268902E-71), (282, 4.90175958707119E-71), (283, 8.93723657594225E-71), (284, 1.62364517796253E-70), (285, 2.93922504604399E-70), (286, 5.30206820790745E-70), (287, 9.53114700478634E-70), (288, 1.7074530051219E-69), (289, 3.0484014187091E-69), (290, 5.4241433284874E-69), (291, 9.61925201424384E-69), (292, 1.70026993029633E-68), (293, 2.99554536187704E-68), (294, 5.2605380429842E-68), (295, 9.20863402538002E-68), (296, 1.60688705607837E-67), (297, 2.79521142010979E-67), (298, 4.84726760466681E-67), (299, 8.38003805924271E-67), (300, 1.44435871123554E-66), (301, 2.48197514586034E-66), (302, 4.2523214201329E-66), (303, 7.26396653871666E-66), (304, 1.23723810131299E-65), (305, 2.10124575366098E-65), (306, 3.55841623423722E-65), (307, 6.00903893808553E-65), (308, 1.01189050213825E-64), (309, 1.69923689888139E-64), (310, 2.84562557695049E-64), (311, 4.75243659312543E-64), (312, 7.91554505224353E-64), (313, 1.31486826029043E-63), (314, 2.17836889281658E-63), (315, 3.59947421130514E-63), (316, 5.93219877403235E-63), (317, 9.75150604859944E-63), (318, 1.59888526469879E-62), (319, 2.61494525499201E-62), (320, 4.26596752429886E-62), (321, 6.94211716551555E-62), (322, 1.12692614491935E-61), (323, 1.82489393628708E-61), (324, 2.94800261368848E-61), (325, 4.75089507140605E-61), (326, 7.63817316827813E-61), (327, 1.22512125106484E-60), (328, 1.96043776472323E-60), (329, 3.12982635000047E-60), (330, 4.98527690227315E-60), (331, 7.92261840757124E-60), (332, 1.25622385704008E-59), (333, 1.98743303628063E-59), (334, 3.13728054885785E-59), (335, 4.94148749916075E-59), (336, 7.76628884884586E-59), (337, 1.21794806370499E-58), (338, 1.90594861730422E-58), (339, 2.97624372274611E-58), (340, 4.63776010174012E-58), (341, 7.21170665232982E-58), (342, 1.11909052166989E-57), (343, 1.73299411328884E-57), (344, 2.6781869211743E-57), (345, 4.13051060270505E-57), (346, 6.35759268134242E-57), (347, 9.76595496648827E-57), (348, 1.49718912387521E-56), (349, 2.29079024628325E-56), (350, 3.49822231761226E-56), (351, 5.33174693914094E-56), (352, 8.110698059756E-56), (353, 1.23145908443434E-55), (354, 1.86621283852876E-55), (355, 2.82285195304675E-55), (356, 4.26193683382302E-55), (357, 6.42279491580799E-55), (358, 9.66151714728068E-55), (359, 1.45069745216453E-54), (360, 2.17432550361938E-54), (361, 3.25307699013631E-54), (362, 4.8583858569338E-54), (363, 7.24308011776065E-54), (364, 1.07793822925694E-53), (365, 1.60143520799438E-53), (366, 2.37506407657665E-53), (367, 3.51639161317198E-53), (368, 5.19733259695325E-53), (369, 7.6688548228143E-53), (370, 1.12967250201187E-52), (371, 1.66131458066516E-52), (372, 2.43912276258863E-52), (373, 3.57522215344142E-52), (374, 5.23196787451115E-52), (375, 7.64407224036848E-52), (376, 1.11503149805812E-51), (377, 1.62389159778027E-51), (378, 2.36123565929628E-51), (379, 3.42798436769932E-51), (380, 4.96890030041082E-51), (381, 7.19131615441057E-51), (382, 1.03917282116544E-50), (383, 1.49935017272491E-50), (384, 2.16002519129618E-50), (385, 3.10713060234118E-50), (386, 4.46282241725404E-50), (387, 6.40049433138923E-50), (388, 9.16591034642696E-50), (389, 1.31069060469284E-49), (390, 1.87150733575704E-49), (391, 2.66841808742542E-49), (392, 3.7991933589522E-49), (393, 5.40142364026279E-49), (394, 7.66846617117756E-49), (395, 1.08716697497047E-48), (396, 1.53913067498679E-48), (397, 2.17595650587564E-48), (398, 3.07202211160322E-48), (399, 4.33113551482705E-48), (400, 6.09798531031073E-48), (401, 8.57397004299157E-48), (402, 1.20390527792914E-47), (403, 1.68818947617617E-47), (404, 2.36413504333656E-47), (405, 3.30635335821322E-47), (406, 4.6180196914053E-47), (407, 6.44162479355017E-47), (408, 8.97370450414993E-47), (409, 1.24849937915353E-46), (410, 1.73479683264224E-46), (411, 2.40744346703659E-46), (412, 3.33667718814583E-46), (413, 4.61876963786262E-46), (414, 6.38551299677118E-46), (415, 8.81710471411526E-46), (416, 1.2159626096109E-45), (417, 1.67487241849524E-45), (418, 2.30416602733277E-45), (419, 3.1660629533461E-45), (420, 4.34512467238914E-45), (421, 5.95614151330882E-45), (422, 8.15475588893063E-45), (423, 1.11517546764981E-44), (424, 1.52322759219126E-44), (425, 2.07815901173276E-44), (426, 2.83196672471109E-44), (427, 3.85474712729857E-44), (428, 5.24088911630778E-44), (429, 7.11734974160289E-44), (430, 9.65470043220998E-44), (431, 1.30818550774443E-43), (432, 1.7705685633491E-43), (433, 2.39371186923647E-43), (434, 3.23258166655879E-43), (435, 4.36062178515938E-43), (436, 5.87585901676997E-43), (437, 7.90899082126216E-43), (438, 1.06340876495411E-42), (439, 1.42827402210728E-42), (440, 1.91627410534825E-42), (441, 2.56827277871427E-42), (442, 3.43846572023378E-42), (443, 4.5986554135954E-42), (444, 6.14387286663764E-42), (445, 8.19976295043467E-42), (446, 1.0932276805605E-41), (447, 1.45603791939731E-41), (448, 1.93726919414598E-41), (449, 2.57492709542766E-41), (450, 3.4190071995636E-41), (451, 4.53521229932105E-41), (452, 6.00980182792575E-41), (453, 7.95591215290987E-41), (454, 1.05217858810287E-40), (455, 1.39014764495448E-40), (456, 1.83487591898734E-40), (457, 2.4195192092448E-40), (458, 3.18735418917764E-40), (459, 4.19481406766215E-40), (460, 5.51541864735266E-40), (461, 7.24485754646937E-40), (462, 9.50755884098213E-40), (463, 1.24651693558935E-39), (464, 1.63274928856075E-39), (465, 2.13665858534279E-39), (466, 2.7934905323043E-39), (467, 3.64886532347309E-39), (468, 4.76177776531844E-39), (469, 6.20844948738179E-39), (470, 8.08727084058823E-39), (471, 1.05251351101333E-38), (472, 1.36855501534743E-38), (473, 1.77790171129637E-38), (474, 2.30762982302354E-38), (475, 2.99253632752139E-38), (476, 3.87730158268475E-38), (477, 5.01924680630178E-38), (478, 6.49184701996095E-38), (479, 8.389202626131E-38), (480, 1.08317263998319E-37), (481, 1.39733701661423E-37), (482, 1.80108003226317E-37), (483, 2.31950380487E-37), (484, 2.98462140077469E-37), (485, 3.83722554322138E-37), (486, 4.92925342049575E-37), (487, 6.32677685164386E-37), (488, 8.11378010726697E-37), (489, 1.03969290040603E-36), (490, 1.33115865292908E-36), (491, 1.70293947297918E-36), (492, 2.17678230490035E-36), (493, 2.78021835921132E-36), (494, 3.54807387424355E-36), (495, 4.52436820774878E-36), (496, 5.76469669766734E-36), (497, 7.33921977336786E-36), (498, 9.33640965653345E-36), (499, 1.18677430430397E-35), (500, 1.5073574102251E-35), (501, 1.91304790595377E-35), (502, 2.4260434114551E-35), (503, 3.07422756552218E-35), (504, 3.89259995417068E-35), (505, 4.92505894261762E-35), (506, 6.22662284954479E-35), (507, 7.8661951847427E-35), (508, 9.93000467258399E-35), (509, 1.25258815796038E-34), (510, 1.57885697702765E-34), (511, 1.98863205387787E-34), (512, 2.5029071569996E-34), (513, 3.14785847672533E-34), (514, 3.95610030707318E-34), (515, 4.96823923424898E-34), (516, 6.23479642512737E-34), (517, 7.81858351349265E-34), (518, 9.79763704745565E-34), (519, 1.22688402691051E-33), (520, 1.53523900954944E-33), (521, 1.91973027096255E-33), (522, 2.39881945474054E-33), (523, 2.99536283739911E-33), (524, 3.73763786304863E-33), (525, 4.66060487810333E-33), (526, 5.80745690026781E-33), (527, 7.23152188646177E-33), (528, 8.99859610232009E-33), (529, 1.11898043706506E-32), (530, 1.39051038262299E-32), (531, 1.72675730993743E-32), (532, 2.14286595183622E-32), (533, 2.65745940778605E-32), (534, 3.29342289109481E-32), (535, 4.07886064422905E-32), (536, 5.04826352317811E-32), (537, 6.24393270742123E-32), (538, 7.71771460011325E-32), (539, 9.53311357943575E-32), (540, 1.17678632492488E-31), (541, 1.45170536975134E-31), (542, 1.78969325818556E-31), (543, 2.20495223139818E-31), (544, 2.71482250345561E-31), (545, 3.34046224448317E-31), (546, 4.10767200698128E-31), (547, 5.04789365772424E-31), (548, 6.19942000458228E-31), (549, 7.60885865658096E-31), (550, 9.33290246494569E-31), (551, 1.14404694466229E-30), (552, 1.40152877275941E-30), (553, 1.71590161628905E-30), (554, 2.09950093709923E-30), (555, 2.56728575293526E-30), (556, 3.13738570883259E-30), (557, 3.83175993715301E-30), (558, 4.6769900788689E-30), (559, 5.70523422146192E-30), (560, 6.95537373144674E-30), (561, 8.4743911793948E-30), (562, 1.03190249585478E-29), (563, 1.25577550047393E-29), (564, 1.52731844954209E-29), (565, 1.85648948462148E-29), (566, 2.25528660970484E-29), (567, 2.73815723141433E-29), (568, 3.32248824330355E-29), (569, 4.02919216253716E-29), (570, 4.88340774879747E-29), (571, 5.91533699499197E-29), (572, 7.1612444740622E-29), (573, 8.66464986979028E-29), (574, 1.04777502457669E-28), (575, 1.26631153727624E-28), (576, 1.52957074250745E-28), (577, 1.84652857873936E-28), (578, 2.22792688390306E-28), (579, 2.68661376993092E-28), (580, 3.23794823747466E-28), (581, 3.90028089529804E-28), (582, 4.69552479171624E-28), (583, 5.64983288654501E-28), (584, 6.79440165651067E-28), (585, 8.16642381109918E-28), (586, 9.81021718828761E-28), (587, 1.17785617042414E-27), (588, 1.41342818688654E-27), (589, 1.69521189911051E-27), (590, 2.03209449484307E-27), (591, 2.43463784753581E-27), (592, 2.91538755588901E-27), (593, 3.48923779734906E-27), (594, 4.17386185458956E-27), (595, 4.99021987608099E-27), (596, 5.9631574208997E-27), (597, 7.12211066115535E-27), (598, 8.50193682760922E-27), (599, 1.01438916487511E-26), (600, 1.20967792244534E-26), (601, 1.44183040776644E-26), (602, 1.71766601402696E-26), (603, 2.04523972666282E-26), (604, 2.43406126627325E-26), (605, 2.89535225234814E-26), (606, 3.44234783620841E-26), (607, 4.09065031984726E-26), (608, 4.85864351837473E-26), (609, 5.76797806474381E-26), (610, 6.84413952778774E-26), (611, 8.11711315454647E-26), (612, 9.62216129715051E-26), (613, 1.14007321912488E-25), (614, 1.35015217724798E-25), (615, 1.59817137135075E-25), (616, 1.89084269099755E-25), (617, 2.23604043236308E-25), (618, 2.64299825016929E-25), (619, 3.12253873445291E-25), (620, 3.6873408916563E-25), (621, 4.35225164346857E-25), (622, 5.13464841923796E-25), (623, 6.05486102791021E-25), (624, 7.1366622754139E-25), (625, 8.40783826852208E-25), (626, 9.9008510454485E-25), (627, 1.16536081299516E-24), (628, 1.37103558574605E-24), (629, 1.61227159120885E-24), (630, 1.89508874919412E-24), (631, 2.22650409435096E-24), (632, 2.61469326388413E-24), (633, 3.0691775385445E-24), (634, 3.60104038427324E-24), (635, 4.22317803663037E-24), (636, 4.95058935220421E-24), (637, 5.80071093305577E-24), (638, 6.79380442611174E-24), (639, 7.95340392545738E-24), (640, 9.30683258010425E-24), (641, 1.08857988539538E-23), (642, 1.27270844221515E-23), (643, 1.48733374458791E-23), (644, 1.73739869765937E-23), (645, 2.02862965356895E-23), (646, 2.36765775361271E-23), (647, 2.76215862036882E-23), (648, 3.22101310681105E-23), (649, 3.75449219862102E-23), (650, 4.3744696095643E-23), (651, 5.09466611533148E-23), (652, 5.93093024705491E-23), (653, 6.90156062129162E-23), (654, 8.02767592935484E-23), (655, 9.33363945762803E-23), (656, 1.08475459756355E-22), (657, 1.26017799256826E-22), (658, 1.46336550943347E-22), (659, 1.69861473616504E-22), (660, 1.97087337312388E-22), (661, 2.28583526680329E-22), (662, 2.65005028395552E-22), (663, 3.07104997023632E-22), (664, 3.55749120343462E-22), (665, 4.11932035261773E-22), (666, 4.76796079571754E-22), (667, 5.51652703435115E-22), (668, 6.38006908179055E-22), (669, 7.37585129447148E-22), (670, 8.5236703765661E-22), (671, 9.84621791914673E-22), (672, 1.13694935495544E-21), (673, 1.31232755731058E-21), (674, 1.51416568998339E-21), (675, 1.74636550765897E-21), (676, 2.01339064041355E-21), (677, 2.32034554262046E-21), (678, 2.67306525512298E-21), (679, 3.07821742280916E-21), (680, 3.54341819678074E-21), (681, 4.07736386093015E-21), (682, 4.68998025980722E-21), (683, 5.39259237138758E-21), (684, 6.19811666834989E-21), (685, 7.12127924874796E-21), (686, 8.17886309602102E-21), (687, 9.3899882541354E-21), (688, 1.07764291818935E-20), (689, 1.23629740873273E-20), (690, 1.41778316455831E-20), (691, 1.62530911795654E-20), (692, 1.86252431405073E-20), (693, 2.13357675752058E-20), (694, 2.44317992186607E-20), (695, 2.7966878917229E-20), (696, 3.20018022814766E-20), (697, 3.66055778044701E-20), (698, 4.18565081767829E-20), (699, 4.78434102022778E-20), (700, 5.46669905891368E-20), (701, 6.24413969812133E-20), (702, 7.12959659306906E-20), (703, 8.13771921220872E-20), (704, 9.28509460707717E-20), (705, 1.05904970770619E-19), (706, 1.20751691393278E-19), (707, 1.37631376187873E-19), (708, 1.56815691241535E-19), (709, 1.78611696789654E-19), (710, 2.03366338367503E-19), (711, 2.31471492335251E-19), (712, 2.63369632256529E-19), (713, 2.99560190344323E-19), (714, 3.40606696792717E-19), (715, 3.87144789383943E-19), (716, 4.39891196401919E-19), (717, 4.99653807711996E-19), (718, 5.67342962009628E-19), (719, 6.43984092839428E-19), (720, 7.30731892196231E-19), (721, 8.28886168513158E-19), (722, 9.39909595807774E-19), (723, 1.06544757290499E-18), (724, 1.20735043621465E-18), (725, 1.36769829676604E-18), (726, 1.54882880237049E-18), (727, 1.75336815920357E-18), (728, 1.98426578410866E-18), (729, 2.24483299989633E-18), (730, 2.53878623125723E-18), (731, 2.87029520907107E-18), (732, 3.24403674637437E-18), (733, 3.66525471058857E-18), (734, 4.1398268844044E-18), (735, 4.67433948262293E-18), (736, 5.27617017498767E-18), (737, 5.95358055639395E-18), (738, 6.71581910669747E-18), (739, 7.57323579361105E-18), (740, 8.53740959491824E-18), (741, 9.62129035158339E-18), (742, 1.08393565125484E-17), (743, 1.22077904964444E-17), (744, 1.37446735766058E-17), (745, 1.54702023952985E-17), (746, 1.74069294327433E-17), (747, 1.9580029998306E-17), (748, 2.20175985772611E-17), (749, 2.47509776591713E-17), (750, 2.78151224957158E-17), (751, 3.12490055895312E-17), (752, 3.50960651043665E-17), (753, 3.94047018139161E-17), (754, 4.42288296757204E-17), (755, 4.96284856314802E-17), (756, 5.56705048003342E-17), (757, 6.24292678518249E-17), (758, 6.99875280255465E-17), (759, 7.84373260104462E-17), (760, 8.78810017145149E-17), (761, 9.84323128518066E-17), (762, 1.10217671255586E-16), (763, 1.23377508901782E-16), (764, 1.38067786804386E-16), (765, 1.54461661233248E-16), (766, 1.72751323115058E-16), (767, 1.93150028021084E-16), (768, 2.15894335832437E-16), (769, 2.41246581018255E-16), (770, 2.69497596478234E-16), (771, 3.00969716103788E-16), (772, 3.36020083618258E-16), (773, 3.75044297884119E-16), (774, 4.18480427733502E-16), (775, 4.66813432508714E-16), (776, 5.20580027914818E-16), (777, 5.80374040511457E-16), (778, 6.46852298232988E-16), (779, 7.20741108753753E-16), (780, 8.02843382340499E-16), (781, 8.94046461090714E-16), (782, 9.95330722180991E-16), (783, 1.10777902898333E-15), (784, 1.2325871106928E-15), (785, 1.37107495849405E-15), (786, 1.52469933432686E-15), (787, 1.6950674970475E-15), (788, 1.8839522602811E-15), (789, 2.09330850658504E-15), (790, 2.32529129376252E-15), (791, 2.58227570135319E-15), (792, 2.86687857856442E-15), (793, 3.18198236927744E-15), (794, 3.53076120536189E-15), (795, 3.91670947645809E-15), (796, 4.34367310274899E-15), (797, 4.81588375715727E-15), (798, 5.33799630499389E-15), (799, 5.91512975248732E-15), (800, 6.55291202098117E-15), (801, 7.25752889106051E-15), (802, 8.03577749061892E-15), (803, 8.89512473309213E-15), (804, 9.84377114695166E-15), (805, 1.08907205752839E-14), (806, 1.20458562650985E-14), (807, 1.33200239101576E-14), (808, 1.4725122258848E-14), (809, 1.62742019502194E-14), (810, 1.79815732970641E-14), (811, 1.98629237951557E-14), (812, 2.19354462028245E-14), (813, 2.42179781052962E-14), (814, 2.67311539540594E-14), (815, 2.9497570653364E-14), (816, 3.2541967854253E-14), (817, 3.58914242117693E-14), (818, 3.95755709636796E-14), (819, 4.36268242997696E-14), (820, 4.80806381100925E-14), (821, 5.2975778829115E-14), (822, 5.83546242312004E-14), (823, 6.42634881820054E-14), (824, 7.07529735109388E-14), (825, 7.78783553426506E-14), (826, 8.56999974114917E-14), (827, 9.42838040829415E-14), (828, 1.03701711021162E-13), (829, 1.14032217673184E-13), (830, 1.25360964988896E-13), (831, 1.37781362063271E-13), (832, 1.51395265674358E-13), (833, 1.66313716998969E-13), (834, 1.82657740119138E-13), (835, 2.00559207287946E-13), (836, 2.20161776304846E-13), (837, 2.41621905760018E-13), (838, 2.65109954346471E-13), (839, 2.90811370909565E-13), (840, 3.18927982408609E-13), (841, 3.49679387506451E-13), (842, 3.8330446408302E-13), (843, 4.20062999590167E-13), (844, 4.60237453830781E-13), (845, 5.04134864457806E-13), (846, 5.520889062518E-13), (847, 6.04462116052237E-13), (848, 6.61648296091497E-13), (849, 7.2407510941513E-13), (850, 7.92206882071564E-13), (851, 8.6654762782315E-13), (852, 9.47644312272802E-13), (853, 1.03609037452133E-12), (854, 1.13252952577481E-12), (855, 1.23765984571456E-12), (856, 1.35223819892988E-12), (857, 1.47708499530189E-12), (858, 1.6130893199223E-12), (859, 1.76121445993914E-12), (860, 1.92250385765187E-12), (861, 2.09808752123576E-12), (862, 2.28918892667022E-12), (863, 2.49713244678487E-12), (864, 2.72335134583042E-12), (865, 2.96939638063765E-12), (866, 3.23694505225751E-12), (867, 3.52781155498895E-12), (868, 3.84395747290936E-12), (869, 4.18750327743795E-12), (870, 4.56074068309695E-12), (871, 4.96614592250211E-12), (872, 5.40639400572747E-12), (873, 5.88437403356298E-12), (874, 6.40320563883393E-12), (875, 6.96625663489371E-12), (876, 7.57716195565411E-12), (877, 8.23984397709702E-12), (878, 8.95853431613857E-12), (879, 9.73779720901005E-12), (880, 1.05825545780017E-11), (881, 1.14981129025065E-11), (882, 1.2490192017827E-11), (883, 1.3564955973189E-11), (884, 1.47290460888768E-11), (885, 1.59896163613772E-11), (886, 1.73543713749422E-11), (887, 1.88316068880647E-11), (888, 2.04302532740498E-11), (889, 2.21599220061904E-11), (890, 2.40309553900438E-11), (891, 2.60544797580076E-11), (892, 2.8242462354833E-11), (893, 3.06077721569428E-11), (894, 3.31642448834717E-11), (895, 3.59267524728728E-11), (896, 3.89112773157763E-11), (897, 4.2134991552592E-11), (898, 4.56163417631738E-11), (899, 4.93751393957593E-11), (900, 5.3432657303419E-11), (901, 5.78117327784557E-11), (902, 6.25368774986503E-11), (903, 6.76343948240098E-11), (904, 7.31325049088191E-11), (905, 7.90614781213838E-11), (906, 8.54537772929624E-11), (907, 9.23442093480982E-11), (908, 9.97700869009417E-11), (909, 1.07771400436309E-10), (910, 1.16391001730219E-10), (911, 1.25674799202584E-10), (912, 1.35671965934723E-10), (913, 1.4643516112645E-10), (914, 1.58020765811877E-10), (915, 1.7048913369973E-10), (916, 1.83904858053177E-10), (917, 1.98337055575882E-10), (918, 2.13859668325447E-10), (919, 2.30551784732674E-10), (920, 2.48497980865319E-10), (921, 2.67788683138334E-10), (922, 2.88520553739198E-10), (923, 3.10796900106868E-10), (924, 3.34728109876476E-10), (925, 3.60432112779083E-10), (926, 3.8803487106697E-10), (927, 4.17670900120117E-10), (928, 4.49483820978954E-10), (929, 4.83626946642348E-10), (930, 5.20263904068255E-10), (931, 5.59569293917833E-10), (932, 6.01729390192151E-10), (933, 6.46942882024295E-10), (934, 6.95421660008805E-10), (935, 7.47391649575256E-10), (936, 8.03093694043623E-10), (937, 8.62784490136202E-10), (938, 9.26737578864396E-10), (939, 9.95244394859072E-10), (940, 1.06861537737058E-09), (941, 1.14718114632934E-09), (942, 1.23129374703017E-09), (943, 1.32132796718424E-09), (944, 1.41768273027074E-09), (945, 1.5207825693181E-09), (946, 1.63107918545068E-09), (947, 1.7490530957524E-09), (948, 1.87521537522423E-09), (949, 2.01010949784794E-09), (950, 2.15431328201413E-09), (951, 2.30844094582972E-09), (952, 2.4731452780878E-09), (953, 2.64911993096309E-09), (954, 2.83710184078774E-09), (955, 3.03787378356737E-09), (956, 3.25226707221503E-09), (957, 3.48116440281195E-09), (958, 3.72550285754999E-09), (959, 3.98627707237061E-09), (960, 4.26454257769086E-09), (961, 4.56141932099796E-09), (962, 4.87809538050163E-09), (963, 5.21583087945747E-09), (964, 5.57596211121702E-09), (965, 5.95990588551953E-09), (966, 6.36916410701953E-09), (967, 6.80532859754229E-09), (968, 7.27008617407723E-09), (969, 7.76522399505832E-09), (970, 8.29263518804067E-09), (971, 8.85432477246494E-09), (972, 9.45241589180645E-09), (973, 1.00891563700348E-08), (974, 1.07669256079627E-08), (975, 1.14882418357426E-08), (976, 1.22557697384715E-08), (977, 1.30723284725984E-08), (978, 1.39409000915868E-08), (979, 1.48646384000708E-08), (980, 1.58468782565622E-08), (981, 1.68911453456123E-08), (982, 1.80011664412106E-08), (983, 1.91808801841124E-08), (984, 2.04344483967331E-08), (985, 2.17662679602215E-08), (986, 2.31809832793411E-08), (987, 2.46834993618335E-08), (988, 2.62789955400272E-08), (989, 2.79729398635771E-08), (990, 2.97711041933851E-08), (991, 3.16795800279542E-08), (992, 3.37047950946755E-08), (993, 3.58535307398331E-08), (994, 3.81329401524461E-08), (995, 4.05505674584388E-08), (996, 4.31143677230576E-08), (997, 4.5832727900916E-08), (998, 4.87144887745736E-08), (999, 5.1768967924116E-08), (1000, 5.50059837718228E-08), (1001, 5.84358807476832E-08), (1002, 6.20695556232356E-08), (1003, 6.59184850629927E-08), (1004, 6.99947544445392E-08), (1005, 7.43110880002873E-08), (1006, 7.88808803358161E-08), (1007, 8.37182293817365E-08), (1008, 8.88379708380875E-08), (1009, 9.42557141724025E-08), (1010, 9.99878802347811E-08), (1011, 1.0605174055556E-07), (1012, 1.124654583935E-07), (1013, 1.19248131604813E-07), (1014, 1.26419837405788E-07), (1015, 1.34001679104341E-07), (1016, 1.42015834878395E-07), (1017, 1.50485608681684E-07), (1018, 1.59435483360309E-07), (1019, 1.68891176066235E-07), (1020, 1.78879696056782E-07), (1021, 1.8942940497217E-07), (1022, 2.0057007968623E-07), (1023, 2.12332977828531E-07), (1024, 2.24750906079405E-07), (1025, 2.37858291342649E-07), (1026, 2.51691254904073E-07), (1027, 2.66287689687552E-07), (1028, 2.81687340723784E-07), (1029, 2.97931888950606E-07), (1030, 3.15065038467491E-07), (1031, 3.33132607370625E-07), (1032, 3.52182622298926E-07), (1033, 3.72265416825355E-07), (1034, 3.93433733831988E-07), (1035, 4.15742832011496E-07), (1036, 4.39250596641994E-07), (1037, 4.64017654786597E-07), (1038, 4.90107495073499E-07), (1039, 5.17586592216992E-07), (1040, 5.46524536444498E-07), (1041, 5.76994167999482E-07), (1042, 6.09071716894977E-07), (1043, 6.42836948097438E-07), (1044, 6.78373312325713E-07), (1045, 7.15768102655087E-07), (1046, 7.55112617121641E-07), (1047, 7.96502327527537E-07), (1048, 8.40037054653326E-07), (1049, 8.85821150088932E-07), (1050, 9.33963684900667E-07), (1051, 9.845786453574E-07), (1052, 1.03778513594487E-06), (1053, 1.09370758990312E-06), (1054, 1.15247598752814E-06), (1055, 1.21422608248488E-06), (1056, 1.27909963638523E-06), (1057, 1.34724466189074E-06), (1058, 1.41881567460648E-06), (1059, 1.49397395403898E-06), (1060, 1.57288781389771E-06), (1061, 1.65573288202647E-06), (1062, 1.74269239025787E-06), (1063, 1.83395747449086E-06), (1064, 1.92972748529854E-06), (1065, 2.03021030938039E-06), (1066, 2.13562270218024E-06), (1067, 2.24619063199879E-06), (1068, 2.36214963593648E-06), (1069, 2.48374518801034E-06), (1070, 2.6112330797956E-06), (1071, 2.74487981395063E-06), (1072, 2.88496301099131E-06), (1073, 3.03177182968872E-06), (1074, 3.18560740147169E-06), (1075, 3.34678327922368E-06), (1076, 3.51562590087132E-06), (1077, 3.69247506816981E-06), (1078, 3.87768444109835E-06), (1079, 4.07162204828697E-06), (1080, 4.27467081390387E-06), (1081, 4.48722910144079E-06), (1082, 4.70971127484173E-06), (1083, 4.94254827742884E-06), (1084, 5.18618822908702E-06), (1085, 5.44109704217738E-06), (1086, 5.70775905665749E-06), (1087, 5.98667769489482E-06), (1088, 6.27837613666767E-06), (1089, 6.58339801485635E-06), (1090, 6.9023081323351E-06), (1091, 7.23569320058374E-06), (1092, 7.58416260054584E-06), (1093, 7.94834916626827E-06), (1094, 8.32890999186512E-06), (1095, 8.72652726235658E-06), (1096, 9.14190910894167E-06), (1097, 9.57579048927096E-06), (1098, 1.00289340932936E-05), (1099, 1.05021312752601E-05), (1100, 1.09962030124704E-05), (1101, 1.15120008913639E-05), (1102, 1.2050408121554E-05), (1103, 1.26123405784207E-05), (1104, 1.31987478748763E-05), (1105, 1.38106144629316E-05), (1106, 1.44489607656923E-05), (1107, 1.51148443404247E-05), (1108, 1.58093610733343E-05), (1109, 1.65336464067091E-05), (1110, 1.72888765990818E-05), (1111, 1.80762700190762E-05), (1112, 1.88970884736017E-05), (1113, 1.97526385710728E-05), (1114, 2.06442731203274E-05), (1115, 2.15733925659305E-05), (1116, 2.2541446460547E-05), (1117, 2.35499349750768E-05), (1118, 2.46004104472468E-05), (1119, 2.56944789693577E-05), (1120, 2.6833802015889E-05), (1121, 2.80200981116643E-05), (1122, 2.9255144541287E-05), (1123, 3.05407791005535E-05), (1124, 3.18789018905555E-05), (1125, 3.32714771551842E-05), (1126, 3.47205351627491E-05), (1127, 3.62281741324251E-05), (1128, 3.77965622062427E-05), (1129, 3.9427939467333E-05), (1130, 4.1124620005141E-05), (1131, 4.28889940283187E-05), (1132, 4.47235300260064E-05), (1133, 4.66307769782086E-05), (1134, 4.86133666159704E-05), (1135, 5.06740157320523E-05), (1136, 5.28155285428014E-05), (1137, 5.50407991019101E-05), (1138, 5.73528137667493E-05), (1139, 5.97546537179554E-05), (1140, 6.22494975329479E-05), (1141, 6.48406238140411E-05), (1142, 6.75314138718136E-05), (1143, 7.03253544643819E-05), (1144, 7.32260405932244E-05), (1145, 7.62371783561846E-05), (1146, 7.93625878582762E-05), (1147, 8.26062061809013E-05), (1148, 8.59720904100787E-05), (1149, 8.94644207242684E-05), (1150, 9.30875035423646E-05), (1151, 9.68457747324152E-05), (1152, 0.00010074380288161), (1153, 0.000104786292628064), (1154, 0.00010897808805491), (1155, 0.000113324176147186), (1156, 0.000117829690311996), (1157, 0.000122499913962404), (1158, 0.000127340284165486), (1159, 0.000132356395354957), (1160, 0.000137554003108775), (1161, 0.00014293902799208), (1162, 0.00014851755946581), (1163, 0.000154295859861336), (1164, 0.000160280368421384), (1165, 0.000166477705407537), (1166, 0.000172894676274543), (1167, 0.00017953827591165), (1168, 0.000186415692951149), (1169, 0.000193534314144278), (1170, 0.000200901728804615), (1171, 0.000208525733319042), (1172, 0.000216414335726344), (1173, 0.000224575760363462), (1174, 0.000233018452579389), (1175, 0.00024175108351666), (1176, 0.000250782554960352), (1177, 0.00026012200425447), (1178, 0.00026977880928555), (1179, 0.000279762593533287), (1180, 0.000290083231187936), (1181, 0.000300750852334203), (1182, 0.000311775848201296), (1183, 0.000323168876478759), (1184, 0.00033494086669768), (1185, 0.0003471030256768), (1186, 0.000359666843033018), (1187, 0.000372644096755725), (1188, 0.000386046858844368), (1189, 0.000399887501008586), (1190, 0.000414178700430195), (1191, 0.000428933445586288), (1192, 0.000444165042132611), (1193, 0.000459887118846369), (1194, 0.000476113633627529), (1195, 0.000492858879557651), (1196, 0.000510137491015223), (1197, 0.000527964449846388), (1198, 0.000546355091589952), (1199, 0.000565325111755434), (1200, 0.000584890572152929), (1201, 0.000605067907273428), (1202, 0.00062587393071824), (1203, 0.000647325841676058), (1204, 0.000669441231446155), (1205, 0.000692238090006164), (1206, 0.000715734812622787), (1207, 0.000739950206503748), (1208, 0.000764903497489231), (1209, 0.00079061433678097), (1210, 0.000817102807707112), (1211, 0.000844389432520883), (1212, 0.00087249517923105), (1213, 0.000901441468462079), (1214, 0.000931250180341833), (1215, 0.000961943661414597), (1216, 0.000993544731577128), (1217, 0.00102607669103538), (1218, 0.00105956332727947), (1219, 0.00109402892207439), (1220, 0.00112949825846394), (1221, 0.00116599662778516), (1222, 0.00120354983669066), (1223, 0.00124218421417605), (1224, 0.00128192661860959), (1225, 0.00132280444476121), (1226, 0.00136484563082789), (1227, 0.00140807866545242), (1228, 0.00145253259473235), (1229, 0.00149823702921602), (1230, 0.00154522215088239), (1231, 0.0015935187201014), (1232, 0.00164315808257144), (1233, 0.00169417217623055), (1234, 0.00174659353813779), (1235, 0.00180045531132122), (1236, 0.00185579125158894), (1237, 0.00191263573429933), (1238, 0.00197102376108697), (1239, 0.00203099096654014), (1240, 0.00209257362482627), (1241, 0.00215580865626132), (1242, 0.00222073363381898), (1243, 0.00228738678957584), (1244, 0.00235580702108829), (1245, 0.00242603389769701), (1246, 0.00249810766675486), (1247, 0.00257206925977389), (1248, 0.00264796029848717), (1249, 0.002725823100821), (1250, 0.00280570068677323), (1251, 0.00288763678419306), (1252, 0.00297167583445796), (1253, 0.00305786299804305), (1254, 0.00314624415997844), (1255, 0.00323686593518983), (1256, 0.00332977567371781), (1257, 0.00342502146581099), (1258, 0.00352265214688838), (1259, 0.00362271730236626), (1260, 0.00372526727234456), (1261, 0.00383035315614818), (1262, 0.00393802681671822), (1263, 0.00404834088484833), (1264, 0.00416134876326129), (1265, 0.00427710463052091), (1266, 0.00439566344477428), (1267, 0.00451708094731956), (1268, 0.00464141366599421), (1269, 0.00476871891837883), (1270, 0.00489905481481166), (1271, 0.00503248026120858), (1272, 0.00516905496168403), (1273, 0.00530883942096749), (1274, 0.00545189494661084), (1275, 0.00559828365098162), (1276, 0.00574806845303713), (1277, 0.00590131307987462), (1278, 0.00605808206805265), (1279, 0.00621844076467861), (1280, 0.00638245532825777), (1281, 0.00655019272929882), (1282, 0.00672172075067136), (1283, 0.00689710798771027), (1284, 0.00707642384806261), (1285, 0.00725973855127202), (1286, 0.00744712312809626), (1287, 0.00763864941955312), (1288, 0.00783439007569031), (1289, 0.00803441855407469), (1290, 0.00823880911799657), (1291, 0.00844763683438463), (1292, 0.00866097757142716), (1293, 0.00887890799589536), (1294, 0.00910150557016469), (1295, 0.00932884854892995), (1296, 0.00956101597561026), (1297, 0.00979808767843993), (1298, 0.0100401442662414), (1299, 0.0102872671238764), (1300, 0.010539538407372), (1301, 0.0107970410387172), (1302, 0.0110598587003278), (1303, 0.0113280758291749), (1304, 0.0116017776105746), (1305, 0.0118810499716355), (1306, 0.0121659795743609), (1307, 0.0124566538084025), (1308, 0.0127531607834638), (1309, 0.0130555893213493), (1310, 0.013364028947657), (1311, 0.0136785698831133), (1312, 0.0139993030345457), (1313, 0.0143263199854935), (1314, 0.0146597129864516), (1315, 0.0149995749447492), (1316, 0.0153459994140579), (1317, 0.0156990805835299), (1318, 0.0160589132665646), (1319, 0.0164255928892016), (1320, 0.0167992154781388), (1321, 0.0171798776483761), (1322, 0.0175676765904818), (1323, 0.0179627100574828), (1324, 0.018365076351377), (1325, 0.0187748743092683), (1326, 0.0191922032891226), (1327, 0.0196171631551476), (1328, 0.0200498542627931), (1329, 0.0204903774433746), (1330, 0.0209388339883208), (1331, 0.0213953256330431), (1332, 0.0218599545404316), (1333, 0.0223328232839759), (1334, 0.0228140348305132), (1335, 0.0233036925226052), (1336, 0.0238019000605444), (1337, 0.0243087614839936), (1338, 0.0248243811532582), (1339, 0.0253488637301954), (1340, 0.0258823141587621), (1341, 0.0264248376452039), (1342, 0.0269765396378878), (1343, 0.0275375258067831), (1344, 0.0281079020225911), (1345, 0.0286877743355293), (1346, 0.0292772489537734), (1347, 0.029876432221559), (1348, 0.0304854305969495), (1349, 0.0311043506292726), (1350, 0.0317332989362311), (1351, 0.0323723821806911), (1352, 0.0330217070471539), (1353, 0.033681380217916), (1354, 0.0343515083489214), (1355, 0.0350321980453136), (1356, 0.0357235558366912), (1357, 0.0364256881520736), (1358, 0.0371387012945825), (1359, 0.0378627014158459), (1360, 0.0385977944901298), (1361, 0.0393440862882059), (1362, 0.0401016823509604), (1363, 0.0408706879627512), (1364, 0.0416512081245223), (1365, 0.0424433475266791), (1366, 0.0432472105217366), (1367, 0.0440629010967438), (1368, 0.0448905228454958), (1369, 0.045730178940539), (1370, 0.0465819721049785), (1371, 0.0474460045840971), (1372, 0.0483223781167922), (1373, 0.0492111939068415), (1374, 0.0501125525940048), (1375, 0.0510265542249719), (1376, 0.0519532982241649), (1377, 0.0528928833644049), (1378, 0.0538454077374524), (1379, 0.054810968724431), (1380, 0.0557896629661435), (1381, 0.0567815863332915), (1382, 0.0577868338966076), (1383, 0.0588054998969106), (1384, 0.059837677715094), (1385, 0.0608834598420583), (1386, 0.0619429378485969), (1387, 0.063016202355248), (1388, 0.0641033430021207), (1389, 0.0652044484187081), (1390, 0.0663196061936977), (1391, 0.06744890284479), (1392, 0.0685924237885363), (1393, 0.0697502533102072), (1394, 0.0709224745337034), (1395, 0.0721091693915184), (1396, 0.0733104185947678), (1397, 0.0745263016032924), (1398, 0.0757568965958506), (1399, 0.0770022804404092), (1400, 0.078262528664545), (1401, 0.0795377154259689), (1402, 0.0808279134831844), (1403, 0.0821331941662912), (1404, 0.0834536273479475), (1405, 0.0847892814145006), (1406, 0.0861402232372991), (1407, 0.0875065181441983), (1408, 0.0888882298912697), (1409, 0.0902854206347273), (1410, 0.091698150903082), (1411, 0.0931264795695361), (1412, 0.0945704638246296), (1413, 0.096030159149149), (1414, 0.0975056192873127), (1415, 0.0989968962202413), (1416, 0.100504040139727), (1417, 0.102027099422314), (1418, 0.103566120603696), (1419, 0.105121148353451), (1420, 0.106692225450116), (1421, 0.108279392756619), (1422, 0.109882689196079), (1423, 0.111502151727977), (1424, 0.11313781532472), (1425, 0.114789712948605), (1426, 0.116457875529189), (1427, 0.118142331941081), (1428, 0.119843108982165), (1429, 0.121560231352266), (1430, 0.123293721632261), (1431, 0.125043600263664), (1432, 0.126809885528666), (1433, 0.128592593530672), (1434, 0.130391738175319), (1435, 0.132207331151999), (1436, 0.13403938191589), (1437, 0.135887897670506), (1438, 0.137752883350777), (1439, 0.139634341606665), (1440, 0.141532272787321), (1441, 0.143446674925805), (1442, 0.14537754372436), (1443, 0.147324872540259), (1444, 0.14928865237223), (1445, 0.151268871847468), (1446, 0.153265517209236), (1447, 0.155278572305069), (1448, 0.157308018575589), (1449, 0.159353835043922), (1450, 0.16141599830575), (1451, 0.163494482519978), (1452, 0.165589259400038), (1453, 0.167700298205837), (1454, 0.169827565736335), (1455, 0.171971026322788), (1456, 0.174130641822635), (1457, 0.176306371614046), (1458, 0.178498172591137), (1459, 0.180705999159849), (1460, 0.182929803234498), (1461, 0.18516953423501), (1462, 0.187425139084818), (1463, 0.189696562209461), (1464, 0.19198374553585), (1465, 0.194286628492235), (1466, 0.196605148008853), (1467, 0.198939238519276), (1468, 0.201288831962447), (1469, 0.203653857785416), (1470, 0.206034242946764), (1471, 0.20842991192074), (1472, 0.21084078670208), (1473, 0.213266786811537), (1474, 0.215707829302101), (1475, 0.218163828765925), (1476, 0.220634697341943), (1477, 0.223120344724189), (1478, 0.225620678170812), (1479, 0.228135602513782), (1480, 0.230665020169296), (1481, 0.233208831148872), (1482, 0.235766933071128), (1483, 0.238339221174255), (1484, 0.240925588329169), (1485, 0.243525925053347), (1486, 0.246140119525335), (1487, 0.248768057599939), (1488, 0.251409622824075), (1489, 0.254064696453294), (1490, 0.256733157468963), (1491, 0.259414882596106), (1492, 0.262109746321889), (1493, 0.264817620914767), (1494, 0.26753837644425), (1495, 0.270271880801326), (1496, 0.273017999719494), (1497, 0.275776596796436), (1498, 0.278547533516289), (1499, 0.281330669272542), (1500, 0.28412586139152), (1501, 0.286932965156477), (1502, 0.289751833832264), (1503, 0.292582318690583), (1504, 0.295424269035813), (1505, 0.298277532231393), (1506, 0.30114195372677), (1507, 0.304017377084878), (1508, 0.306903644010171), (1509, 0.309800594377167), (1510, 0.312708066259528), (1511, 0.31562589595963), (1512, 0.318553918038648), (1513, 0.321491965347122), (1514, 0.324439869056004), (1515, 0.327397458688171), (1516, 0.330364562150403), (1517, 0.333341005765801), (1518, 0.336326614306647), (1519, 0.339321211027683), (1520, 0.342324617699816), (1521, 0.345336654644211), (1522, 0.34835714076679), (1523, 0.3513858935931), (1524, 0.354422729303557), (1525, 0.357467462769041), (1526, 0.360519907586836), (1527, 0.363579876116909), (1528, 0.366647179518497), (1529, 0.369721627787015), (1530, 0.372803029791243), (1531, 0.375891193310816), (1532, 0.378985925073962), (1533, 0.382087030795517), (1534, 0.385194315215167), (1535, 0.388307582135939), (1536, 0.391426634462891), (1537, 0.394551274242028), (1538, 0.397681302699393), (1539, 0.40081652028035), (1540, 0.403956726689023), (1541, 0.407101720927899), (1542, 0.410251301337561), (1543, 0.413405265636554), (1544, 0.416563410961359), (1545, 0.419725533906476), (1546, 0.422891430564584), (1547, 0.426060896566777), (1548, 0.429233727122869), (1549, 0.432409717061733), (1550, 0.435588660871683), (1551, 0.438770352740876), (1552, 0.441954586597715), (1553, 0.445141156151255), (1554, 0.448329854931585), (1555, 0.451520476330178), (1556, 0.454712813640203), (1557, 0.457906660096771), (1558, 0.461101808917113), (1559, 0.464298053340681), (1560, 0.467495186669142), (1561, 0.470693002306276), (1562, 0.473891293797743), (1563, 0.477089854870719), (1564, 0.480288479473392), (1565, 0.483486961814291), (1566, 0.486685096401452), (1567, 0.489882678081398), (1568, 0.493079502077927), (1569, 0.496275364030691), (1570, 0.499470060033562), (1571, 0.502663386672766), (1572, 0.505855141064778), (1573, 0.509045120893963), (1574, 0.512233124449958), (1575, 0.515418950664777), (1576, 0.518602399149634), (1577, 0.52178327023147), (1578, 0.524961364989175), (1579, 0.528136485289493), (1580, 0.5313084338226), (1581, 0.534477014137351), (1582, 0.537642030676179), (1583, 0.540803288809633), (1584, 0.543960594870561), (1585, 0.547113756187913), (1586, 0.550262581120163), (1587, 0.553406879088335), (1588, 0.556546460608639), (1589, 0.559681137324684), (1590, 0.562810722039288), (1591, 0.56593502874585), (1592, 0.569053872659298), (1593, 0.572167070246594), (1594, 0.575274439256785), (1595, 0.578375798750612), (1596, 0.581470969129638), (1597, 0.584559772164926), (1598, 0.587642031025229), (1599, 0.590717570304698), (1600, 0.593786216050111), (1601, 0.596847795787597), (1602, 0.599902138548866), (1603, 0.602949074896938), (1604, 0.605988436951345), (1605, 0.609020058412841), (1606, 0.612043774587568), (1607, 0.615059422410718), (1608, 0.618066840469646), (1609, 0.621065869026467), (1610, 0.624056350040106), (1611, 0.627038127187805), (1612, 0.630011045886095), (1613, 0.63297495331121), (1614, 0.635929698418959), (1615, 0.638875131964039), (1616, 0.641811106518792), (1617, 0.644737476491408), (1618, 0.647654098143564), (1619, 0.650560829607501), (1620, 0.653457530902539), (1621, 0.656344063951023), (1622, 0.659220292593711), (1623, 0.66208608260458), (1624, 0.664941301705078), (1625, 0.6677858195778), (1626, 0.670619507879596), (1627, 0.673442240254108), (1628, 0.676253892343743), (1629, 0.679054341801071), (1630, 0.681843468299658), (1631, 0.684621153544331), (1632, 0.687387281280875), (1633, 0.690141737305166), (1634, 0.692884409471737), (1635, 0.695615187701787), (1636, 0.698333963990619), (1637, 0.701040632414527), (1638, 0.703735089137128), (1639, 0.706417232415124), (1640, 0.709086962603533), (1641, 0.711744182160353), (1642, 0.714388795650686), (1643, 0.717020709750321), (1644, 0.719639833248766), (1645, 0.722246077051758), (1646, 0.724839354183221), (1647, 0.727419579786711), (1648, 0.729986671126321), (1649, 0.732540547587075), (1650, 0.73508113067479), (1651, 0.737608344015442), (1652, 0.740122113354004), (1653, 0.742622366552792), (1654, 0.745109033589308), (1655, 0.747582046553582), (1656, 0.750041339645031), (1657, 0.752486849168832), (1658, 0.754918513531805), (1659, 0.757336273237842), (1660, 0.759740070882845), (1661, 0.762129851149213), (1662, 0.764505560799873), (1663, 0.766867148671851), (1664, 0.769214565669404), (1665, 0.771547764756708), (1666, 0.773866700950118), (1667, 0.776171331309997), (1668, 0.778461614932122), (1669, 0.780737512938683), (1670, 0.782998988468864), (1671, 0.785246006669035), (1672, 0.78747853468254), (1673, 0.789696541639099), (1674, 0.791899998643835), (1675, 0.794088878765917), (1676, 0.796263157026849), (1677, 0.798422810388382), (1678, 0.800567817740095), (1679, 0.802698159886608), (1680, 0.804813819534473), (1681, 0.806914781278724), (1682, 0.80900103158911), (1683, 0.811072558796006), (1684, 0.813129353076016), (1685, 0.815171406437277), (1686, 0.817198712704466), (1687, 0.819211267503517), (1688, 0.821209068246069), (1689, 0.823192114113624), (1690, 0.825160406041464), (1691, 0.827113946702286), (1692, 0.829052740489607), (1693, 0.830976793500917), (1694, 0.8328861135206), (1695, 0.834780710002627), (1696, 0.836660594053032), (1697, 0.838525778412175), (1698, 0.840376277436796), (1699, 0.842212107081881), (1700, 0.844033284882331), (1701, 0.84583982993445), (1702, 0.847631762877264), (1703, 0.849409105873665), (1704, 0.851171882591398), (1705, 0.852920118183903), (1706, 0.854653839270997), (1707, 0.85637307391943), (1708, 0.858077851623308), (1709, 0.859768203284389), (1710, 0.861444161192265), (1711, 0.863105759004435), (1712, 0.864753031726279), (1713, 0.866386015690927), (1714, 0.868004748539052), (1715, 0.869609269198576), (1716, 0.871199617864298), (1717, 0.872775835977462), (1718, 0.87433796620526), (1719, 0.875886052420283), (1720, 0.877420139679917), (1721, 0.878940274205712), (1722, 0.880446503362704), (1723, 0.881938875638713), (1724, 0.883417440623623), (1725, 0.884882248988641), (1726, 0.886333352465548), (1727, 0.88777080382595), (1728, 0.889194656860529), (1729, 0.890604966358302), (1730, 0.892001788085898), (1731, 0.893385178766853), (1732, 0.89475519606093), (1733, 0.896111898543476), (1734, 0.897455345684808), (1735, 0.898785597829652), (1736, 0.900102716176623), (1737, 0.901406762757758), (1738, 0.902697800418112), (1739, 0.903975892795419), (1740, 0.905241104299812), (1741, 0.906493500093628), (1742, 0.907733146071285), (1743, 0.908960108839245), (1744, 0.910174455696064), (1745, 0.911376254612532), (1746, 0.912565574211916), (1747, 0.913742483750299), (1748, 0.914907053097025), (1749, 0.916059352715258), (1750, 0.917199453642645), (1751, 0.918327427472113), (1752, 0.919443346332771), (1753, 0.920547282870946), (1754, 0.921639310231347), (1755, 0.922719502038363), (1756, 0.923787932377493), (1757, 0.924844675776918), (1758, 0.92588980718922), (1759, 0.926923401973237), (1760, 0.927945535876081), (1761, 0.928956285015293), (1762, 0.929955725861167), (1763, 0.930943935219223), (1764, 0.931920990212843), (1765, 0.932886968266073), (1766, 0.93384194708659), (1767, 0.934786004648833), (1768, 0.935719219177308), (1769, 0.936641669130072), (1770, 0.937553433182379), (1771, 0.938454590210515), (1772, 0.939345219275805), (1773, 0.940225399608809), (1774, 0.941095210593686), (1775, 0.941954731752765), (1776, 0.94280404273128), (1777, 0.943643223282307), (1778, 0.944472353251885), (1779, 0.945291512564328), (1780, 0.946100781207733), (1781, 0.946900239219672), (1782, 0.947689966673089), (1783, 0.948470043662384), (1784, 0.949240550289701), (1785, 0.950001566651402), (1786, 0.950753172824754), (1787, 0.951495448854798), (1788, 0.952228474741433), (1789, 0.952952330426687), (1790, 0.953667095782197), (1791, 0.954372850596886), (1792, 0.955069674564842), (1793, 0.955757647273396), (1794, 0.956436848191407), (1795, 0.957107356657742), (1796, 0.957769251869965), (1797, 0.958422612873219), (1798, 0.959067518549319), (1799, 0.959704047606038), (1800, 0.960332278566603), (1801, 0.96095228975938), (1802, 0.961564159307776), (1803, 0.962167965120324), (1804, 0.96276378488098), (1805, 0.963351696039618), (1806, 0.963931775802712), (1807, 0.964504101124237), (1808, 0.965068748696746), (1809, 0.965625794942659), (1810, 0.966175316005739), (1811, 0.966717387742768), (1812, 0.967252085715415), (1813, 0.967779485182298), (1814, 0.968299661091236), (1815, 0.968812688071698), (1816, 0.969318640427435), (1817, 0.969817592129306), (1818, 0.970309616808286), (1819, 0.970794787748673), (1820, 0.971273177881464), (1821, 0.971744859777927), (1822, 0.972209905643352), (1823, 0.972668387310984), (1824, 0.973120376236131), (1825, 0.973565943490462), (1826, 0.97400515975647), (1827, 0.974438095322115), (1828, 0.974864820075647), (1829, 0.975285403500593), (1830, 0.975699914670917), (1831, 0.976108422246353), (1832, 0.976510994467902), (1833, 0.976907699153497), (1834, 0.977298603693832), (1835, 0.977683775048352), (1836, 0.978063279741405), (1837, 0.978437183858555), (1838, 0.978805553043049), (1839, 0.97916845249244), (1840, 0.979525946955367), (1841, 0.979878100728485), (1842, 0.980224977653544), (1843, 0.980566641114612), (1844, 0.980903154035459), (1845, 0.981234578877066), (1846, 0.981560977635293), (1847, 0.981882411838676), (1848, 0.982198942546372), (1849, 0.982510630346229), (1850, 0.982817535353006), (1851, 0.983119717206714), (1852, 0.983417235071088), (1853, 0.983710147632198), (1854, 0.983998513097178), (1855, 0.984282389193081), (1856, 0.984561833165859), (1857, 0.984836901779468), (1858, 0.985107651315079), (1859, 0.985374137570424), (1860, 0.985636415859242), (1861, 0.985894541010845), (1862, 0.986148567369797), (1863, 0.986398548795697), (1864, 0.986644538663069), (1865, 0.986886589861367), (1866, 0.987124754795071), (1867, 0.987359085383889), (1868, 0.987589633063061), (1869, 0.98781644878376), (1870, 0.988039583013582), (1871, 0.988259085737138), (1872, 0.988475006456733), (1873, 0.988687394193136), (1874, 0.988896297486438), (1875, 0.989101764396994), (1876, 0.98930384250645), (1877, 0.989502578918857), (1878, 0.989698020261855), (1879, 0.989890212687947), (1880, 0.990079201875838), (1881, 0.990265033031859), (1882, 0.990447750891461), (1883, 0.990627399720772), (1884, 0.990804023318236), (1885, 0.990977665016311), (1886, 0.991148367683238), (1887, 0.991316173724868), (1888, 0.991481125086556), (1889, 0.991643263255114), (1890, 0.991802629260825), (1891, 0.99195926367951), (1892, 0.992113206634656), (1893, 0.992264497799589), (1894, 0.992413176399711), (1895, 0.992559281214779), (1896, 0.992702850581236), (1897, 0.992843922394587), (1898, 0.992982534111827), (1899, 0.993118722753904), (1900, 0.993252524908234), (1901, 0.993383976731252), (1902, 0.993513113951003), (1903, 0.993639971869771), (1904, 0.993764585366751), (1905, 0.993886988900745), (1906, 0.994007216512901), (1907, 0.994125301829484), (1908, 0.994241278064673), (1909, 0.99435517802339), (1910, 0.994467034104162), (1911, 0.994576878302003), (1912, 0.994684742211327), (1913, 0.994790657028881), (1914, 0.994894653556708), (1915, 0.994996762205125), (1916, 0.995097012995728), (1917, 0.995195435564406), (1918, 0.995292059164391), (1919, 0.995386912669307), (1920, 0.995480024576246), (1921, 0.995571423008857), (1922, 0.995661135720445), (1923, 0.99574919009709), (1924, 0.995835613160768), (1925, 0.995920431572492), (1926, 0.996003671635456), (1927, 0.996085359298194), (1928, 0.996165520157736), (1929, 0.996244179462784), (1930, 0.996321362116883), (1931, 0.996397092681602), (1932, 0.99647139537972), (1933, 0.996544294098406), (1934, 0.996615812392414), (1935, 0.996685973487271), (1936, 0.996754800282463), (1937, 0.99682231535463), (1938, 0.996888540960753), (1939, 0.996953499041336), (1940, 0.997017211223595), (1941, 0.997079698824635), (1942, 0.997140982854625), (1943, 0.997201084019968), (1944, 0.997260022726469), (1945, 0.997317819082489), (1946, 0.997374492902099), (1947, 0.99743006370822), (1948, 0.997484550735765), (1949, 0.997537972934756), (1950, 0.997590348973446), (1951, 0.997641697241427), (1952, 0.997692035852719), (1953, 0.997741382648861), (1954, 0.99778975520198), (1955, 0.997837170817854), (1956, 0.997883646538954), (1957, 0.997929199147487), (1958, 0.997973845168407), (1959, 0.998017600872429), (1960, 0.998060482279016), (1961, 0.998102505159356), (1962, 0.998143685039327), (1963, 0.998184037202436), (1964, 0.998223576692752), (1965, 0.998262318317819), (1966, 0.998300276651547), (1967, 0.998337466037094), (1968, 0.998373900589725), (1969, 0.998409594199653), (1970, 0.998444560534866), (1971, 0.998478813043927), (1972, 0.998512364958769), (1973, 0.998545229297453), (1974, 0.998577418866924), (1975, 0.998608946265735), (1976, 0.998639823886757), (1977, 0.998670063919866), (1978, 0.998699678354616), (1979, 0.99872867898288), (1980, 0.998757077401483), (1981, 0.998784885014806), (1982, 0.998812113037371), (1983, 0.998838772496406), (1984, 0.998864874234386), (1985, 0.998890428911559), (1986, 0.99891544700844), (1987, 0.998939938828295), (1988, 0.998963914499593), (1989, 0.998987383978442), (1990, 0.999010357051003), (1991, 0.999032843335881), (1992, 0.999054852286487), (1993, 0.999076393193394), (1994, 0.999097475186655), (1995, 0.999118107238105), (1996, 0.999138298163642), (1997, 0.999158056625485), (1998, 0.999177391134404), (1999, 0.999196310051938), (2000, 0.999214821592581), (2001, 0.999232933825953), (2002, 0.999250654678941), (2003, 0.999267991937824), (2004, 0.999284953250372), (2005, 0.999301546127926), (2006, 0.999317777947452), (2007, 0.999333655953575), (2008, 0.99934918726059), (2009, 0.999364378854448), (2010, 0.999379237594727), (2011, 0.999393770216576), (2012, 0.999407983332634), (2013, 0.999421883434933), (2014, 0.999435476896777), (2015, 0.999448769974599), (2016, 0.999461768809794), (2017, 0.999474479430534), (2018, 0.999486907753559), (2019, 0.999499059585948), (2020, 0.999510940626869), (2021, 0.999522556469303), (2022, 0.999533912601756), (2023, 0.999545014409938), (2024, 0.999555867178434), (2025, 0.999566476092342), (2026, 0.999576846238899), (2027, 0.999586982609083), (2028, 0.999596890099196), (2029, 0.999606573512419), (2030, 0.999616037560364), (2031, 0.999625286864585), (2032, 0.999634325958086), (2033, 0.999643159286799), (2034, 0.999651791211046), (2035, 0.999660226006983), (2036, 0.99966846786802), (2037, 0.999676520906226), (2038, 0.999684389153714), (2039, 0.999692076564008), (2040, 0.999699587013383), (2041, 0.999706924302202), (2042, 0.999714092156216), (2043, 0.999721094227866), (2044, 0.999727934097544), (2045, 0.99973461527486), (2046, 0.999741141199869), (2047, 0.999747515244297), (2048, 0.999753740712739), (2049, 0.999759820843845), (2050, 0.999765758811487), (2051, 0.99977155772591), (2052, 0.999777220634865), (2053, 0.999782750524723), (2054, 0.999788150321578), (2055, 0.99979342289233), (2056, 0.999798571045752), (2057, 0.999803597533539), (2058, 0.999808505051349), (2059, 0.999813296239815), (2060, 0.999817973685556), (2061, 0.999822539922162), (2062, 0.999826997431168), (2063, 0.999831348643012), (2064, 0.999835595937979), (2065, 0.999839741647129), (2066, 0.999843788053212), (2067, 0.999847737391568), (2068, 0.99985159185101), (2069, 0.999855353574697), (2070, 0.999859024660994), (2071, 0.99986260716431), (2072, 0.999866103095931), (2073, 0.999869514424841), (2074, 0.999872843078515), (2075, 0.999876090943721), (2076, 0.999879259867288), (2077, 0.999882351656878), (2078, 0.99988536808173), (2079, 0.999888310873407), (2080, 0.99989118172652), (2081, 0.999893982299442), (2082, 0.999896714215013), (2083, 0.999899379061229), (2084, 0.999901978391924), (2085, 0.999904513727438), (2086, 0.999906986555271), (2087, 0.999909398330729), (2088, 0.999911750477564), (2089, 0.999914044388586), (2090, 0.99991628142629), (2091, 0.999918462923444), (2092, 0.999920590183691), (2093, 0.999922664482125), (2094, 0.999924687065865), (2095, 0.999926659154612), (2096, 0.999928581941204), (2097, 0.999930456592156), (2098, 0.999932284248191), (2099, 0.999934066024764), (2100, 0.999935803012572), (2101, 0.999937496278063), (2102, 0.999939146863922), (2103, 0.999940755789567), (2104, 0.999942324051617), (2105, 0.999943852624367), (2106, 0.999945342460242), (2107, 0.999946794490253), (2108, 0.999948209624437), (2109, 0.999949588752292), (2110, 0.999950932743206), (2111, 0.999952242446873), (2112, 0.999953518693707), (2113, 0.999954762295244), (2114, 0.999955974044534), (2115, 0.999957154716538), (2116, 0.999958305068502), (2117, 0.999959425840333), (2118, 0.999960517754966), (2119, 0.999961581518725), (2120, 0.999962617821675), (2121, 0.999963627337965), (2122, 0.999964610726175), (2123, 0.999965568629643), (2124, 0.999966501676795) }
  Time:        314.2 s

  + Value iteration
    Final error: 0
    Iterations:  8499
    Time:        314.1 s
