# Data for router 4
0 0.0
10 0.0
20 0.0
30 0.08245722531436817
40 0.08245722531436817
50 0.08245722531436817
60 0.08245722531436817
70 0.1059575345289631
80 0.1059575345289631
90 0.1059575345289631
100 0.1059575345289631
110 0.1059575345289631
120 0.1059575345289631
130 0.1059575345289631
140 0.12347969490826634
150 0.12347969490826634
160 0.12347969490826634
170 0.12347969490826634
180 0.12347969490826634
190 0.12347969490826634
200 0.12347969490826634
210 0.12347969490826634
220 0.1997526283240569
230 0.1997526283240569
240 0.1997526283240569
250 0.1997526283240569
260 0.1997526283240569
270 0.1997526283240569
280 0.1997526283240569
290 0.1997526283240569
300 0.1997526283240569
310 0.1997526283240569
320 0.1997526283240569
330 0.24809317666460523
340 0.24809317666460523
350 0.24809317666460523
360 0.24809317666460523
370 0.24809317666460523
380 0.24809317666460523
390 0.24809317666460523
400 0.24809317666460523
410 0.24809317666460523
420 0.24809317666460523
430 0.24809317666460523
440 0.24809317666460523
450 0.24809317666460523
460 0.24809317666460523
470 0.2521129663986807
480 0.2521129663986807
490 0.2521129663986807
500 0.2521129663986807
510 0.2521129663986807
520 0.2521129663986807
530 0.2521129663986807
540 0.2521129663986807
550 0.2521129663986807
560 0.2521129663986807
570 0.2521129663986807
580 0.2521129663986807
590 0.2521129663986807
600 0.2521129663986807
610 0.2521129663986807
620 0.2521129663986807
630 0.2521129663986807
640 0.2521129663986807
650 0.2521129663986807
660 0.2521129663986807
670 0.2521129663986807
680 0.2521129663986807
690 0.2521129663986807
700 0.2521129663986807
710 0.2521129663986807
720 0.2521129663986807
730 0.2521129663986807
740 0.2521129663986807
750 0.2521129663986807
760 0.2521129663986807
770 0.2521129663986807
780 0.2521129663986807
790 0.2521129663986807
800 0.2521129663986807
810 0.2521129663986807
820 0.2521129663986807
830 0.2521129663986807
840 0.2521129663986807
850 0.2521129663986807
860 0.2521129663986807
870 0.2521129663986807
880 0.2521129663986807
890 0.2521129663986807
900 0.2521129663986807
910 0.2521129663986807
920 0.2521129663986807
930 0.2521129663986807
940 0.2521129663986807
950 0.2521129663986807
960 0.2521129663986807
970 0.2521129663986807
980 0.2521129663986807
990 0.2521129663986807
1000 0.2521129663986807
