# Data for router 5
0 0.0
10 0.0
20 0.0
30 0.003401360544217687
40 0.003401360544217687
50 0.003401360544217687
60 0.003401360544217687
70 0.011337868480725623
80 0.011337868480725623
90 0.011337868480725623
100 0.011337868480725623
110 0.011337868480725623
120 0.011337868480725623
130 0.011337868480725623
140 0.030303030303030304
150 0.030303030303030304
160 0.030303030303030304
170 0.030303030303030304
180 0.030303030303030304
190 0.030303030303030304
200 0.030303030303030304
210 0.030303030303030304
220 0.0383426097711812
230 0.0383426097711812
240 0.0383426097711812
250 0.0383426097711812
260 0.0383426097711812
270 0.0383426097711812
280 0.0383426097711812
290 0.0383426097711812
300 0.0383426097711812
310 0.0383426097711812
320 0.0383426097711812
330 0.0458668315811173
340 0.0458668315811173
350 0.0458668315811173
360 0.0458668315811173
370 0.0458668315811173
380 0.0458668315811173
390 0.0458668315811173
400 0.0458668315811173
410 0.0458668315811173
420 0.0458668315811173
430 0.0458668315811173
440 0.0458668315811173
450 0.0458668315811173
460 0.0458668315811173
470 0.050195835910121625
480 0.050195835910121625
490 0.050195835910121625
500 0.050195835910121625
510 0.050195835910121625
520 0.050195835910121625
530 0.050195835910121625
540 0.050195835910121625
550 0.050195835910121625
560 0.050195835910121625
570 0.050195835910121625
580 0.050195835910121625
590 0.050195835910121625
600 0.050195835910121625
610 0.050195835910121625
620 0.05174190888476603
630 0.05174190888476603
640 0.05174190888476603
650 0.05174190888476603
660 0.05174190888476603
670 0.05174190888476603
680 0.05174190888476603
690 0.05174190888476603
700 0.05174190888476603
710 0.05174190888476603
720 0.05174190888476603
730 0.05174190888476603
740 0.05174190888476603
750 0.05174190888476603
760 0.05174190888476603
770 0.05174190888476603
780 0.05174190888476603
790 0.05174190888476603
800 0.05184498041640899
810 0.05184498041640899
820 0.05184498041640899
830 0.05184498041640899
840 0.05184498041640899
850 0.05184498041640899
860 0.05184498041640899
870 0.05184498041640899
880 0.05184498041640899
890 0.05184498041640899
900 0.05184498041640899
910 0.05184498041640899
920 0.05184498041640899
930 0.05184498041640899
940 0.05184498041640899
950 0.05184498041640899
960 0.05184498041640899
970 0.05184498041640899
980 0.05184498041640899
990 0.05184498041640899
1000 0.05586477015048444
