# Data for router 6
0 0.0
10 0.0
20 0.0
30 0.0
40 0.0
50 0.0
60 0.0
70 0.0
80 0.0
90 0.0
100 0.0
110 0.0
120 0.0
130 0.0
140 0.012574726860441147
150 0.012574726860441147
160 0.012574726860441147
170 0.012574726860441147
180 0.012574726860441147
190 0.012574726860441147
200 0.012574726860441147
210 0.012574726860441147
220 0.013708513708513708
230 0.013708513708513708
240 0.013708513708513708
250 0.013708513708513708
260 0.013708513708513708
270 0.013708513708513708
280 0.013708513708513708
290 0.013708513708513708
300 0.013708513708513708
310 0.013708513708513708
320 0.013708513708513708
330 0.013708513708513708
340 0.013708513708513708
350 0.013708513708513708
360 0.013708513708513708
370 0.013708513708513708
380 0.013708513708513708
390 0.013708513708513708
400 0.013708513708513708
410 0.013708513708513708
420 0.013708513708513708
430 0.013708513708513708
440 0.013708513708513708
450 0.013708513708513708
460 0.013708513708513708
470 0.013708513708513708
480 0.013708513708513708
490 0.013708513708513708
500 0.013708513708513708
510 0.013708513708513708
520 0.013708513708513708
530 0.013708513708513708
540 0.013708513708513708
550 0.013708513708513708
560 0.013708513708513708
570 0.013708513708513708
580 0.013708513708513708
590 0.013708513708513708
600 0.013708513708513708
610 0.013708513708513708
620 0.013708513708513708
630 0.013708513708513708
640 0.013708513708513708
650 0.013708513708513708
660 0.013708513708513708
670 0.013708513708513708
680 0.013708513708513708
690 0.013708513708513708
700 0.013708513708513708
710 0.013708513708513708
720 0.013708513708513708
730 0.013708513708513708
740 0.013708513708513708
750 0.013708513708513708
760 0.013708513708513708
770 0.013708513708513708
780 0.013708513708513708
790 0.013708513708513708
800 0.013708513708513708
810 0.013708513708513708
820 0.013708513708513708
830 0.013708513708513708
840 0.013708513708513708
850 0.013708513708513708
860 0.013708513708513708
870 0.013708513708513708
880 0.013708513708513708
890 0.013708513708513708
900 0.013708513708513708
910 0.013708513708513708
920 0.013708513708513708
930 0.013708513708513708
940 0.013708513708513708
950 0.013708513708513708
960 0.013708513708513708
970 0.013708513708513708
980 0.013708513708513708
990 0.013708513708513708
1000 0.017006802721088437
