# Data for router 0
0 0.0
10 0.0
20 0.0
30 0.0
40 0.0
50 0.0
60 0.0
70 0.0
80 0.0
90 0.0
100 0.0
110 0.0
120 0.0
130 0.0
140 0.016388373531230675
150 0.016388373531230675
160 0.016388373531230675
170 0.016388373531230675
180 0.016388373531230675
190 0.016388373531230675
200 0.016388373531230675
210 0.016388373531230675
220 0.01855287569573284
230 0.01855287569573284
240 0.01855287569573284
250 0.01855287569573284
260 0.01855287569573284
270 0.01855287569573284
280 0.01855287569573284
290 0.01855287569573284
300 0.01855287569573284
310 0.01855287569573284
320 0.01855287569573284
330 0.01855287569573284
340 0.01855287569573284
350 0.01855287569573284
360 0.01855287569573284
370 0.01855287569573284
380 0.01855287569573284
390 0.01855287569573284
400 0.01855287569573284
410 0.01855287569573284
420 0.01855287569573284
430 0.01855287569573284
440 0.01855287569573284
450 0.01855287569573284
460 0.01855287569573284
470 0.01855287569573284
480 0.01855287569573284
490 0.01855287569573284
500 0.01855287569573284
510 0.01855287569573284
520 0.01855287569573284
530 0.01855287569573284
540 0.01855287569573284
550 0.01855287569573284
560 0.01855287569573284
570 0.01855287569573284
580 0.01855287569573284
590 0.01855287569573284
600 0.01855287569573284
610 0.01855287569573284
620 0.01855287569573284
630 0.01855287569573284
640 0.01855287569573284
650 0.01855287569573284
660 0.01855287569573284
670 0.01855287569573284
680 0.01855287569573284
690 0.01855287569573284
700 0.01855287569573284
710 0.01855287569573284
720 0.01855287569573284
730 0.01855287569573284
740 0.01855287569573284
750 0.01855287569573284
760 0.01855287569573284
770 0.01855287569573284
780 0.01855287569573284
790 0.01855287569573284
800 0.01855287569573284
810 0.01855287569573284
820 0.01855287569573284
830 0.01855287569573284
840 0.01855287569573284
850 0.01855287569573284
860 0.01855287569573284
870 0.01855287569573284
880 0.01855287569573284
890 0.01855287569573284
900 0.01855287569573284
910 0.01855287569573284
920 0.01855287569573284
930 0.01855287569573284
940 0.01855287569573284
950 0.01855287569573284
960 0.01855287569573284
970 0.01855287569573284
980 0.01855287569573284
990 0.01855287569573284
1000 0.01906823335394764
