# Data for router 7
0 0.0
10 0.0
20 0.0
30 0.012059369202226345
40 0.012059369202226345
50 0.012059369202226345
60 0.012059369202226345
70 0.01855287569573284
80 0.01855287569573284
90 0.01855287569573284
100 0.01855287569573284
110 0.01855287569573284
120 0.01855287569573284
130 0.01855287569573284
140 0.03360131931560503
150 0.03360131931560503
160 0.03360131931560503
170 0.03360131931560503
180 0.03360131931560503
190 0.03360131931560503
200 0.03360131931560503
210 0.03360131931560503
220 0.11069882498453927
230 0.11069882498453927
240 0.11069882498453927
250 0.11069882498453927
260 0.11069882498453927
270 0.11069882498453927
280 0.11069882498453927
290 0.11069882498453927
300 0.11069882498453927
310 0.11069882498453927
320 0.11069882498453927
330 0.1287363430220573
340 0.1287363430220573
350 0.1287363430220573
360 0.1287363430220573
370 0.1287363430220573
380 0.1287363430220573
390 0.1287363430220573
400 0.1287363430220573
410 0.1287363430220573
420 0.1287363430220573
430 0.1287363430220573
440 0.1287363430220573
450 0.1287363430220573
460 0.1287363430220573
470 0.12935477221191508
480 0.12935477221191508
490 0.12935477221191508
500 0.12935477221191508
510 0.12935477221191508
520 0.12935477221191508
530 0.12935477221191508
540 0.12935477221191508
550 0.12935477221191508
560 0.12935477221191508
570 0.12935477221191508
580 0.12935477221191508
590 0.12935477221191508
600 0.12935477221191508
610 0.12935477221191508
620 0.12935477221191508
630 0.12935477221191508
640 0.12935477221191508
650 0.12935477221191508
660 0.12935477221191508
670 0.12935477221191508
680 0.12935477221191508
690 0.12935477221191508
700 0.12935477221191508
710 0.12935477221191508
720 0.12935477221191508
730 0.12935477221191508
740 0.12935477221191508
750 0.12935477221191508
760 0.12935477221191508
770 0.12935477221191508
780 0.12935477221191508
790 0.12935477221191508
800 0.12935477221191508
810 0.12935477221191508
820 0.12935477221191508
830 0.12935477221191508
840 0.12935477221191508
850 0.12935477221191508
860 0.12935477221191508
870 0.12935477221191508
880 0.12935477221191508
890 0.12935477221191508
900 0.12935477221191508
910 0.12935477221191508
920 0.12935477221191508
930 0.12935477221191508
940 0.12935477221191508
950 0.12935477221191508
960 0.12935477221191508
970 0.12935477221191508
980 0.12935477221191508
990 0.12935477221191508
1000 0.13667285095856524
