# Data for router 3
0 0.0
10 0.0
20 0.0
30 0.004329004329004329
40 0.004329004329004329
50 0.004329004329004329
60 0.004329004329004329
70 0.012059369202226345
80 0.012059369202226345
90 0.012059369202226345
100 0.012059369202226345
110 0.012059369202226345
120 0.012059369202226345
130 0.012059369202226345
140 0.027623170480313337
150 0.027623170480313337
160 0.027623170480313337
170 0.027623170480313337
180 0.027623170480313337
190 0.027623170480313337
200 0.027623170480313337
210 0.027623170480313337
220 0.03504432075860647
230 0.03504432075860647
240 0.03504432075860647
250 0.03504432075860647
260 0.03504432075860647
270 0.03504432075860647
280 0.03504432075860647
290 0.03504432075860647
300 0.03504432075860647
310 0.03504432075860647
320 0.03504432075860647
330 0.042053184910327765
340 0.042053184910327765
350 0.042053184910327765
360 0.042053184910327765
370 0.042053184910327765
380 0.042053184910327765
390 0.042053184910327765
400 0.042053184910327765
410 0.042053184910327765
420 0.042053184910327765
430 0.042053184910327765
440 0.042053184910327765
450 0.042053184910327765
460 0.042053184910327765
470 0.047206761492475775
480 0.047206761492475775
490 0.047206761492475775
500 0.047206761492475775
510 0.047206761492475775
520 0.047206761492475775
530 0.047206761492475775
540 0.047206761492475775
550 0.047206761492475775
560 0.047206761492475775
570 0.047206761492475775
580 0.047206761492475775
590 0.047206761492475775
600 0.047206761492475775
610 0.047206761492475775
620 0.0479282622139765
630 0.0479282622139765
640 0.0479282622139765
650 0.0479282622139765
660 0.0479282622139765
670 0.0479282622139765
680 0.0479282622139765
690 0.0479282622139765
700 0.0479282622139765
710 0.0479282622139765
720 0.0479282622139765
730 0.0479282622139765
740 0.0479282622139765
750 0.0479282622139765
760 0.0479282622139765
770 0.0479282622139765
780 0.0479282622139765
790 0.0479282622139765
800 0.0479282622139765
810 0.0479282622139765
820 0.0479282622139765
830 0.0479282622139765
840 0.0479282622139765
850 0.0479282622139765
860 0.0479282622139765
870 0.0479282622139765
880 0.0479282622139765
890 0.0479282622139765
900 0.0479282622139765
910 0.0479282622139765
920 0.0479282622139765
930 0.0479282622139765
940 0.0479282622139765
950 0.0479282622139765
960 0.0479282622139765
970 0.0479282622139765
980 0.0479282622139765
990 0.0479282622139765
1000 0.05215419501133787
