# Data for router 8
0 0.0
10 0.0
20 0.0
30 0.0
40 0.0
50 0.0
60 0.0
70 0.0
80 0.0
90 0.0
100 0.0
110 0.0
120 0.0
130 0.0
140 0.01463615749330035
150 0.01463615749330035
160 0.01463615749330035
170 0.01463615749330035
180 0.01463615749330035
190 0.01463615749330035
200 0.01463615749330035
210 0.01463615749330035
220 0.015873015873015872
230 0.015873015873015872
240 0.015873015873015872
250 0.015873015873015872
260 0.015873015873015872
270 0.015873015873015872
280 0.015873015873015872
290 0.015873015873015872
300 0.015873015873015872
310 0.015873015873015872
320 0.015873015873015872
330 0.015873015873015872
340 0.015873015873015872
350 0.015873015873015872
360 0.015873015873015872
370 0.015873015873015872
380 0.015873015873015872
390 0.015873015873015872
400 0.015873015873015872
410 0.015873015873015872
420 0.015873015873015872
430 0.015873015873015872
440 0.015873015873015872
450 0.015873015873015872
460 0.015873015873015872
470 0.015873015873015872
480 0.015873015873015872
490 0.015873015873015872
500 0.015873015873015872
510 0.015873015873015872
520 0.015873015873015872
530 0.015873015873015872
540 0.015873015873015872
550 0.015873015873015872
560 0.015873015873015872
570 0.015873015873015872
580 0.015873015873015872
590 0.015873015873015872
600 0.015873015873015872
610 0.015873015873015872
620 0.015873015873015872
630 0.015873015873015872
640 0.015873015873015872
650 0.015873015873015872
660 0.015873015873015872
670 0.015873015873015872
680 0.015873015873015872
690 0.015873015873015872
700 0.015873015873015872
710 0.015873015873015872
720 0.015873015873015872
730 0.015873015873015872
740 0.015873015873015872
750 0.015873015873015872
760 0.015873015873015872
770 0.015873015873015872
780 0.015873015873015872
790 0.015873015873015872
800 0.015873015873015872
810 0.015873015873015872
820 0.015873015873015872
830 0.015873015873015872
840 0.015873015873015872
850 0.015873015873015872
860 0.015873015873015872
870 0.015873015873015872
880 0.015873015873015872
890 0.015873015873015872
900 0.015873015873015872
910 0.015873015873015872
920 0.015873015873015872
930 0.015873015873015872
940 0.015873015873015872
950 0.015873015873015872
960 0.015873015873015872
970 0.015873015873015872
980 0.015873015873015872
990 0.015873015873015872
1000 0.018037518037518036
