# Data for router 1
0 0.0
10 0.0
20 0.0
30 0.014945372088229231
40 0.014945372088229231
50 0.014945372088229231
60 0.014945372088229231
70 0.02061430632859204
80 0.02061430632859204
90 0.02061430632859204
100 0.02061430632859204
110 0.02061430632859204
120 0.02061430632859204
130 0.02061430632859204
140 0.036899608328179755
150 0.036899608328179755
160 0.036899608328179755
170 0.036899608328179755
180 0.036899608328179755
190 0.036899608328179755
200 0.036899608328179755
210 0.036899608328179755
220 0.12265512265512266
230 0.12265512265512266
240 0.12265512265512266
250 0.12265512265512266
260 0.12265512265512266
270 0.12265512265512266
280 0.12265512265512266
290 0.12265512265512266
300 0.12265512265512266
310 0.12265512265512266
320 0.12265512265512266
330 0.14028035456606885
340 0.14028035456606885
350 0.14028035456606885
360 0.14028035456606885
370 0.14028035456606885
380 0.14028035456606885
390 0.14028035456606885
400 0.14028035456606885
410 0.14028035456606885
420 0.14028035456606885
430 0.14028035456606885
440 0.14028035456606885
450 0.14028035456606885
460 0.14028035456606885
470 0.14089878375592663
480 0.14089878375592663
490 0.14089878375592663
500 0.14089878375592663
510 0.14089878375592663
520 0.14089878375592663
530 0.14089878375592663
540 0.14089878375592663
550 0.14089878375592663
560 0.14089878375592663
570 0.14089878375592663
580 0.14089878375592663
590 0.14089878375592663
600 0.14089878375592663
610 0.14089878375592663
620 0.14089878375592663
630 0.14089878375592663
640 0.14089878375592663
650 0.14089878375592663
660 0.14089878375592663
670 0.14089878375592663
680 0.14089878375592663
690 0.14089878375592663
700 0.14089878375592663
710 0.14089878375592663
720 0.14089878375592663
730 0.14089878375592663
740 0.14089878375592663
750 0.14089878375592663
760 0.14089878375592663
770 0.14089878375592663
780 0.14089878375592663
790 0.14089878375592663
800 0.14089878375592663
810 0.14089878375592663
820 0.14089878375592663
830 0.14089878375592663
840 0.14089878375592663
850 0.14089878375592663
860 0.14089878375592663
870 0.14089878375592663
880 0.14089878375592663
890 0.14089878375592663
900 0.14089878375592663
910 0.14089878375592663
920 0.14089878375592663
930 0.14089878375592663
940 0.14089878375592663
950 0.14089878375592663
960 0.14089878375592663
970 0.14089878375592663
980 0.14089878375592663
990 0.14089878375592663
1000 0.1370851370851371
