# Data for router 5
0 0.0
10 0.0
20 0.0
30 0.6122448979591837
40 0.6122448979591837
50 0.6122448979591837
60 0.6122448979591837
70 0.6122448979591837
80 0.7962275819418676
90 0.9354772211915069
100 0.9354772211915069
110 0.9354772211915069
120 0.9354772211915069
130 0.9354772211915069
140 0.9354772211915069
150 0.9391877963306535
160 0.9517625231910947
170 0.9640280354566069
180 0.9708307565450423
190 0.9708307565450423
200 0.9708307565450423
210 0.9708307565450423
220 0.9708307565450423
230 0.9708307565450423
240 0.9708307565450423
250 0.9708307565450423
260 0.9720676149247578
270 0.9751597608740465
280 0.9779426922284065
290 0.9801071943929087
300 0.9801071943929087
310 0.9801071943929087
320 0.9801071943929087
330 0.9801071943929087
340 0.9801071943929087
350 0.9801071943929087
360 0.9801071943929087
370 0.9801071943929087
380 0.9801071943929087
390 0.9801071943929087
400 0.9809317666460523
410 0.9814471243042672
420 0.9821686250257678
430 0.9831993403421975
440 0.9833024118738405
450 0.9833024118738405
460 0.9833024118738405
470 0.9833024118738405
480 0.9833024118738405
490 0.9833024118738405
500 0.9833024118738405
510 0.9833024118738405
520 0.9833024118738405
530 0.9833024118738405
540 0.9833024118738405
550 0.9833024118738405
560 0.9833024118738405
570 0.9834054834054834
580 0.9836116264687693
590 0.9836116264687693
600 0.9838177695320552
610 0.9839208410636983
620 0.9839208410636983
630 0.9839208410636983
640 0.9839208410636983
650 0.9839208410636983
660 0.9839208410636983
670 0.9839208410636983
680 0.9839208410636983
690 0.9839208410636983
700 0.9839208410636983
710 0.9839208410636983
720 0.9839208410636983
730 0.9839208410636983
740 0.9839208410636983
750 0.9839208410636983
760 0.9839208410636983
770 0.9839208410636983
780 0.9839208410636983
790 0.9840239125953412
800 0.9841269841269841
810 0.9841269841269841
820 0.9841269841269841
830 0.9841269841269841
840 0.9841269841269841
850 0.9841269841269841
860 0.9841269841269841
870 0.9841269841269841
880 0.9841269841269841
890 0.9841269841269841
900 0.9841269841269841
910 0.9841269841269841
920 0.9841269841269841
930 0.9841269841269841
940 0.9841269841269841
950 0.9841269841269841
960 0.9841269841269841
970 0.9841269841269841
980 0.9841269841269841
990 0.9841269841269841
1000 0.9856730571016286
