# Data for router 2
0 0.0
10 0.0
20 0.0
30 0.40094825809111523
40 0.40094825809111523
50 0.40094825809111523
60 0.40094825809111523
70 0.40094825809111523
80 0.6197691197691197
90 0.7938569367140795
100 0.7938569367140795
110 0.7938569367140795
120 0.7938569367140795
130 0.7938569367140795
140 0.7938569367140795
150 0.800556586270872
160 0.8204493918779633
170 0.8413729128014842
180 0.8546691403834261
190 0.8546691403834261
200 0.8546691403834261
210 0.8546691403834261
220 0.8546691403834261
230 0.8546691403834261
240 0.8546691403834261
250 0.8546691403834261
260 0.8562152133580705
270 0.8634302205730777
280 0.8687899402185116
290 0.8764172335600907
300 0.8764172335600907
310 0.8764172335600907
320 0.8764172335600907
330 0.8764172335600907
340 0.8764172335600907
350 0.8764172335600907
360 0.8764172335600907
370 0.8764172335600907
380 0.8764172335600907
390 0.8764172335600907
400 0.8778602350030922
410 0.8789940218511647
420 0.8803339517625232
430 0.8813646670789528
440 0.8815708101422387
450 0.8815708101422387
460 0.8815708101422387
470 0.8815708101422387
480 0.8815708101422387
490 0.8815708101422387
500 0.8815708101422387
510 0.8815708101422387
520 0.8815708101422387
530 0.8815708101422387
540 0.8815708101422387
550 0.8815708101422387
560 0.8815708101422387
570 0.8820861678004536
580 0.8826015254586683
590 0.8832199546485261
600 0.883426097711812
610 0.8836322407750979
620 0.8836322407750979
630 0.8836322407750979
640 0.8836322407750979
650 0.8836322407750979
660 0.8836322407750979
670 0.8836322407750979
680 0.8836322407750979
690 0.8836322407750979
700 0.8836322407750979
710 0.8836322407750979
720 0.8836322407750979
730 0.8836322407750979
740 0.8836322407750979
750 0.8836322407750979
760 0.8836322407750979
770 0.8836322407750979
780 0.8838383838383839
790 0.8838383838383839
800 0.8840445269016698
810 0.8840445269016698
820 0.8840445269016698
830 0.8840445269016698
840 0.8840445269016698
850 0.8840445269016698
860 0.8840445269016698
870 0.8840445269016698
880 0.8840445269016698
890 0.8840445269016698
900 0.8840445269016698
910 0.8840445269016698
920 0.8840445269016698
930 0.8840445269016698
940 0.8840445269016698
950 0.8840445269016698
960 0.8840445269016698
970 0.8840445269016698
980 0.8840445269016698
990 0.8840445269016698
1000 0.8873428159142445
