# Data for router 6
0 0.0
10 0.0
20 0.0
30 0.39290867862296436
40 0.39290867862296436
50 0.39290867862296436
60 0.39290867862296436
70 0.39290867862296436
80 0.6172954030096888
90 0.7893217893217893
100 0.7893217893217893
110 0.7893217893217893
120 0.7893217893217893
130 0.7893217893217893
140 0.7893217893217893
150 0.7959183673469388
160 0.821273964131107
170 0.8427128427128427
180 0.8566274994846423
190 0.8566274994846423
200 0.8566274994846423
210 0.8566274994846423
220 0.8566274994846423
230 0.8566274994846423
240 0.8566274994846423
250 0.8566274994846423
260 0.8589981447124304
270 0.865182436611008
280 0.8700267985982272
290 0.8776540919398063
300 0.8776540919398063
310 0.8776540919398063
320 0.8776540919398063
330 0.8776540919398063
340 0.8776540919398063
350 0.8776540919398063
360 0.8776540919398063
370 0.8776540919398063
380 0.8776540919398063
390 0.8776540919398063
400 0.8793032364460935
410 0.8811585240156669
420 0.8840445269016698
430 0.886002886002886
440 0.8867243867243867
450 0.8867243867243867
460 0.8867243867243867
470 0.8867243867243867
480 0.8867243867243867
490 0.8867243867243867
500 0.8867243867243867
510 0.8867243867243867
520 0.8867243867243867
530 0.8867243867243867
540 0.8867243867243867
550 0.8867243867243867
560 0.8867243867243867
570 0.8870336013193156
580 0.8873428159142445
590 0.8873428159142445
600 0.8873428159142445
610 0.8874458874458875
620 0.8874458874458875
630 0.8874458874458875
640 0.8874458874458875
650 0.8874458874458875
660 0.8874458874458875
670 0.8874458874458875
680 0.8874458874458875
690 0.8874458874458875
700 0.8874458874458875
710 0.8874458874458875
720 0.8874458874458875
730 0.8874458874458875
740 0.8874458874458875
750 0.8874458874458875
760 0.8874458874458875
770 0.8875489589775304
780 0.8875489589775304
790 0.8875489589775304
800 0.8876520305091734
810 0.8876520305091734
820 0.8876520305091734
830 0.8876520305091734
840 0.8876520305091734
850 0.8876520305091734
860 0.8876520305091734
870 0.8876520305091734
880 0.8876520305091734
890 0.8876520305091734
900 0.8876520305091734
910 0.8876520305091734
920 0.8876520305091734
930 0.8876520305091734
940 0.8876520305091734
950 0.8876520305091734
960 0.8876520305091734
970 0.8876520305091734
980 0.8876520305091734
990 0.8876520305091734
1000 0.8843537414965986
