# Data for router 2
0 0.0
2 0.0
4 0.0
6 0.0
8 0.0
10 0.0
12 0.0
14 0.0
16 0.0
18 0.0
20 0.0
22 0.0
24 0.0
26 0.0
28 0.0
30 0.0
32 0.0
34 0.0
36 0.0
38 0.0
40 0.0
42 0.0
44 0.0
46 0.0
48 0.0
50 0.0
52 0.0
54 0.0
56 0.0
58 0.0
60 0.0
62 0.0
64 0.0
66 0.0
68 0.0
70 0.0
72 0.0
74 0.0
76 0.0
78 0.0
80 0.0
82 0.0
84 0.0
86 0.0
88 0.0
90 0.0
92 0.0
94 0.0
96 0.0
98 0.0
100 0.0
102 0.0
104 0.0
106 0.0
108 0.0
110 0.0
112 0.0
114 0.0
116 0.0
118 0.0
120 0.0
122 0.0
124 0.0
126 0.0
128 0.0
130 0.0
132 0.0
134 0.0
136 0.0
138 0.0
140 0.0
142 0.0
144 0.0
146 0.0
148 0.0
150 0.0
152 0.0
154 0.0
156 0.0
158 0.0
160 0.0
162 0.0
164 0.0
166 0.0
168 0.0
170 0.0
172 0.0
174 0.0
176 0.0
178 0.0
180 0.0
182 0.0
184 0.0
186 0.0
188 0.0
190 0.0
192 0.0
194 0.0
196 0.0
198 0.0
200 0.0
202 0.003195217480931767
204 0.00968872397443826
206 0.00968872397443826
208 0.009791795506081221
210 0.009997938569367142
212 0.012883941455370028
214 0.020820449391877962
216 0.026798598227169654
218 0.027520098948670378
220 0.027520098948670378
222 0.027520098948670378
224 0.027520098948670378
226 0.027520098948670378
228 0.027520098948670378
230 0.027520098948670378
232 0.027520098948670378
234 0.027520098948670378
236 0.027520098948670378
238 0.027520098948670378
240 0.027520098948670378
242 0.027520098948670378
244 0.027520098948670378
246 0.027520098948670378
248 0.027520098948670378
250 0.027520098948670378
252 0.027520098948670378
254 0.027520098948670378
256 0.027520098948670378
258 0.027520098948670378
260 0.027520098948670378
262 0.027520098948670378
264 0.027520098948670378
266 0.027520098948670378
268 0.027520098948670378
270 0.027520098948670378
272 0.027520098948670378
274 0.027520098948670378
276 0.027520098948670378
278 0.027520098948670378
280 0.027520098948670378
282 0.027520098948670378
284 0.027520098948670378
286 0.027520098948670378
288 0.027520098948670378
290 0.027520098948670378
292 0.027520098948670378
294 0.027520098948670378
296 0.027520098948670378
298 0.027520098948670378
300 0.027520098948670378
302 0.027520098948670378
304 0.027520098948670378
306 0.027520098948670378
308 0.027520098948670378
310 0.027520098948670378
312 0.027520098948670378
314 0.027520098948670378
316 0.027520098948670378
318 0.027520098948670378
320 0.027520098948670378
322 0.027520098948670378
324 0.027520098948670378
326 0.027520098948670378
328 0.027520098948670378
330 0.027520098948670378
332 0.027520098948670378
334 0.027520098948670378
336 0.027520098948670378
338 0.027520098948670378
340 0.027520098948670378
342 0.027520098948670378
344 0.027520098948670378
346 0.027520098948670378
348 0.027520098948670378
350 0.027520098948670378
352 0.027520098948670378
354 0.027520098948670378
356 0.027520098948670378
358 0.027520098948670378
360 0.027520098948670378
362 0.027520098948670378
364 0.027520098948670378
366 0.027520098948670378
368 0.027520098948670378
370 0.027520098948670378
372 0.027520098948670378
374 0.027520098948670378
376 0.027520098948670378
378 0.027520098948670378
380 0.027520098948670378
382 0.027520098948670378
384 0.027520098948670378
386 0.027520098948670378
388 0.027520098948670378
390 0.027520098948670378
392 0.027520098948670378
394 0.027520098948670378
396 0.027520098948670378
398 0.027520098948670378
400 0.02958152958152958
402 0.02958152958152958
404 0.02958152958152958
406 0.02958152958152958
408 0.02958152958152958
410 0.02958152958152958
412 0.02958152958152958
414 0.029890744176458463
416 0.03720882292310864
418 0.04019789734075448
420 0.04019789734075448
422 0.04050711193568336
424 0.041640898783755924
426 0.04710368996083282
428 0.05225726654298083
430 0.054318697175840036
432 0.054627911770768915
434 0.054627911770768915
436 0.054627911770768915
438 0.054627911770768915
440 0.054627911770768915
442 0.054627911770768915
444 0.054627911770768915
446 0.054627911770768915
448 0.054627911770768915
450 0.054627911770768915
452 0.054627911770768915
454 0.054627911770768915
456 0.054627911770768915
458 0.054627911770768915
460 0.054627911770768915
462 0.054627911770768915
464 0.054627911770768915
466 0.054627911770768915
468 0.054627911770768915
470 0.054627911770768915
472 0.054627911770768915
474 0.054627911770768915
476 0.054627911770768915
478 0.054627911770768915
480 0.054627911770768915
482 0.054627911770768915
484 0.054627911770768915
486 0.054627911770768915
488 0.054627911770768915
490 0.054627911770768915
492 0.054627911770768915
494 0.054627911770768915
496 0.054627911770768915
498 0.054627911770768915
500 0.054627911770768915
