# Data for router 3
0 0.0
2 0.0
4 0.0
6 0.0
8 0.0
10 0.0
12 0.0
14 0.0
16 0.0
18 0.0
20 0.0
22 0.0
24 0.0
26 0.0
28 0.0
30 0.0
32 0.0
34 0.0
36 0.0
38 0.0
40 0.0
42 0.0
44 0.0
46 0.0
48 0.0
50 0.0
52 0.0
54 0.0
56 0.0
58 0.0
60 0.0
62 0.0
64 0.0
66 0.0
68 0.0
70 0.0
72 0.0
74 0.0
76 0.0
78 0.0
80 0.0
82 0.0
84 0.0
86 0.0
88 0.0
90 0.0
92 0.0
94 0.0
96 0.0
98 0.0
100 0.0
102 0.0
104 0.0
106 0.0
108 0.0
110 0.0
112 0.0
114 0.0
116 0.0
118 0.0
120 0.0
122 0.0
124 0.0
126 0.0
128 0.0
130 0.0
132 0.0
134 0.0
136 0.0
138 0.0
140 0.0
142 0.0
144 0.0
146 0.0
148 0.0
150 0.0
152 0.0
154 0.0
156 0.0
158 0.0
160 0.0
162 0.0
164 0.0
166 0.0
168 0.0
170 0.0
172 0.0
174 0.0
176 0.0
178 0.0
180 0.0
182 0.0
184 0.0
186 0.0
188 0.0
190 0.0
192 0.0
194 0.0
196 0.0
198 0.0
200 0.0
202 0.0022675736961451248
204 0.011750154607297465
206 0.011750154607297465
208 0.011750154607297465
210 0.012059369202226345
212 0.01432694289837147
214 0.021954236239950527
216 0.02834467120181406
218 0.02937538651824366
220 0.02937538651824366
222 0.02937538651824366
224 0.02937538651824366
226 0.02937538651824366
228 0.02937538651824366
230 0.02937538651824366
232 0.02937538651824366
234 0.02937538651824366
236 0.02937538651824366
238 0.02937538651824366
240 0.02937538651824366
242 0.02937538651824366
244 0.02937538651824366
246 0.02937538651824366
248 0.02937538651824366
250 0.02937538651824366
252 0.02937538651824366
254 0.02937538651824366
256 0.02937538651824366
258 0.02937538651824366
260 0.02937538651824366
262 0.02937538651824366
264 0.02937538651824366
266 0.02937538651824366
268 0.02937538651824366
270 0.02937538651824366
272 0.02937538651824366
274 0.02937538651824366
276 0.02937538651824366
278 0.02937538651824366
280 0.02937538651824366
282 0.02937538651824366
284 0.02937538651824366
286 0.02937538651824366
288 0.02937538651824366
290 0.02937538651824366
292 0.02937538651824366
294 0.02937538651824366
296 0.02937538651824366
298 0.02937538651824366
300 0.02937538651824366
302 0.02937538651824366
304 0.02937538651824366
306 0.02937538651824366
308 0.02937538651824366
310 0.02937538651824366
312 0.02937538651824366
314 0.02937538651824366
316 0.02937538651824366
318 0.02937538651824366
320 0.02937538651824366
322 0.02937538651824366
324 0.02937538651824366
326 0.02937538651824366
328 0.02937538651824366
330 0.02937538651824366
332 0.02937538651824366
334 0.02937538651824366
336 0.02937538651824366
338 0.02937538651824366
340 0.02937538651824366
342 0.02937538651824366
344 0.02937538651824366
346 0.02937538651824366
348 0.02937538651824366
350 0.02937538651824366
352 0.02937538651824366
354 0.02937538651824366
356 0.02937538651824366
358 0.02937538651824366
360 0.02937538651824366
362 0.02937538651824366
364 0.02937538651824366
366 0.02937538651824366
368 0.02937538651824366
370 0.02937538651824366
372 0.02937538651824366
374 0.02937538651824366
376 0.02937538651824366
378 0.02937538651824366
380 0.02937538651824366
382 0.02937538651824366
384 0.02937538651824366
386 0.02937538651824366
388 0.02937538651824366
390 0.02937538651824366
392 0.02937538651824366
394 0.02937538651824366
396 0.02937538651824366
398 0.02937538651824366
400 0.026592455163883734
402 0.026592455163883734
404 0.026592455163883734
406 0.026592455163883734
408 0.026592455163883734
410 0.026592455163883734
412 0.026592455163883734
414 0.026695526695526696
416 0.03329210472067615
418 0.0367965367965368
420 0.0367965367965368
422 0.03710575139146568
424 0.03844568130282416
426 0.042053184910327765
428 0.04864976293547722
430 0.050505050505050504
432 0.05081426509997938
434 0.05081426509997938
436 0.05081426509997938
438 0.05081426509997938
440 0.05081426509997938
442 0.05081426509997938
444 0.05081426509997938
446 0.05081426509997938
448 0.05081426509997938
450 0.05081426509997938
452 0.05081426509997938
454 0.05081426509997938
456 0.05081426509997938
458 0.05081426509997938
460 0.05081426509997938
462 0.05081426509997938
464 0.05081426509997938
466 0.05081426509997938
468 0.05081426509997938
470 0.05081426509997938
472 0.05081426509997938
474 0.05081426509997938
476 0.05081426509997938
478 0.05081426509997938
480 0.05081426509997938
482 0.05081426509997938
484 0.05081426509997938
486 0.05081426509997938
488 0.05081426509997938
490 0.05081426509997938
492 0.05081426509997938
494 0.05081426509997938
496 0.05081426509997938
498 0.05081426509997938
500 0.05081426509997938
