# Data for router 1
0 0.0
2 0.0
4 0.0
6 0.0
8 0.0
10 0.0
12 0.0
14 0.0
16 0.0
18 0.0
20 0.0
22 0.0
24 0.0
26 0.0
28 0.0
30 0.0
32 0.0
34 0.0
36 0.0
38 0.0
40 0.0
42 0.0
44 0.0
46 0.0
48 0.0
50 0.0
52 0.0
54 0.0
56 0.0
58 0.0
60 0.0
62 0.0
64 0.0
66 0.0
68 0.0
70 0.0
72 0.0
74 0.0
76 0.0
78 0.0
80 0.0
82 0.0
84 0.0
86 0.0
88 0.0
90 0.0
92 0.0
94 0.0
96 0.0
98 0.0
100 0.0
102 0.0
104 0.0
106 0.0
108 0.0
110 0.0
112 0.0
114 0.0
116 0.0
118 0.0
120 0.0
122 0.0
124 0.0
126 0.0
128 0.0
130 0.0
132 0.0
134 0.0
136 0.0
138 0.0
140 0.0
142 0.0
144 0.0
146 0.0
148 0.0
150 0.0
152 0.0
154 0.0
156 0.0
158 0.0
160 0.0
162 0.0
164 0.0
166 0.0
168 0.0
170 0.0
172 0.0
174 0.0
176 0.0
178 0.0
180 0.0
182 0.0
184 0.0
186 0.0
188 0.0
190 0.0
192 0.0
194 0.0
196 0.0
198 0.0
200 0.0
202 0.002576788291074005
204 0.012059369202226345
206 0.012059369202226345
208 0.012059369202226345
210 0.012265512265512266
212 0.01422387136672851
214 0.022057307771593485
216 0.02906617192331478
218 0.02947845804988662
220 0.02947845804988662
222 0.02947845804988662
224 0.02947845804988662
226 0.02947845804988662
228 0.02947845804988662
230 0.02947845804988662
232 0.02947845804988662
234 0.02947845804988662
236 0.02947845804988662
238 0.02947845804988662
240 0.02947845804988662
242 0.02947845804988662
244 0.02947845804988662
246 0.02947845804988662
248 0.02947845804988662
250 0.02947845804988662
252 0.02947845804988662
254 0.02947845804988662
256 0.02947845804988662
258 0.02947845804988662
260 0.02947845804988662
262 0.02947845804988662
264 0.02947845804988662
266 0.02947845804988662
268 0.02947845804988662
270 0.02947845804988662
272 0.02947845804988662
274 0.02947845804988662
276 0.02947845804988662
278 0.02947845804988662
280 0.02947845804988662
282 0.02947845804988662
284 0.02947845804988662
286 0.02947845804988662
288 0.02947845804988662
290 0.02947845804988662
292 0.02947845804988662
294 0.02947845804988662
296 0.02947845804988662
298 0.02947845804988662
300 0.02947845804988662
302 0.02947845804988662
304 0.02947845804988662
306 0.02947845804988662
308 0.02947845804988662
310 0.02947845804988662
312 0.02947845804988662
314 0.02947845804988662
316 0.02947845804988662
318 0.02947845804988662
320 0.02947845804988662
322 0.02947845804988662
324 0.02947845804988662
326 0.02947845804988662
328 0.02947845804988662
330 0.02947845804988662
332 0.02947845804988662
334 0.02947845804988662
336 0.02947845804988662
338 0.02947845804988662
340 0.02947845804988662
342 0.02947845804988662
344 0.02947845804988662
346 0.02947845804988662
348 0.02947845804988662
350 0.02947845804988662
352 0.02947845804988662
354 0.02947845804988662
356 0.02947845804988662
358 0.02947845804988662
360 0.02947845804988662
362 0.02947845804988662
364 0.02947845804988662
366 0.02947845804988662
368 0.02947845804988662
370 0.02947845804988662
372 0.02947845804988662
374 0.02947845804988662
376 0.02947845804988662
378 0.02947845804988662
380 0.02947845804988662
382 0.02947845804988662
384 0.02947845804988662
386 0.02947845804988662
388 0.02947845804988662
390 0.02947845804988662
392 0.02947845804988662
394 0.02947845804988662
396 0.02947845804988662
398 0.02947845804988662
400 0.02855081426509998
402 0.02855081426509998
404 0.02855081426509998
406 0.02855081426509998
408 0.02855081426509998
410 0.02855081426509998
412 0.02855081426509998
414 0.02865388579674294
416 0.03452896310039167
418 0.03793032364460936
420 0.03793032364460936
422 0.038033395176252316
424 0.03947639661925376
426 0.04359925788497217
428 0.04937126365697794
430 0.051638837353123065
432 0.05174190888476603
434 0.05174190888476603
436 0.05174190888476603
438 0.05174190888476603
440 0.05174190888476603
442 0.05174190888476603
444 0.05174190888476603
446 0.05174190888476603
448 0.05174190888476603
450 0.05174190888476603
452 0.05174190888476603
454 0.05174190888476603
456 0.05174190888476603
458 0.05174190888476603
460 0.05174190888476603
462 0.05174190888476603
464 0.05174190888476603
466 0.05174190888476603
468 0.05174190888476603
470 0.05174190888476603
472 0.05174190888476603
474 0.05174190888476603
476 0.05174190888476603
478 0.05174190888476603
480 0.05174190888476603
482 0.05174190888476603
484 0.05174190888476603
486 0.05174190888476603
488 0.05174190888476603
490 0.05174190888476603
492 0.05174190888476603
494 0.05174190888476603
496 0.05174190888476603
498 0.05174190888476603
500 0.05174190888476603
