# Data for router 0
0 0.0
2 0.0
4 0.0
6 0.0
8 0.0
10 0.0
12 0.0
14 0.0
16 0.0
18 0.0
20 0.0
22 0.0
24 0.0
26 0.0
28 0.0
30 0.0
32 0.0
34 0.0
36 0.0
38 0.0
40 0.0
42 0.0
44 0.0
46 0.0
48 0.0
50 0.0
52 0.0
54 0.0
56 0.0
58 0.0
60 0.0
62 0.0
64 0.0
66 0.0
68 0.0
70 0.0
72 0.0
74 0.0
76 0.0
78 0.0
80 0.0
82 0.0
84 0.0
86 0.0
88 0.0
90 0.0
92 0.0
94 0.0
96 0.0
98 0.0
100 0.0
102 0.0
104 0.0
106 0.0
108 0.0
110 0.0
112 0.0
114 0.0
116 0.0
118 0.0
120 0.0
122 0.0
124 0.0
126 0.0
128 0.0
130 0.0
132 0.0
134 0.0
136 0.0
138 0.0
140 0.0
142 0.0
144 0.0
146 0.0
148 0.0
150 0.0
152 0.0
154 0.0
156 0.0
158 0.0
160 0.0
162 0.0
164 0.0
166 0.0
168 0.0
170 0.0
172 0.0
174 0.0
176 0.0
178 0.0
180 0.0
182 0.0
184 0.0
186 0.0
188 0.0
190 0.0
192 0.0
194 0.0
196 0.0
198 0.0
200 0.0
202 0.0027829313543599257
204 0.009791795506081221
206 0.009791795506081221
208 0.009791795506081221
210 0.009791795506081221
212 0.011440940012368584
214 0.01906823335394764
216 0.02463409606266749
218 0.025252525252525252
220 0.025252525252525252
222 0.025252525252525252
224 0.025252525252525252
226 0.025252525252525252
228 0.025252525252525252
230 0.025252525252525252
232 0.025252525252525252
234 0.025252525252525252
236 0.025252525252525252
238 0.025252525252525252
240 0.025252525252525252
242 0.025252525252525252
244 0.025252525252525252
246 0.025252525252525252
248 0.025252525252525252
250 0.025252525252525252
252 0.025252525252525252
254 0.025252525252525252
256 0.025252525252525252
258 0.025252525252525252
260 0.025252525252525252
262 0.025252525252525252
264 0.025252525252525252
266 0.025252525252525252
268 0.025252525252525252
270 0.025252525252525252
272 0.025252525252525252
274 0.025252525252525252
276 0.025252525252525252
278 0.025252525252525252
280 0.025252525252525252
282 0.025252525252525252
284 0.025252525252525252
286 0.025252525252525252
288 0.025252525252525252
290 0.025252525252525252
292 0.025252525252525252
294 0.025252525252525252
296 0.025252525252525252
298 0.025252525252525252
300 0.025252525252525252
302 0.025252525252525252
304 0.025252525252525252
306 0.025252525252525252
308 0.025252525252525252
310 0.025252525252525252
312 0.025252525252525252
314 0.025252525252525252
316 0.025252525252525252
318 0.025252525252525252
320 0.025252525252525252
322 0.025252525252525252
324 0.025252525252525252
326 0.025252525252525252
328 0.025252525252525252
330 0.025252525252525252
332 0.025252525252525252
334 0.025252525252525252
336 0.025252525252525252
338 0.025252525252525252
340 0.025252525252525252
342 0.025252525252525252
344 0.025252525252525252
346 0.025252525252525252
348 0.025252525252525252
350 0.025252525252525252
352 0.025252525252525252
354 0.025252525252525252
356 0.025252525252525252
358 0.025252525252525252
360 0.025252525252525252
362 0.025252525252525252
364 0.025252525252525252
366 0.025252525252525252
368 0.025252525252525252
370 0.025252525252525252
372 0.025252525252525252
374 0.025252525252525252
376 0.025252525252525252
378 0.025252525252525252
380 0.025252525252525252
382 0.025252525252525252
384 0.025252525252525252
386 0.025252525252525252
388 0.025252525252525252
390 0.025252525252525252
392 0.025252525252525252
394 0.025252525252525252
396 0.025252525252525252
398 0.025252525252525252
400 0.026386312100597813
402 0.026386312100597813
404 0.026386312100597813
406 0.026386312100597813
408 0.026386312100597813
410 0.026386312100597813
412 0.026386312100597813
414 0.026695526695526696
416 0.03370439084724799
418 0.037311894454751596
420 0.037311894454751596
422 0.0378272521129664
424 0.03896103896103896
426 0.04339311482168625
428 0.050195835910121625
430 0.05225726654298083
432 0.05246340960626675
434 0.05246340960626675
436 0.05246340960626675
438 0.05246340960626675
440 0.05246340960626675
442 0.05246340960626675
444 0.05246340960626675
446 0.05246340960626675
448 0.05246340960626675
450 0.05246340960626675
452 0.05246340960626675
454 0.05246340960626675
456 0.05246340960626675
458 0.05246340960626675
460 0.05246340960626675
462 0.05246340960626675
464 0.05246340960626675
466 0.05246340960626675
468 0.05246340960626675
470 0.05246340960626675
472 0.05246340960626675
474 0.05246340960626675
476 0.05246340960626675
478 0.05246340960626675
480 0.05246340960626675
482 0.05246340960626675
484 0.05246340960626675
486 0.05246340960626675
488 0.05246340960626675
490 0.05246340960626675
492 0.05246340960626675
494 0.05246340960626675
496 0.05246340960626675
498 0.05246340960626675
500 0.05246340960626675
