# Data for router 1
0 0.0
10 0.0
20 0.0
30 0.0
40 0.0
50 0.0
60 0.0
70 0.0
80 0.0
90 0.0
100 0.0
110 0.0
120 0.0
130 0.0
140 0.0
150 0.0
160 0.0
170 0.00010307153164296021
180 0.00020614306328592042
190 0.00020614306328592042
200 0.00020614306328592042
210 0.00020614306328592042
220 0.00020614306328592042
230 0.00020614306328592042
240 0.00020614306328592042
250 0.00020614306328592042
260 0.001443001443001443
270 0.004225932797361369
280 0.006390434961863534
290 0.008451865594722737
300 0.008451865594722737
310 0.008451865594722737
320 0.008451865594722737
330 0.008451865594722737
340 0.008451865594722737
350 0.008451865594722737
360 0.008451865594722737
370 0.008451865594722737
380 0.008451865594722737
390 0.008451865594722737
400 0.008451865594722737
410 0.008451865594722737
420 0.008451865594722737
430 0.008554937126365698
440 0.008658008658008658
450 0.008658008658008658
460 0.008658008658008658
470 0.008658008658008658
480 0.008658008658008658
490 0.008658008658008658
500 0.008658008658008658
510 0.008658008658008658
520 0.008658008658008658
530 0.008658008658008658
540 0.008658008658008658
550 0.008658008658008658
560 0.008658008658008658
570 0.008658008658008658
580 0.008658008658008658
590 0.008658008658008658
600 0.008658008658008658
610 0.008658008658008658
620 0.008658008658008658
630 0.008658008658008658
640 0.008658008658008658
650 0.008658008658008658
660 0.008658008658008658
670 0.008658008658008658
680 0.008658008658008658
690 0.008658008658008658
700 0.008658008658008658
710 0.008658008658008658
720 0.008658008658008658
730 0.008658008658008658
740 0.008658008658008658
750 0.008658008658008658
760 0.008658008658008658
770 0.008658008658008658
780 0.008658008658008658
790 0.008658008658008658
800 0.008658008658008658
810 0.008658008658008658
820 0.008658008658008658
830 0.008658008658008658
840 0.008658008658008658
850 0.008658008658008658
860 0.008658008658008658
870 0.008658008658008658
880 0.008658008658008658
890 0.008658008658008658
900 0.008658008658008658
910 0.008658008658008658
920 0.008658008658008658
930 0.008658008658008658
940 0.008658008658008658
950 0.008658008658008658
960 0.008658008658008658
970 0.008658008658008658
980 0.008658008658008658
990 0.008658008658008658
1000 0.012059369202226345
