# Data for router 3
0 0.0
10 0.0
20 0.0
30 0.0
40 0.0
50 0.0
60 0.0
70 0.0
80 0.0
90 0.0
100 0.0
110 0.0
120 0.0
130 0.0
140 0.0
150 0.0
160 0.00041228612657184083
170 0.0006184291898577613
180 0.0010307153164296021
190 0.0010307153164296021
200 0.0010307153164296021
210 0.0010307153164296021
220 0.0010307153164296021
230 0.0010307153164296021
240 0.0010307153164296021
250 0.0010307153164296021
260 0.0010307153164296021
270 0.0011337868480725624
280 0.0011337868480725624
290 0.0011337868480725624
300 0.0011337868480725624
310 0.0011337868480725624
320 0.0011337868480725624
330 0.0011337868480725624
340 0.0011337868480725624
350 0.0011337868480725624
360 0.0011337868480725624
370 0.0011337868480725624
380 0.0011337868480725624
390 0.0011337868480725624
400 0.0011337868480725624
410 0.0011337868480725624
420 0.0011337868480725624
430 0.0011337868480725624
440 0.0011337868480725624
450 0.0011337868480725624
460 0.0011337868480725624
470 0.0011337868480725624
480 0.0011337868480725624
490 0.0011337868480725624
500 0.0011337868480725624
510 0.0011337868480725624
520 0.0011337868480725624
530 0.0011337868480725624
540 0.0011337868480725624
550 0.0011337868480725624
560 0.0011337868480725624
570 0.0011337868480725624
580 0.0011337868480725624
590 0.0011337868480725624
600 0.0011337868480725624
610 0.0011337868480725624
620 0.0011337868480725624
630 0.0011337868480725624
640 0.0011337868480725624
650 0.0011337868480725624
660 0.0011337868480725624
670 0.0011337868480725624
680 0.0011337868480725624
690 0.0011337868480725624
700 0.0011337868480725624
710 0.0011337868480725624
720 0.0011337868480725624
730 0.0011337868480725624
740 0.0011337868480725624
750 0.0011337868480725624
760 0.0011337868480725624
770 0.0011337868480725624
780 0.0011337868480725624
790 0.0011337868480725624
800 0.0011337868480725624
810 0.0011337868480725624
820 0.0011337868480725624
830 0.0011337868480725624
840 0.0011337868480725624
850 0.0011337868480725624
860 0.0011337868480725624
870 0.0011337868480725624
880 0.0011337868480725624
890 0.0011337868480725624
900 0.0011337868480725624
910 0.0011337868480725624
920 0.0011337868480725624
930 0.0011337868480725624
940 0.0011337868480725624
950 0.0011337868480725624
960 0.0011337868480725624
970 0.0011337868480725624
980 0.0011337868480725624
990 0.0011337868480725624
1000 0.0016491445062873633
