# Data for router 7
0 0.0
10 0.0
20 0.0
30 0.0
40 0.0
50 0.0
60 0.0
70 0.0
80 0.0
90 0.0
100 0.0
110 0.0
120 0.0
130 0.0
140 0.0
150 0.00010307153164296021
160 0.00020614306328592042
170 0.00020614306328592042
180 0.00020614306328592042
190 0.00020614306328592042
200 0.00020614306328592042
210 0.00020614306328592042
220 0.00020614306328592042
230 0.00020614306328592042
240 0.00020614306328592042
250 0.00020614306328592042
260 0.0008245722531436817
270 0.004329004329004329
280 0.006596578025149453
290 0.01030715316429602
300 0.01030715316429602
310 0.01030715316429602
320 0.01030715316429602
330 0.01030715316429602
340 0.01030715316429602
350 0.01030715316429602
360 0.01030715316429602
370 0.01030715316429602
380 0.01030715316429602
390 0.01030715316429602
400 0.010410224695938981
410 0.010410224695938981
420 0.010410224695938981
430 0.010410224695938981
440 0.010410224695938981
450 0.010410224695938981
460 0.010410224695938981
470 0.010410224695938981
480 0.010410224695938981
490 0.010410224695938981
500 0.010410224695938981
510 0.010410224695938981
520 0.010410224695938981
530 0.010410224695938981
540 0.010410224695938981
550 0.010410224695938981
560 0.010410224695938981
570 0.010410224695938981
580 0.010410224695938981
590 0.010410224695938981
600 0.010410224695938981
610 0.010410224695938981
620 0.010410224695938981
630 0.010410224695938981
640 0.010410224695938981
650 0.010410224695938981
660 0.010410224695938981
670 0.010410224695938981
680 0.010410224695938981
690 0.010410224695938981
700 0.010410224695938981
710 0.010410224695938981
720 0.010410224695938981
730 0.010410224695938981
740 0.010410224695938981
750 0.010410224695938981
760 0.010410224695938981
770 0.010410224695938981
780 0.010410224695938981
790 0.010410224695938981
800 0.010410224695938981
810 0.010410224695938981
820 0.010410224695938981
830 0.010410224695938981
840 0.010410224695938981
850 0.010410224695938981
860 0.010410224695938981
870 0.010410224695938981
880 0.010410224695938981
890 0.010410224695938981
900 0.010410224695938981
910 0.010410224695938981
920 0.010410224695938981
930 0.010410224695938981
940 0.010410224695938981
950 0.010410224695938981
960 0.010410224695938981
970 0.010410224695938981
980 0.010410224695938981
990 0.010410224695938981
1000 0.010925582354153782
