# Data for router 4
0 0.0
10 0.0
20 0.0
30 0.001958359101216244
40 0.001958359101216244
50 0.001958359101216244
60 0.001958359101216244
70 0.001958359101216244
80 0.0022675736961451248
90 0.0029890744176458463
100 0.0029890744176458463
110 0.0029890744176458463
120 0.0029890744176458463
130 0.0029890744176458463
140 0.0029890744176458463
150 0.0035044320758606472
160 0.004329004329004329
170 0.00484436198721913
180 0.005668934240362812
190 0.005668934240362812
200 0.005668934240362812
210 0.005668934240362812
220 0.005668934240362812
230 0.005668934240362812
240 0.005668934240362812
250 0.005668934240362812
260 0.007318078746650175
270 0.010513296227581941
280 0.012883941455370028
290 0.016491445062873634
300 0.016491445062873634
310 0.016491445062873634
320 0.016491445062873634
330 0.016491445062873634
340 0.016491445062873634
350 0.016491445062873634
360 0.016491445062873634
370 0.016491445062873634
380 0.016491445062873634
390 0.016491445062873634
400 0.017934446505875078
410 0.01896516182230468
420 0.019789734075448363
430 0.021026592455163882
440 0.021438878581735724
450 0.021438878581735724
460 0.021438878581735724
470 0.021438878581735724
480 0.021438878581735724
490 0.021438878581735724
500 0.021438878581735724
510 0.021438878581735724
520 0.021438878581735724
530 0.021438878581735724
540 0.021438878581735724
550 0.021438878581735724
560 0.021438878581735724
570 0.021438878581735724
580 0.021438878581735724
590 0.021438878581735724
600 0.021438878581735724
610 0.021541950113378686
620 0.021541950113378686
630 0.021541950113378686
640 0.021541950113378686
650 0.021541950113378686
660 0.021541950113378686
670 0.021541950113378686
680 0.021541950113378686
690 0.021541950113378686
700 0.021541950113378686
710 0.021541950113378686
720 0.021541950113378686
730 0.021541950113378686
740 0.021541950113378686
750 0.021541950113378686
760 0.021541950113378686
770 0.021541950113378686
780 0.021541950113378686
790 0.021541950113378686
800 0.021541950113378686
810 0.021541950113378686
820 0.021541950113378686
830 0.021541950113378686
840 0.021541950113378686
850 0.021541950113378686
860 0.021541950113378686
870 0.021541950113378686
880 0.021541950113378686
890 0.021541950113378686
900 0.021541950113378686
910 0.021541950113378686
920 0.021541950113378686
930 0.021541950113378686
940 0.021541950113378686
950 0.021541950113378686
960 0.021541950113378686
970 0.021541950113378686
980 0.021541950113378686
990 0.021541950113378686
1000 0.021541950113378686
