# Data for router 5
0 0.0
10 0.0
20 0.0
30 0.0
40 0.0
50 0.0
60 0.0
70 0.0
80 0.0
90 0.0
100 0.0
110 0.0
120 0.0
130 0.0
140 0.0
150 0.0
160 0.00010307153164296021
170 0.00030921459492888067
180 0.00041228612657184083
190 0.00041228612657184083
200 0.00041228612657184083
210 0.00041228612657184083
220 0.00041228612657184083
230 0.00041228612657184083
240 0.00041228612657184083
250 0.00041228612657184083
260 0.00041228612657184083
270 0.0005153576582148011
280 0.0007215007215007215
290 0.0007215007215007215
300 0.0007215007215007215
310 0.0007215007215007215
320 0.0007215007215007215
330 0.0007215007215007215
340 0.0007215007215007215
350 0.0007215007215007215
360 0.0007215007215007215
370 0.0007215007215007215
380 0.0007215007215007215
390 0.0007215007215007215
400 0.0007215007215007215
410 0.0007215007215007215
420 0.0007215007215007215
430 0.0007215007215007215
440 0.0007215007215007215
450 0.0007215007215007215
460 0.0007215007215007215
470 0.0007215007215007215
480 0.0007215007215007215
490 0.0007215007215007215
500 0.0007215007215007215
510 0.0007215007215007215
520 0.0007215007215007215
530 0.0007215007215007215
540 0.0007215007215007215
550 0.0007215007215007215
560 0.0007215007215007215
570 0.0007215007215007215
580 0.0007215007215007215
590 0.0007215007215007215
600 0.0007215007215007215
610 0.0007215007215007215
620 0.0007215007215007215
630 0.0007215007215007215
640 0.0007215007215007215
650 0.0007215007215007215
660 0.0007215007215007215
670 0.0007215007215007215
680 0.0007215007215007215
690 0.0007215007215007215
700 0.0007215007215007215
710 0.0007215007215007215
720 0.0007215007215007215
730 0.0007215007215007215
740 0.0007215007215007215
750 0.0007215007215007215
760 0.0007215007215007215
770 0.0007215007215007215
780 0.0007215007215007215
790 0.0007215007215007215
800 0.0007215007215007215
810 0.0007215007215007215
820 0.0007215007215007215
830 0.0007215007215007215
840 0.0007215007215007215
850 0.0007215007215007215
860 0.0007215007215007215
870 0.0007215007215007215
880 0.0007215007215007215
890 0.0007215007215007215
900 0.0007215007215007215
910 0.0007215007215007215
920 0.0007215007215007215
930 0.0007215007215007215
940 0.0007215007215007215
950 0.0007215007215007215
960 0.0007215007215007215
970 0.0007215007215007215
980 0.0007215007215007215
990 0.0007215007215007215
1000 0.0015460729746444033
