# Data for router 1
0 0.0
10 0.0
20 0.0
30 0.2712842712842713
40 0.2712842712842713
50 0.2712842712842713
60 0.2712842712842713
70 0.5770975056689343
80 0.5770975056689343
90 0.5770975056689343
100 0.5770975056689343
110 0.5770975056689343
120 0.5770975056689343
130 0.5770975056689343
140 0.7388167388167388
150 0.7388167388167388
160 0.7388167388167388
170 0.7388167388167388
180 0.7388167388167388
190 0.7388167388167388
200 0.7388167388167388
210 0.7388167388167388
220 0.7555143269428983
230 0.7555143269428983
240 0.7555143269428983
250 0.7555143269428983
260 0.7555143269428983
270 0.7555143269428983
280 0.7555143269428983
290 0.7555143269428983
300 0.7555143269428983
310 0.7555143269428983
320 0.7555143269428983
330 0.7562358276643991
340 0.7562358276643991
350 0.7562358276643991
360 0.7562358276643991
370 0.7562358276643991
380 0.7562358276643991
390 0.7562358276643991
400 0.7562358276643991
410 0.7562358276643991
420 0.7562358276643991
430 0.7562358276643991
440 0.7562358276643991
450 0.7562358276643991
460 0.7562358276643991
470 0.7562358276643991
480 0.7562358276643991
490 0.7562358276643991
500 0.7562358276643991
510 0.7562358276643991
520 0.7562358276643991
530 0.7562358276643991
540 0.7562358276643991
550 0.7562358276643991
560 0.7562358276643991
570 0.7562358276643991
580 0.7562358276643991
590 0.7562358276643991
600 0.7562358276643991
610 0.7562358276643991
620 0.7562358276643991
630 0.7562358276643991
640 0.7562358276643991
650 0.7562358276643991
660 0.7562358276643991
670 0.7562358276643991
680 0.7562358276643991
690 0.7562358276643991
700 0.7562358276643991
710 0.7562358276643991
720 0.7562358276643991
730 0.7562358276643991
740 0.7562358276643991
750 0.7562358276643991
760 0.7562358276643991
770 0.7562358276643991
780 0.7562358276643991
790 0.7562358276643991
800 0.7562358276643991
810 0.7562358276643991
820 0.7562358276643991
830 0.7562358276643991
840 0.7562358276643991
850 0.7562358276643991
860 0.7562358276643991
870 0.7562358276643991
880 0.7562358276643991
890 0.7562358276643991
900 0.7562358276643991
910 0.7562358276643991
920 0.7562358276643991
930 0.7562358276643991
940 0.7562358276643991
950 0.7562358276643991
960 0.7562358276643991
970 0.7562358276643991
980 0.7562358276643991
990 0.7562358276643991
1000 0.7542774685631829
