# Data for router 0
0 0.0
10 0.0
20 0.0
30 0.021335807050092765
40 0.021335807050092765
50 0.021335807050092765
60 0.021335807050092765
70 0.11832611832611832
80 0.11832611832611832
90 0.11832611832611832
100 0.11832611832611832
110 0.11832611832611832
120 0.11832611832611832
130 0.11832611832611832
140 0.13285920428777573
150 0.13285920428777573
160 0.13285920428777573
170 0.13285920428777573
180 0.13285920428777573
190 0.13285920428777573
200 0.13285920428777573
210 0.13285920428777573
220 0.13285920428777573
230 0.13285920428777573
240 0.13285920428777573
250 0.13285920428777573
260 0.13285920428777573
270 0.13285920428777573
280 0.13285920428777573
290 0.13285920428777573
300 0.13285920428777573
310 0.13285920428777573
320 0.13285920428777573
330 0.13285920428777573
340 0.13285920428777573
350 0.13285920428777573
360 0.13285920428777573
370 0.13285920428777573
380 0.13285920428777573
390 0.13285920428777573
400 0.13285920428777573
410 0.13285920428777573
420 0.13285920428777573
430 0.13285920428777573
440 0.13285920428777573
450 0.13285920428777573
460 0.13285920428777573
470 0.13285920428777573
480 0.13285920428777573
490 0.13285920428777573
500 0.13285920428777573
510 0.13285920428777573
520 0.13285920428777573
530 0.13285920428777573
540 0.13285920428777573
550 0.13285920428777573
560 0.13285920428777573
570 0.13285920428777573
580 0.13285920428777573
590 0.13285920428777573
600 0.13285920428777573
610 0.13285920428777573
620 0.13285920428777573
630 0.13285920428777573
640 0.13285920428777573
650 0.13285920428777573
660 0.13285920428777573
670 0.13285920428777573
680 0.13285920428777573
690 0.13285920428777573
700 0.13285920428777573
710 0.13285920428777573
720 0.13285920428777573
730 0.13285920428777573
740 0.13285920428777573
750 0.13285920428777573
760 0.13285920428777573
770 0.13285920428777573
780 0.13285920428777573
790 0.13285920428777573
800 0.13285920428777573
810 0.13285920428777573
820 0.13285920428777573
830 0.13285920428777573
840 0.13285920428777573
850 0.13285920428777573
860 0.13285920428777573
870 0.13285920428777573
880 0.13285920428777573
890 0.13285920428777573
900 0.13285920428777573
910 0.13285920428777573
920 0.13285920428777573
930 0.13285920428777573
940 0.13285920428777573
950 0.13285920428777573
960 0.13285920428777573
970 0.13285920428777573
980 0.13285920428777573
990 0.13285920428777573
1000 0.129560915275201
