# Data for router 3
0 0.0
10 0.0
20 0.0
30 0.1261595547309833
40 0.1261595547309833
50 0.1261595547309833
60 0.1261595547309833
70 0.406720263863121
80 0.406720263863121
90 0.406720263863121
100 0.406720263863121
110 0.406720263863121
120 0.406720263863121
130 0.406720263863121
140 0.4723768295196867
150 0.4723768295196867
160 0.4723768295196867
170 0.4723768295196867
180 0.4723768295196867
190 0.4723768295196867
200 0.4723768295196867
210 0.4723768295196867
220 0.4946402803545661
230 0.4946402803545661
240 0.4946402803545661
250 0.4946402803545661
260 0.4946402803545661
270 0.4946402803545661
280 0.4946402803545661
290 0.4946402803545661
300 0.4946402803545661
310 0.4946402803545661
320 0.4946402803545661
330 0.5016491445062874
340 0.5016491445062874
350 0.5016491445062874
360 0.5016491445062874
370 0.5016491445062874
380 0.5016491445062874
390 0.5016491445062874
400 0.5016491445062874
410 0.5016491445062874
420 0.5016491445062874
430 0.5016491445062874
440 0.5016491445062874
450 0.5016491445062874
460 0.5016491445062874
470 0.5022675736961452
480 0.5022675736961452
490 0.5022675736961452
500 0.5022675736961452
510 0.5022675736961452
520 0.5022675736961452
530 0.5022675736961452
540 0.5022675736961452
550 0.5022675736961452
560 0.5022675736961452
570 0.5022675736961452
580 0.5022675736961452
590 0.5022675736961452
600 0.5022675736961452
610 0.5022675736961452
620 0.5023706452277881
630 0.5023706452277881
640 0.5023706452277881
650 0.5023706452277881
660 0.5023706452277881
670 0.5023706452277881
680 0.5023706452277881
690 0.5023706452277881
700 0.5023706452277881
710 0.5023706452277881
720 0.5023706452277881
730 0.5023706452277881
740 0.5023706452277881
750 0.5023706452277881
760 0.5023706452277881
770 0.5023706452277881
780 0.5023706452277881
790 0.5023706452277881
800 0.5023706452277881
810 0.5023706452277881
820 0.5023706452277881
830 0.5023706452277881
840 0.5023706452277881
850 0.5023706452277881
860 0.5023706452277881
870 0.5023706452277881
880 0.5023706452277881
890 0.5023706452277881
900 0.5023706452277881
910 0.5023706452277881
920 0.5023706452277881
930 0.5023706452277881
940 0.5023706452277881
950 0.5023706452277881
960 0.5023706452277881
970 0.5023706452277881
980 0.5023706452277881
990 0.5023706452277881
1000 0.5012368583797155
