# Data for router 6
0 0.0
10 0.0
20 0.0
30 0.02391259534116677
40 0.02391259534116677
50 0.02391259534116677
60 0.02391259534116677
70 0.10925582354153783
80 0.10925582354153783
90 0.10925582354153783
100 0.10925582354153783
110 0.10925582354153783
120 0.10925582354153783
130 0.10925582354153783
140 0.12100597814883529
150 0.12100597814883529
160 0.12100597814883529
170 0.12100597814883529
180 0.12100597814883529
190 0.12100597814883529
200 0.12100597814883529
210 0.12100597814883529
220 0.12100597814883529
230 0.12100597814883529
240 0.12100597814883529
250 0.12100597814883529
260 0.12100597814883529
270 0.12100597814883529
280 0.12100597814883529
290 0.12100597814883529
300 0.12100597814883529
310 0.12100597814883529
320 0.12100597814883529
330 0.12100597814883529
340 0.12100597814883529
350 0.12100597814883529
360 0.12100597814883529
370 0.12100597814883529
380 0.12100597814883529
390 0.12100597814883529
400 0.12100597814883529
410 0.12100597814883529
420 0.12100597814883529
430 0.12100597814883529
440 0.12100597814883529
450 0.12100597814883529
460 0.12100597814883529
470 0.12100597814883529
480 0.12100597814883529
490 0.12100597814883529
500 0.12100597814883529
510 0.12100597814883529
520 0.12100597814883529
530 0.12100597814883529
540 0.12100597814883529
550 0.12100597814883529
560 0.12100597814883529
570 0.12100597814883529
580 0.12100597814883529
590 0.12100597814883529
600 0.12100597814883529
610 0.12100597814883529
620 0.12100597814883529
630 0.12100597814883529
640 0.12100597814883529
650 0.12100597814883529
660 0.12100597814883529
670 0.12100597814883529
680 0.12100597814883529
690 0.12100597814883529
700 0.12100597814883529
710 0.12100597814883529
720 0.12100597814883529
730 0.12100597814883529
740 0.12100597814883529
750 0.12100597814883529
760 0.12100597814883529
770 0.12100597814883529
780 0.12100597814883529
790 0.12100597814883529
800 0.12100597814883529
810 0.12100597814883529
820 0.12100597814883529
830 0.12100597814883529
840 0.12100597814883529
850 0.12100597814883529
860 0.12100597814883529
870 0.12100597814883529
880 0.12100597814883529
890 0.12100597814883529
900 0.12100597814883529
910 0.12100597814883529
920 0.12100597814883529
930 0.12100597814883529
940 0.12100597814883529
950 0.12100597814883529
960 0.12100597814883529
970 0.12100597814883529
980 0.12100597814883529
990 0.12100597814883529
1000 0.12193362193362194
