# Data for router 5
0 0.0
10 0.0
20 0.0
30 0.1251288394145537
40 0.1251288394145537
50 0.1251288394145537
60 0.1251288394145537
70 0.40476190476190477
80 0.40476190476190477
90 0.40476190476190477
100 0.40476190476190477
110 0.40476190476190477
120 0.40476190476190477
130 0.40476190476190477
140 0.46691403834260975
150 0.46691403834260975
160 0.46691403834260975
170 0.46691403834260975
180 0.46691403834260975
190 0.46691403834260975
200 0.46691403834260975
210 0.46691403834260975
220 0.48484848484848486
230 0.48484848484848486
240 0.48484848484848486
250 0.48484848484848486
260 0.48484848484848486
270 0.48484848484848486
280 0.48484848484848486
290 0.48484848484848486
300 0.48484848484848486
310 0.48484848484848486
320 0.48484848484848486
330 0.4938157081014224
340 0.4938157081014224
350 0.4938157081014224
360 0.4938157081014224
370 0.4938157081014224
380 0.4938157081014224
390 0.4938157081014224
400 0.4938157081014224
410 0.4938157081014224
420 0.4938157081014224
430 0.4938157081014224
440 0.4938157081014224
450 0.4938157081014224
460 0.4938157081014224
470 0.49505256648113793
480 0.49505256648113793
490 0.49505256648113793
500 0.49505256648113793
510 0.49505256648113793
520 0.49505256648113793
530 0.49505256648113793
540 0.49505256648113793
550 0.49505256648113793
560 0.49505256648113793
570 0.49505256648113793
580 0.49505256648113793
590 0.49505256648113793
600 0.49505256648113793
610 0.49505256648113793
620 0.4951556380127809
630 0.4951556380127809
640 0.4951556380127809
650 0.4951556380127809
660 0.4951556380127809
670 0.4951556380127809
680 0.4951556380127809
690 0.4951556380127809
700 0.4951556380127809
710 0.4951556380127809
720 0.4951556380127809
730 0.4951556380127809
740 0.4951556380127809
750 0.4951556380127809
760 0.4951556380127809
770 0.4951556380127809
780 0.4951556380127809
790 0.4951556380127809
800 0.4951556380127809
810 0.4951556380127809
820 0.4951556380127809
830 0.4951556380127809
840 0.4951556380127809
850 0.4951556380127809
860 0.4951556380127809
870 0.4951556380127809
880 0.4951556380127809
890 0.4951556380127809
900 0.4951556380127809
910 0.4951556380127809
920 0.4951556380127809
930 0.4951556380127809
940 0.4951556380127809
950 0.4951556380127809
960 0.4951556380127809
970 0.4951556380127809
980 0.4951556380127809
990 0.4951556380127809
1000 0.4909297052154195
