# Data for router 4
0 0.0
10 0.0
20 0.0
30 0.4787672644815502
40 0.4787672644815502
50 0.4787672644815502
60 0.4787672644815502
70 0.8501339929911359
80 0.8501339929911359
90 0.8501339929911359
100 0.8501339929911359
110 0.8501339929911359
120 0.8501339929911359
130 0.8501339929911359
140 0.9392908678622964
150 0.9392908678622964
160 0.9392908678622964
170 0.9392908678622964
180 0.9392908678622964
190 0.9392908678622964
200 0.9392908678622964
210 0.9392908678622964
220 0.9520717377860235
230 0.9520717377860235
240 0.9520717377860235
250 0.9520717377860235
260 0.9520717377860235
270 0.9520717377860235
280 0.9520717377860235
290 0.9520717377860235
300 0.9520717377860235
310 0.9520717377860235
320 0.9520717377860235
330 0.9526901669758813
340 0.9526901669758813
350 0.9526901669758813
360 0.9526901669758813
370 0.9526901669758813
380 0.9526901669758813
390 0.9526901669758813
400 0.9526901669758813
410 0.9526901669758813
420 0.9526901669758813
430 0.9526901669758813
440 0.9526901669758813
450 0.9526901669758813
460 0.9526901669758813
470 0.9526901669758813
480 0.9526901669758813
490 0.9526901669758813
500 0.9526901669758813
510 0.9526901669758813
520 0.9526901669758813
530 0.9526901669758813
540 0.9526901669758813
550 0.9526901669758813
560 0.9526901669758813
570 0.9526901669758813
580 0.9526901669758813
590 0.9526901669758813
600 0.9526901669758813
610 0.9526901669758813
620 0.9526901669758813
630 0.9526901669758813
640 0.9526901669758813
650 0.9526901669758813
660 0.9526901669758813
670 0.9526901669758813
680 0.9526901669758813
690 0.9526901669758813
700 0.9526901669758813
710 0.9526901669758813
720 0.9526901669758813
730 0.9526901669758813
740 0.9526901669758813
750 0.9526901669758813
760 0.9526901669758813
770 0.9526901669758813
780 0.9526901669758813
790 0.9526901669758813
800 0.9526901669758813
810 0.9526901669758813
820 0.9526901669758813
830 0.9526901669758813
840 0.9526901669758813
850 0.9526901669758813
860 0.9526901669758813
870 0.9526901669758813
880 0.9526901669758813
890 0.9526901669758813
900 0.9526901669758813
910 0.9526901669758813
920 0.9526901669758813
930 0.9526901669758813
940 0.9526901669758813
950 0.9526901669758813
960 0.9526901669758813
970 0.9526901669758813
980 0.9526901669758813
990 0.9526901669758813
1000 0.9549577406720264
