# Data for router 7
0 0.0
10 0.0
20 0.0
30 0.2844774273345702
40 0.2844774273345702
50 0.2844774273345702
60 0.2844774273345702
70 0.5787466501752216
80 0.5787466501752216
90 0.5787466501752216
100 0.5787466501752216
110 0.5787466501752216
120 0.5787466501752216
130 0.5787466501752216
140 0.730364873222016
150 0.730364873222016
160 0.730364873222016
170 0.730364873222016
180 0.730364873222016
190 0.730364873222016
200 0.730364873222016
210 0.730364873222016
220 0.7530406101834674
230 0.7530406101834674
240 0.7530406101834674
250 0.7530406101834674
260 0.7530406101834674
270 0.7530406101834674
280 0.7530406101834674
290 0.7530406101834674
300 0.7530406101834674
310 0.7530406101834674
320 0.7530406101834674
330 0.7534528963100392
340 0.7534528963100392
350 0.7534528963100392
360 0.7534528963100392
370 0.7534528963100392
380 0.7534528963100392
390 0.7534528963100392
400 0.7534528963100392
410 0.7534528963100392
420 0.7534528963100392
430 0.7534528963100392
440 0.7534528963100392
450 0.7534528963100392
460 0.7534528963100392
470 0.7535559678416821
480 0.7535559678416821
490 0.7535559678416821
500 0.7535559678416821
510 0.7535559678416821
520 0.7535559678416821
530 0.7535559678416821
540 0.7535559678416821
550 0.7535559678416821
560 0.7535559678416821
570 0.7535559678416821
580 0.7535559678416821
590 0.7535559678416821
600 0.7535559678416821
610 0.7535559678416821
620 0.7535559678416821
630 0.7535559678416821
640 0.7535559678416821
650 0.7535559678416821
660 0.7535559678416821
670 0.7535559678416821
680 0.7535559678416821
690 0.7535559678416821
700 0.7535559678416821
710 0.7535559678416821
720 0.7535559678416821
730 0.7535559678416821
740 0.7535559678416821
750 0.7535559678416821
760 0.7535559678416821
770 0.7535559678416821
780 0.7535559678416821
790 0.7535559678416821
800 0.7535559678416821
810 0.7535559678416821
820 0.7535559678416821
830 0.7535559678416821
840 0.7535559678416821
850 0.7535559678416821
860 0.7535559678416821
870 0.7535559678416821
880 0.7535559678416821
890 0.7535559678416821
900 0.7535559678416821
910 0.7535559678416821
920 0.7535559678416821
930 0.7535559678416821
940 0.7535559678416821
950 0.7535559678416821
960 0.7535559678416821
970 0.7535559678416821
980 0.7535559678416821
990 0.7535559678416821
1000 0.7503607503607503
