# Data for router 8
0 0.0
10 0.0
20 0.0
30 0.024943310657596373
40 0.024943310657596373
50 0.024943310657596373
60 0.024943310657596373
70 0.11286332714904143
80 0.11286332714904143
90 0.11286332714904143
100 0.11286332714904143
110 0.11286332714904143
120 0.11286332714904143
130 0.11286332714904143
140 0.12595341166769738
150 0.12595341166769738
160 0.12595341166769738
170 0.12595341166769738
180 0.12595341166769738
190 0.12595341166769738
200 0.12595341166769738
210 0.12595341166769738
220 0.12595341166769738
230 0.12595341166769738
240 0.12595341166769738
250 0.12595341166769738
260 0.12595341166769738
270 0.12595341166769738
280 0.12595341166769738
290 0.12595341166769738
300 0.12595341166769738
310 0.12595341166769738
320 0.12595341166769738
330 0.12595341166769738
340 0.12595341166769738
350 0.12595341166769738
360 0.12595341166769738
370 0.12595341166769738
380 0.12595341166769738
390 0.12595341166769738
400 0.12595341166769738
410 0.12595341166769738
420 0.12595341166769738
430 0.12595341166769738
440 0.12595341166769738
450 0.12595341166769738
460 0.12595341166769738
470 0.12595341166769738
480 0.12595341166769738
490 0.12595341166769738
500 0.12595341166769738
510 0.12595341166769738
520 0.12595341166769738
530 0.12595341166769738
540 0.12595341166769738
550 0.12595341166769738
560 0.12595341166769738
570 0.12595341166769738
580 0.12595341166769738
590 0.12595341166769738
600 0.12595341166769738
610 0.12595341166769738
620 0.12595341166769738
630 0.12595341166769738
640 0.12595341166769738
650 0.12595341166769738
660 0.12595341166769738
670 0.12595341166769738
680 0.12595341166769738
690 0.12595341166769738
700 0.12595341166769738
710 0.12595341166769738
720 0.12595341166769738
730 0.12595341166769738
740 0.12595341166769738
750 0.12595341166769738
760 0.12595341166769738
770 0.12595341166769738
780 0.12595341166769738
790 0.12595341166769738
800 0.12595341166769738
810 0.12595341166769738
820 0.12595341166769738
830 0.12595341166769738
840 0.12595341166769738
850 0.12595341166769738
860 0.12595341166769738
870 0.12595341166769738
880 0.12595341166769738
890 0.12595341166769738
900 0.12595341166769738
910 0.12595341166769738
920 0.12595341166769738
930 0.12595341166769738
940 0.12595341166769738
950 0.12595341166769738
960 0.12595341166769738
970 0.12595341166769738
980 0.12595341166769738
990 0.12595341166769738
1000 0.12368583797155226
