# Data for router 1
0 0.0
10 0.0
20 0.0
30 0.0
40 0.0
50 0.0
60 0.0
70 0.0
80 0.0
90 0.0
100 0.0
110 0.0
120 0.0
130 0.0
140 0.0
150 0.0
160 0.00030921459492888067
170 0.00041228612657184083
180 0.00041228612657184083
190 0.00041228612657184083
200 0.00041228612657184083
210 0.00041228612657184083
220 0.00041228612657184083
230 0.00041228612657184083
240 0.00041228612657184083
250 0.00041228612657184083
260 0.0015460729746444033
270 0.005050505050505051
280 0.006699649556792414
290 0.011131725417439703
300 0.011131725417439703
310 0.011131725417439703
320 0.011131725417439703
330 0.011131725417439703
340 0.011131725417439703
350 0.011131725417439703
360 0.011131725417439703
370 0.011131725417439703
380 0.011131725417439703
390 0.011131725417439703
400 0.011234796949082663
410 0.011234796949082663
420 0.011337868480725623
430 0.011337868480725623
440 0.011440940012368584
450 0.011440940012368584
460 0.011440940012368584
470 0.011440940012368584
480 0.011440940012368584
490 0.011440940012368584
500 0.011440940012368584
510 0.011440940012368584
520 0.011440940012368584
530 0.011440940012368584
540 0.011440940012368584
550 0.011440940012368584
560 0.011440940012368584
570 0.011440940012368584
580 0.011440940012368584
590 0.011440940012368584
600 0.011440940012368584
610 0.011440940012368584
620 0.011440940012368584
630 0.011440940012368584
640 0.011440940012368584
650 0.011440940012368584
660 0.011440940012368584
670 0.011440940012368584
680 0.011440940012368584
690 0.011440940012368584
700 0.011440940012368584
710 0.011440940012368584
720 0.011440940012368584
730 0.011440940012368584
740 0.011440940012368584
750 0.011440940012368584
760 0.011440940012368584
770 0.011440940012368584
780 0.011440940012368584
790 0.011440940012368584
800 0.011440940012368584
810 0.011440940012368584
820 0.011440940012368584
830 0.011440940012368584
840 0.011440940012368584
850 0.011440940012368584
860 0.011440940012368584
870 0.011440940012368584
880 0.011440940012368584
890 0.011440940012368584
900 0.011440940012368584
910 0.011440940012368584
920 0.011440940012368584
930 0.011440940012368584
940 0.011440940012368584
950 0.011440940012368584
960 0.011440940012368584
970 0.011440940012368584
980 0.011440940012368584
990 0.011440940012368584
1000 0.00917336631622346
