# Data for router 7
0 0.0
10 0.0
20 0.0
30 0.0
40 0.0
50 0.0
60 0.0
70 0.0
80 0.0
90 0.0
100 0.0
110 0.0
120 0.0
130 0.0
140 0.0
150 0.00010307153164296021
160 0.00030921459492888067
170 0.00041228612657184083
180 0.00041228612657184083
190 0.00041228612657184083
200 0.00041228612657184083
210 0.00041228612657184083
220 0.00041228612657184083
230 0.00041228612657184083
240 0.00041228612657184083
250 0.00041228612657184083
260 0.0012368583797155227
270 0.004019789734075448
280 0.005772005772005772
290 0.0095856524427953
300 0.0095856524427953
310 0.0095856524427953
320 0.0095856524427953
330 0.0095856524427953
340 0.0095856524427953
350 0.0095856524427953
360 0.0095856524427953
370 0.0095856524427953
380 0.0095856524427953
390 0.0095856524427953
400 0.0095856524427953
410 0.00968872397443826
420 0.00968872397443826
430 0.009894867037724181
440 0.009894867037724181
450 0.009894867037724181
460 0.009894867037724181
470 0.009894867037724181
480 0.009894867037724181
490 0.009894867037724181
500 0.009894867037724181
510 0.009894867037724181
520 0.009894867037724181
530 0.009894867037724181
540 0.009894867037724181
550 0.009894867037724181
560 0.009894867037724181
570 0.009894867037724181
580 0.009894867037724181
590 0.009894867037724181
600 0.009894867037724181
610 0.009894867037724181
620 0.009894867037724181
630 0.009894867037724181
640 0.009894867037724181
650 0.009894867037724181
660 0.009894867037724181
670 0.009894867037724181
680 0.009894867037724181
690 0.009894867037724181
700 0.009894867037724181
710 0.009894867037724181
720 0.009894867037724181
730 0.009894867037724181
740 0.009894867037724181
750 0.009894867037724181
760 0.009894867037724181
770 0.009894867037724181
780 0.009894867037724181
790 0.009894867037724181
800 0.009894867037724181
810 0.009894867037724181
820 0.009894867037724181
830 0.009894867037724181
840 0.009894867037724181
850 0.009894867037724181
860 0.009894867037724181
870 0.009894867037724181
880 0.009894867037724181
890 0.009894867037724181
900 0.009894867037724181
910 0.009894867037724181
920 0.009894867037724181
930 0.009894867037724181
940 0.009894867037724181
950 0.009894867037724181
960 0.009894867037724181
970 0.009894867037724181
980 0.009894867037724181
990 0.009894867037724181
1000 0.00917336631622346
