# Data for router 4
0 0.0
10 0.0
20 0.0
30 0.0035044320758606472
40 0.0035044320758606472
50 0.0035044320758606472
60 0.0035044320758606472
70 0.0035044320758606472
80 0.003813646670789528
90 0.004225932797361369
100 0.004225932797361369
110 0.004225932797361369
120 0.004225932797361369
130 0.004225932797361369
140 0.004225932797361369
150 0.004329004329004329
160 0.00484436198721913
170 0.005256648113790971
180 0.0055658627087198514
190 0.0055658627087198514
200 0.0055658627087198514
210 0.0055658627087198514
220 0.0055658627087198514
230 0.0055658627087198514
240 0.0055658627087198514
250 0.0055658627087198514
260 0.0070088641517212944
270 0.010719439290867862
280 0.013605442176870748
290 0.01855287569573284
300 0.01855287569573284
310 0.01855287569573284
320 0.01855287569573284
330 0.01855287569573284
340 0.01855287569573284
350 0.01855287569573284
360 0.01855287569573284
370 0.01855287569573284
380 0.01855287569573284
390 0.01855287569573284
400 0.01927437641723356
410 0.019789734075448363
420 0.020305091733663162
430 0.021541950113378686
440 0.021954236239950527
450 0.021954236239950527
460 0.021954236239950527
470 0.021954236239950527
480 0.021954236239950527
490 0.021954236239950527
500 0.021954236239950527
510 0.021954236239950527
520 0.021954236239950527
530 0.021954236239950527
540 0.021954236239950527
550 0.021954236239950527
560 0.021954236239950527
570 0.021954236239950527
580 0.021954236239950527
590 0.021954236239950527
600 0.021954236239950527
610 0.021954236239950527
620 0.021954236239950527
630 0.021954236239950527
640 0.021954236239950527
650 0.021954236239950527
660 0.021954236239950527
670 0.021954236239950527
680 0.021954236239950527
690 0.021954236239950527
700 0.021954236239950527
710 0.021954236239950527
720 0.021954236239950527
730 0.021954236239950527
740 0.021954236239950527
750 0.021954236239950527
760 0.021954236239950527
770 0.021954236239950527
780 0.021954236239950527
790 0.021954236239950527
800 0.021954236239950527
810 0.021954236239950527
820 0.021954236239950527
830 0.021954236239950527
840 0.021954236239950527
850 0.021954236239950527
860 0.021954236239950527
870 0.021954236239950527
880 0.021954236239950527
890 0.021954236239950527
900 0.021954236239950527
910 0.021954236239950527
920 0.021954236239950527
930 0.021954236239950527
940 0.021954236239950527
950 0.021954236239950527
960 0.021954236239950527
970 0.021954236239950527
980 0.021954236239950527
990 0.021954236239950527
1000 0.021748093176664606
