# Data for router 6
0 0.0
10 0.0
20 0.0
30 0.4020820449391878
40 0.4020820449391878
50 0.4020820449391878
60 0.4020820449391878
70 0.4020820449391878
80 0.6207998350855494
90 0.7938569367140795
100 0.7938569367140795
110 0.7938569367140795
120 0.7938569367140795
130 0.7938569367140795
140 0.7938569367140795
150 0.8016903731189445
160 0.8217893217893217
170 0.8438466295609153
180 0.8586889301175016
190 0.8586889301175016
200 0.8586889301175016
210 0.8586889301175016
220 0.8586889301175016
230 0.8586889301175016
240 0.8586889301175016
250 0.8586889301175016
260 0.8603380746237889
270 0.8668315811172954
280 0.8708513708513709
290 0.8771387342815914
300 0.8771387342815914
310 0.8771387342815914
320 0.8771387342815914
330 0.8771387342815914
340 0.8771387342815914
350 0.8771387342815914
360 0.8771387342815914
370 0.8771387342815914
380 0.8771387342815914
390 0.8771387342815914
400 0.8794063079777366
410 0.8811585240156669
420 0.8830138115852402
430 0.8853844568130282
440 0.8855905998763142
450 0.8855905998763142
460 0.8855905998763142
470 0.8855905998763142
480 0.8855905998763142
490 0.8855905998763142
500 0.8855905998763142
510 0.8855905998763142
520 0.8855905998763142
530 0.8855905998763142
540 0.8855905998763142
550 0.8855905998763142
560 0.8855905998763142
570 0.886002886002886
580 0.886002886002886
590 0.8862090290661719
600 0.8862090290661719
610 0.8864151721294579
620 0.8864151721294579
630 0.8864151721294579
640 0.8864151721294579
650 0.8864151721294579
660 0.8864151721294579
670 0.8864151721294579
680 0.8864151721294579
690 0.8864151721294579
700 0.8864151721294579
710 0.8864151721294579
720 0.8864151721294579
730 0.8864151721294579
740 0.8864151721294579
750 0.8864151721294579
760 0.8864151721294579
770 0.8864151721294579
780 0.8864151721294579
790 0.8864151721294579
800 0.8864151721294579
810 0.8864151721294579
820 0.8864151721294579
830 0.8864151721294579
840 0.8864151721294579
850 0.8864151721294579
860 0.8864151721294579
870 0.8864151721294579
880 0.8864151721294579
890 0.8864151721294579
900 0.8864151721294579
910 0.8864151721294579
920 0.8864151721294579
930 0.8864151721294579
940 0.8864151721294579
950 0.8864151721294579
960 0.8864151721294579
970 0.8864151721294579
980 0.8864151721294579
990 0.8864151721294579
1000 0.8882704596990312
