# Data for router 2
0 0.0
10 0.0
20 0.0
30 0.39981447124304265
40 0.39981447124304265
50 0.39981447124304265
60 0.39981447124304265
70 0.39981447124304265
80 0.6182230467944754
90 0.7858173572459287
100 0.7858173572459287
110 0.7858173572459287
120 0.7858173572459287
130 0.7858173572459287
140 0.7858173572459287
150 0.7929292929292929
160 0.8145743145743146
170 0.839414553700268
180 0.8542568542568543
190 0.8542568542568543
200 0.8542568542568543
210 0.8542568542568543
220 0.8542568542568543
230 0.8542568542568543
240 0.8542568542568543
250 0.8542568542568543
260 0.8561121418264276
270 0.8635332921047206
280 0.8683776540919398
290 0.8753865182436611
300 0.8753865182436611
310 0.8753865182436611
320 0.8753865182436611
330 0.8753865182436611
340 0.8753865182436611
350 0.8753865182436611
360 0.8753865182436611
370 0.8753865182436611
380 0.8753865182436611
390 0.8753865182436611
400 0.8770356627499485
410 0.8783755926613069
420 0.8790970933828076
430 0.8805400948258091
440 0.8812615955473099
450 0.8812615955473099
460 0.8812615955473099
470 0.8812615955473099
480 0.8812615955473099
490 0.8812615955473099
500 0.8812615955473099
510 0.8812615955473099
520 0.8812615955473099
530 0.8812615955473099
540 0.8812615955473099
550 0.8812615955473099
560 0.8812615955473099
570 0.8815708101422387
580 0.8818800247371676
590 0.8821892393320965
600 0.8822923108637394
610 0.8828076685219542
620 0.8828076685219542
630 0.8828076685219542
640 0.8828076685219542
650 0.8828076685219542
660 0.8828076685219542
670 0.8828076685219542
680 0.8828076685219542
690 0.8828076685219542
700 0.8828076685219542
710 0.8828076685219542
720 0.8828076685219542
730 0.8828076685219542
740 0.8828076685219542
750 0.8828076685219542
760 0.8828076685219542
770 0.8828076685219542
780 0.8828076685219542
790 0.8828076685219542
800 0.8828076685219542
810 0.8828076685219542
820 0.8828076685219542
830 0.8828076685219542
840 0.8828076685219542
850 0.8828076685219542
860 0.8828076685219542
870 0.8828076685219542
880 0.8828076685219542
890 0.8828076685219542
900 0.8828076685219542
910 0.8828076685219542
920 0.8828076685219542
930 0.8828076685219542
940 0.8828076685219542
950 0.8828076685219542
960 0.8828076685219542
970 0.8828076685219542
980 0.8828076685219542
990 0.8828076685219542
1000 0.8760049474335189
