# Data for router 1
0 0.0
10 0.0
20 0.0
30 0.8427128427128427
40 0.8427128427128427
50 0.8427128427128427
60 0.8427128427128427
70 0.8427128427128427
80 0.9170274170274171
90 0.979282622139765
100 0.979282622139765
110 0.979282622139765
120 0.979282622139765
130 0.979282622139765
140 0.979282622139765
150 0.9812409812409812
160 0.9869099154813441
170 0.9926819212533499
180 0.9958771387342816
190 0.9958771387342816
200 0.9958771387342816
210 0.9958771387342816
220 0.9958771387342816
230 0.9958771387342816
240 0.9958771387342816
250 0.9958771387342816
260 0.9959802102659245
270 0.9971139971139971
280 0.997423211708926
290 0.9981447124304267
300 0.9981447124304267
310 0.9981447124304267
320 0.9981447124304267
330 0.9981447124304267
340 0.9981447124304267
350 0.9981447124304267
360 0.9981447124304267
370 0.9981447124304267
380 0.9981447124304267
390 0.9981447124304267
400 0.9981447124304267
410 0.9981447124304267
420 0.9981447124304267
430 0.9981447124304267
440 0.9981447124304267
450 0.9981447124304267
460 0.9981447124304267
470 0.9981447124304267
480 0.9981447124304267
490 0.9981447124304267
500 0.9981447124304267
510 0.9981447124304267
520 0.9981447124304267
530 0.9981447124304267
540 0.9981447124304267
550 0.9981447124304267
560 0.9981447124304267
570 0.9981447124304267
580 0.9981447124304267
590 0.9981447124304267
600 0.9981447124304267
610 0.9981447124304267
620 0.9981447124304267
630 0.9981447124304267
640 0.9981447124304267
650 0.9981447124304267
660 0.9981447124304267
670 0.9981447124304267
680 0.9981447124304267
690 0.9981447124304267
700 0.9981447124304267
710 0.9981447124304267
720 0.9981447124304267
730 0.9981447124304267
740 0.9981447124304267
750 0.9981447124304267
760 0.9981447124304267
770 0.9981447124304267
780 0.9981447124304267
790 0.9981447124304267
800 0.9981447124304267
810 0.9981447124304267
820 0.9981447124304267
830 0.9981447124304267
840 0.9981447124304267
850 0.9981447124304267
860 0.9981447124304267
870 0.9981447124304267
880 0.9981447124304267
890 0.9981447124304267
900 0.9981447124304267
910 0.9981447124304267
920 0.9981447124304267
930 0.9981447124304267
940 0.9981447124304267
950 0.9981447124304267
960 0.9981447124304267
970 0.9981447124304267
980 0.9981447124304267
990 0.9981447124304267
1000 0.9983508554937126
