# Data for router 8
0 0.0
10 0.0
20 0.0
30 0.4004329004329004
40 0.4004329004329004
50 0.4004329004329004
60 0.4004329004329004
70 0.4004329004329004
80 0.6167800453514739
90 0.7851989280560709
100 0.7851989280560709
110 0.7851989280560709
120 0.7851989280560709
130 0.7851989280560709
140 0.7851989280560709
150 0.7929292929292929
160 0.8133374561945991
170 0.8361162646876933
180 0.8519892805607091
190 0.8519892805607091
200 0.8519892805607091
210 0.8519892805607091
220 0.8519892805607091
230 0.8519892805607091
240 0.8519892805607091
250 0.8519892805607091
260 0.8543599257884972
270 0.8631210059781488
280 0.8674500103071532
290 0.8741496598639455
300 0.8741496598639455
310 0.8741496598639455
320 0.8741496598639455
330 0.8741496598639455
340 0.8741496598639455
350 0.8741496598639455
360 0.8741496598639455
370 0.8741496598639455
380 0.8741496598639455
390 0.8741496598639455
400 0.8764172335600907
410 0.878272521129664
420 0.8800247371675943
430 0.8818800247371676
440 0.8824984539270253
450 0.8824984539270253
460 0.8824984539270253
470 0.8824984539270253
480 0.8824984539270253
490 0.8824984539270253
500 0.8824984539270253
510 0.8824984539270253
520 0.8824984539270253
530 0.8824984539270253
540 0.8824984539270253
550 0.8824984539270253
560 0.8824984539270253
570 0.8826015254586683
580 0.8828076685219542
590 0.8829107400535972
600 0.8832199546485261
610 0.8836322407750979
620 0.8836322407750979
630 0.8836322407750979
640 0.8836322407750979
650 0.8836322407750979
660 0.8836322407750979
670 0.8836322407750979
680 0.8836322407750979
690 0.8836322407750979
700 0.8836322407750979
710 0.8836322407750979
720 0.8836322407750979
730 0.8836322407750979
740 0.8836322407750979
750 0.8836322407750979
760 0.8836322407750979
770 0.8837353123067409
780 0.8837353123067409
790 0.8837353123067409
800 0.8837353123067409
810 0.8837353123067409
820 0.8838383838383839
830 0.8838383838383839
840 0.8838383838383839
850 0.8838383838383839
860 0.8838383838383839
870 0.8838383838383839
880 0.8838383838383839
890 0.8838383838383839
900 0.8838383838383839
910 0.8838383838383839
920 0.8838383838383839
930 0.8838383838383839
940 0.8838383838383839
950 0.8838383838383839
960 0.8838383838383839
970 0.8838383838383839
980 0.8838383838383839
990 0.8838383838383839
1000 0.8846629560915276
