# Data for router 5
0 0.0
10 0.0
20 0.0
30 0.6184291898577613
40 0.6184291898577613
50 0.6184291898577613
60 0.6184291898577613
70 0.6184291898577613
80 0.7933415790558648
90 0.937847866419295
100 0.937847866419295
110 0.937847866419295
120 0.937847866419295
130 0.937847866419295
140 0.937847866419295
150 0.9408369408369408
160 0.953514739229025
170 0.9643372500515358
180 0.9720676149247578
190 0.9720676149247578
200 0.9720676149247578
210 0.9720676149247578
220 0.9720676149247578
230 0.9720676149247578
240 0.9720676149247578
250 0.9720676149247578
260 0.9727891156462585
270 0.9757781900639043
280 0.9772211915069058
290 0.9797979797979798
300 0.9797979797979798
310 0.9797979797979798
320 0.9797979797979798
330 0.9797979797979798
340 0.9797979797979798
350 0.9797979797979798
360 0.9797979797979798
370 0.9797979797979798
380 0.9797979797979798
390 0.9797979797979798
400 0.9807256235827665
410 0.9820655534941249
420 0.9830962688105546
430 0.9839208410636983
440 0.9848484848484849
450 0.9848484848484849
460 0.9848484848484849
470 0.9848484848484849
480 0.9848484848484849
490 0.9848484848484849
500 0.9848484848484849
510 0.9848484848484849
520 0.9848484848484849
530 0.9848484848484849
540 0.9848484848484849
550 0.9848484848484849
560 0.9848484848484849
570 0.9849515563801278
580 0.9849515563801278
590 0.9850546279117708
600 0.9850546279117708
610 0.9851576994434137
620 0.9851576994434137
630 0.9851576994434137
640 0.9851576994434137
650 0.9851576994434137
660 0.9851576994434137
670 0.9851576994434137
680 0.9851576994434137
690 0.9851576994434137
700 0.9851576994434137
710 0.9851576994434137
720 0.9851576994434137
730 0.9851576994434137
740 0.9851576994434137
750 0.9851576994434137
760 0.9851576994434137
770 0.9851576994434137
780 0.9851576994434137
790 0.9851576994434137
800 0.9851576994434137
810 0.9851576994434137
820 0.9851576994434137
830 0.9851576994434137
840 0.9851576994434137
850 0.9851576994434137
860 0.9851576994434137
870 0.9851576994434137
880 0.9851576994434137
890 0.9851576994434137
900 0.9851576994434137
910 0.9851576994434137
920 0.9851576994434137
930 0.9851576994434137
940 0.9851576994434137
950 0.9851576994434137
960 0.9851576994434137
970 0.9851576994434137
980 0.9851576994434137
990 0.9851576994434137
1000 0.98433312719027
