# Data for router 0
0 0.0
10 0.0
20 0.0
30 0.3899196042053185
40 0.3899196042053185
50 0.3899196042053185
60 0.3899196042053185
70 0.3899196042053185
80 0.6103896103896104
90 0.7836528550814265
100 0.7836528550814265
110 0.7836528550814265
120 0.7836528550814265
130 0.7836528550814265
140 0.7836528550814265
150 0.7909709338280767
160 0.8139558853844568
170 0.8358070500927643
180 0.8511647083075654
190 0.8511647083075654
200 0.8511647083075654
210 0.8511647083075654
220 0.8511647083075654
230 0.8511647083075654
240 0.8511647083075654
250 0.8511647083075654
260 0.8535353535353535
270 0.8616780045351474
280 0.8673469387755102
290 0.8752834467120182
300 0.8752834467120182
310 0.8752834467120182
320 0.8752834467120182
330 0.8752834467120182
340 0.8752834467120182
350 0.8752834467120182
360 0.8752834467120182
370 0.8752834467120182
380 0.8752834467120182
390 0.8752834467120182
400 0.8766233766233766
410 0.8783755926613069
420 0.8798185941043084
430 0.8814677386105958
440 0.8818800247371676
450 0.8818800247371676
460 0.8818800247371676
470 0.8818800247371676
480 0.8818800247371676
490 0.8818800247371676
500 0.8818800247371676
510 0.8818800247371676
520 0.8818800247371676
530 0.8818800247371676
540 0.8818800247371676
550 0.8818800247371676
560 0.8818800247371676
570 0.8819830962688106
580 0.8820861678004536
590 0.8821892393320965
600 0.8822923108637394
610 0.8822923108637394
620 0.8822923108637394
630 0.8822923108637394
640 0.8822923108637394
650 0.8822923108637394
660 0.8822923108637394
670 0.8822923108637394
680 0.8822923108637394
690 0.8822923108637394
700 0.8822923108637394
710 0.8822923108637394
720 0.8822923108637394
730 0.8822923108637394
740 0.8822923108637394
750 0.8822923108637394
760 0.8822923108637394
770 0.8822923108637394
780 0.8822923108637394
790 0.8822923108637394
800 0.8822923108637394
810 0.8822923108637394
820 0.8822923108637394
830 0.8822923108637394
840 0.8822923108637394
850 0.8822923108637394
860 0.8822923108637394
870 0.8822923108637394
880 0.8822923108637394
890 0.8822923108637394
900 0.8822923108637394
910 0.8822923108637394
920 0.8822923108637394
930 0.8822923108637394
940 0.8822923108637394
950 0.8822923108637394
960 0.8822923108637394
970 0.8822923108637394
980 0.8822923108637394
990 0.8822923108637394
1000 0.891465677179963
