# Data for router 4
0 0.0
10 0.0
20 0.0
30 0.9117707689136261
40 0.9117707689136261
50 0.9117707689136261
60 0.9117707689136261
70 0.9117707689136261
80 0.9596990311276026
90 0.9970109255823542
100 0.9970109255823542
110 0.9970109255823542
120 0.9970109255823542
130 0.9970109255823542
140 0.9970109255823542
150 0.9972170686456401
160 0.9981447124304267
170 0.9988662131519275
180 0.9996907854050712
190 0.9996907854050712
200 0.9996907854050712
210 0.9996907854050712
220 0.9996907854050712
230 0.9996907854050712
240 0.9996907854050712
250 0.9996907854050712
260 0.9996907854050712
270 0.9996907854050712
280 0.9996907854050712
290 0.9998969284683571
300 0.9998969284683571
310 0.9998969284683571
320 0.9998969284683571
330 0.9998969284683571
340 0.9998969284683571
350 0.9998969284683571
360 0.9998969284683571
370 0.9998969284683571
380 0.9998969284683571
390 0.9998969284683571
400 0.9998969284683571
410 0.9998969284683571
420 0.9998969284683571
430 0.9998969284683571
440 0.9998969284683571
450 0.9998969284683571
460 0.9998969284683571
470 0.9998969284683571
480 0.9998969284683571
490 0.9998969284683571
500 0.9998969284683571
510 0.9998969284683571
520 0.9998969284683571
530 0.9998969284683571
540 0.9998969284683571
550 0.9998969284683571
560 0.9998969284683571
570 0.9998969284683571
580 0.9998969284683571
590 0.9998969284683571
600 0.9998969284683571
610 0.9998969284683571
620 0.9998969284683571
630 0.9998969284683571
640 0.9998969284683571
650 0.9998969284683571
660 0.9998969284683571
670 0.9998969284683571
680 0.9998969284683571
690 0.9998969284683571
700 0.9998969284683571
710 0.9998969284683571
720 0.9998969284683571
730 0.9998969284683571
740 0.9998969284683571
750 0.9998969284683571
760 0.9998969284683571
770 0.9998969284683571
780 0.9998969284683571
790 0.9998969284683571
800 0.9998969284683571
810 0.9998969284683571
820 0.9998969284683571
830 0.9998969284683571
840 0.9998969284683571
850 0.9998969284683571
860 0.9998969284683571
870 0.9998969284683571
880 0.9998969284683571
890 0.9998969284683571
900 0.9998969284683571
910 0.9998969284683571
920 0.9998969284683571
930 0.9998969284683571
940 0.9998969284683571
950 0.9998969284683571
960 0.9998969284683571
970 0.9998969284683571
980 0.9998969284683571
990 0.9998969284683571
1000 0.9995877138734282
