# Data for router 3
0 0.0
10 0.0
20 0.0
30 0.6109049680478252
40 0.6109049680478252
50 0.6109049680478252
60 0.6109049680478252
70 0.6109049680478252
80 0.7860235003092146
90 0.9369202226345084
100 0.9369202226345084
110 0.9369202226345084
120 0.9369202226345084
130 0.9369202226345084
140 0.9369202226345084
150 0.940321583178726
160 0.9513502370645228
170 0.9629973201401772
180 0.9709338280766853
190 0.9709338280766853
200 0.9709338280766853
210 0.9709338280766853
220 0.9709338280766853
230 0.9709338280766853
240 0.9709338280766853
250 0.9709338280766853
260 0.9725829725829725
270 0.9758812615955473
280 0.9780457637600495
290 0.9810348381776953
300 0.9810348381776953
310 0.9810348381776953
320 0.9810348381776953
330 0.9810348381776953
340 0.9810348381776953
350 0.9810348381776953
360 0.9810348381776953
370 0.9810348381776953
380 0.9810348381776953
390 0.9810348381776953
400 0.9819624819624819
410 0.9830962688105546
420 0.9842300556586271
430 0.9850546279117708
440 0.9853638425066996
450 0.9853638425066996
460 0.9853638425066996
470 0.9853638425066996
480 0.9853638425066996
490 0.9853638425066996
500 0.9853638425066996
510 0.9853638425066996
520 0.9853638425066996
530 0.9853638425066996
540 0.9853638425066996
550 0.9853638425066996
560 0.9853638425066996
570 0.9855699855699855
580 0.9857761286332715
590 0.9857761286332715
600 0.9858792001649145
610 0.9858792001649145
620 0.9858792001649145
630 0.9858792001649145
640 0.9858792001649145
650 0.9858792001649145
660 0.9858792001649145
670 0.9858792001649145
680 0.9858792001649145
690 0.9858792001649145
700 0.9858792001649145
710 0.9858792001649145
720 0.9858792001649145
730 0.9858792001649145
740 0.9858792001649145
750 0.9858792001649145
760 0.9858792001649145
770 0.9858792001649145
780 0.9858792001649145
790 0.9858792001649145
800 0.9858792001649145
810 0.9858792001649145
820 0.9858792001649145
830 0.9858792001649145
840 0.9858792001649145
850 0.9858792001649145
860 0.9858792001649145
870 0.9858792001649145
880 0.9858792001649145
890 0.9858792001649145
900 0.9858792001649145
910 0.9858792001649145
920 0.9858792001649145
930 0.9858792001649145
940 0.9858792001649145
950 0.9858792001649145
960 0.9858792001649145
970 0.9858792001649145
980 0.9858792001649145
990 0.9858792001649145
1000 0.9872191300762729
