# Data for router 7
0 0.0
10 0.0
20 0.0
30 0.8425066996495568
40 0.8425066996495568
50 0.8425066996495568
60 0.8425066996495568
70 0.8425066996495568
80 0.922077922077922
90 0.9809317666460523
100 0.9809317666460523
110 0.9809317666460523
120 0.9809317666460523
130 0.9809317666460523
140 0.9809317666460523
150 0.9827870542156256
160 0.9884559884559885
170 0.9938157081014224
180 0.9965986394557823
190 0.9965986394557823
200 0.9965986394557823
210 0.9965986394557823
220 0.9965986394557823
230 0.9965986394557823
240 0.9965986394557823
250 0.9965986394557823
260 0.9967017109874253
270 0.9979385693671408
280 0.9983508554937126
290 0.9985569985569985
300 0.9985569985569985
310 0.9985569985569985
320 0.9985569985569985
330 0.9985569985569985
340 0.9985569985569985
350 0.9985569985569985
360 0.9985569985569985
370 0.9985569985569985
380 0.9985569985569985
390 0.9985569985569985
400 0.9985569985569985
410 0.9985569985569985
420 0.9987631416202845
430 0.9987631416202845
440 0.9987631416202845
450 0.9987631416202845
460 0.9987631416202845
470 0.9987631416202845
480 0.9987631416202845
490 0.9987631416202845
500 0.9987631416202845
510 0.9987631416202845
520 0.9987631416202845
530 0.9987631416202845
540 0.9987631416202845
550 0.9987631416202845
560 0.9987631416202845
570 0.9987631416202845
580 0.9987631416202845
590 0.9987631416202845
600 0.9987631416202845
610 0.9987631416202845
620 0.9987631416202845
630 0.9987631416202845
640 0.9987631416202845
650 0.9987631416202845
660 0.9987631416202845
670 0.9987631416202845
680 0.9987631416202845
690 0.9987631416202845
700 0.9987631416202845
710 0.9987631416202845
720 0.9987631416202845
730 0.9987631416202845
740 0.9987631416202845
750 0.9987631416202845
760 0.9987631416202845
770 0.9987631416202845
780 0.9987631416202845
790 0.9987631416202845
800 0.9987631416202845
810 0.9987631416202845
820 0.9987631416202845
830 0.9987631416202845
840 0.9987631416202845
850 0.9987631416202845
860 0.9987631416202845
870 0.9987631416202845
880 0.9987631416202845
890 0.9987631416202845
900 0.9987631416202845
910 0.9987631416202845
920 0.9987631416202845
930 0.9987631416202845
940 0.9987631416202845
950 0.9987631416202845
960 0.9987631416202845
970 0.9987631416202845
980 0.9987631416202845
990 0.9987631416202845
1000 0.9984539270253556
