# Data for router 1
0 0.0
10 0.0
20 0.0
30 0.011337868480725623
40 0.011337868480725623
50 0.011337868480725623
60 0.011337868480725623
70 0.011337868480725623
80 0.014945372088229231
90 0.017419088847660275
100 0.017419088847660275
110 0.017419088847660275
120 0.017419088847660275
130 0.017419088847660275
140 0.017419088847660275
150 0.019995877138734283
160 0.026077097505668934
170 0.031127602556173986
180 0.03463203463203463
190 0.03463203463203463
200 0.03463203463203463
210 0.03463203463203463
220 0.03463203463203463
230 0.03463203463203463
240 0.03463203463203463
250 0.03463203463203463
260 0.04339311482168625
270 0.07039785611214183
280 0.08967223252937538
290 0.11956297670583385
300 0.11956297670583385
310 0.11956297670583385
320 0.11956297670583385
330 0.11956297670583385
340 0.11956297670583385
350 0.11956297670583385
360 0.11956297670583385
370 0.11956297670583385
380 0.11956297670583385
390 0.11956297670583385
400 0.12399505256648113
410 0.12760255617398475
420 0.13100391671820244
430 0.13430220573077717
440 0.13656977942692228
450 0.13656977942692228
460 0.13656977942692228
470 0.13656977942692228
480 0.13656977942692228
490 0.13656977942692228
500 0.13656977942692228
510 0.13656977942692228
520 0.13656977942692228
530 0.13656977942692228
540 0.13656977942692228
550 0.13656977942692228
560 0.13656977942692228
570 0.13667285095856524
580 0.13667285095856524
590 0.13667285095856524
600 0.13667285095856524
610 0.13667285095856524
620 0.13667285095856524
630 0.13667285095856524
640 0.13667285095856524
650 0.13667285095856524
660 0.13667285095856524
670 0.13667285095856524
680 0.13667285095856524
690 0.13667285095856524
700 0.13667285095856524
710 0.13667285095856524
720 0.13667285095856524
730 0.13667285095856524
740 0.13667285095856524
750 0.13667285095856524
760 0.13667285095856524
770 0.13667285095856524
780 0.13667285095856524
790 0.13667285095856524
800 0.13667285095856524
810 0.13667285095856524
820 0.13667285095856524
830 0.13667285095856524
840 0.13667285095856524
850 0.13667285095856524
860 0.13667285095856524
870 0.13667285095856524
880 0.13667285095856524
890 0.13667285095856524
900 0.13667285095856524
910 0.13667285095856524
920 0.13667285095856524
930 0.13667285095856524
940 0.13667285095856524
950 0.13667285095856524
960 0.13667285095856524
970 0.13667285095856524
980 0.13667285095856524
990 0.13667285095856524
1000 0.1282209853638425
