# Data for router 2
0 0.0
10 0.0
20 0.0
30 0.0
40 0.0
50 0.0
60 0.0
70 0.0
80 0.0
90 0.0
100 0.0
110 0.0
120 0.0
130 0.0
140 0.0
150 0.0015460729746444033
160 0.007730364873222016
170 0.01443001443001443
180 0.017419088847660275
190 0.017419088847660275
200 0.017419088847660275
210 0.017419088847660275
220 0.017419088847660275
230 0.017419088847660275
240 0.017419088847660275
250 0.017419088847660275
260 0.017625231910946195
270 0.017934446505875078
280 0.018140589569160998
290 0.01896516182230468
300 0.01896516182230468
310 0.01896516182230468
320 0.01896516182230468
330 0.01896516182230468
340 0.01896516182230468
350 0.01896516182230468
360 0.01896516182230468
370 0.01896516182230468
380 0.01896516182230468
390 0.01896516182230468
400 0.01896516182230468
410 0.01896516182230468
420 0.01896516182230468
430 0.01896516182230468
440 0.01896516182230468
450 0.01896516182230468
460 0.01896516182230468
470 0.01896516182230468
480 0.01896516182230468
490 0.01896516182230468
500 0.01896516182230468
510 0.01896516182230468
520 0.01896516182230468
530 0.01896516182230468
540 0.01896516182230468
550 0.01896516182230468
560 0.01896516182230468
570 0.01896516182230468
580 0.01896516182230468
590 0.01896516182230468
600 0.01896516182230468
610 0.01896516182230468
620 0.01896516182230468
630 0.01896516182230468
640 0.01896516182230468
650 0.01896516182230468
660 0.01896516182230468
670 0.01896516182230468
680 0.01896516182230468
690 0.01896516182230468
700 0.01896516182230468
710 0.01896516182230468
720 0.01896516182230468
730 0.01896516182230468
740 0.01896516182230468
750 0.01896516182230468
760 0.01896516182230468
770 0.01896516182230468
780 0.01896516182230468
790 0.01896516182230468
800 0.01896516182230468
810 0.01896516182230468
820 0.01896516182230468
830 0.01896516182230468
840 0.01896516182230468
850 0.01896516182230468
860 0.01896516182230468
870 0.01896516182230468
880 0.01896516182230468
890 0.01896516182230468
900 0.01896516182230468
910 0.01896516182230468
920 0.01896516182230468
930 0.01896516182230468
940 0.01896516182230468
950 0.01896516182230468
960 0.01896516182230468
970 0.01896516182230468
980 0.01896516182230468
990 0.01896516182230468
1000 0.017109874252731395
