# Data for router 6
0 0.0
10 0.0
20 0.0
30 0.0
40 0.0
50 0.0
60 0.0
70 0.0
80 0.0
90 0.0
100 0.0
110 0.0
120 0.0
130 0.0
140 0.0
150 0.0017522160379303236
160 0.0070088641517212944
170 0.011956297670583385
180 0.015873015873015872
190 0.015873015873015872
200 0.015873015873015872
210 0.015873015873015872
220 0.015873015873015872
230 0.015873015873015872
240 0.015873015873015872
250 0.015873015873015872
260 0.015976087404658834
270 0.016388373531230675
280 0.016594516594516596
290 0.017316017316017316
300 0.017316017316017316
310 0.017316017316017316
320 0.017316017316017316
330 0.017316017316017316
340 0.017316017316017316
350 0.017316017316017316
360 0.017316017316017316
370 0.017316017316017316
380 0.017316017316017316
390 0.017316017316017316
400 0.017316017316017316
410 0.017316017316017316
420 0.017316017316017316
430 0.017316017316017316
440 0.017316017316017316
450 0.017316017316017316
460 0.017316017316017316
470 0.017316017316017316
480 0.017316017316017316
490 0.017316017316017316
500 0.017316017316017316
510 0.017316017316017316
520 0.017316017316017316
530 0.017316017316017316
540 0.017316017316017316
550 0.017316017316017316
560 0.017316017316017316
570 0.017316017316017316
580 0.017316017316017316
590 0.017316017316017316
600 0.017316017316017316
610 0.017316017316017316
620 0.017316017316017316
630 0.017316017316017316
640 0.017316017316017316
650 0.017316017316017316
660 0.017316017316017316
670 0.017316017316017316
680 0.017316017316017316
690 0.017316017316017316
700 0.017316017316017316
710 0.017316017316017316
720 0.017316017316017316
730 0.017316017316017316
740 0.017316017316017316
750 0.017316017316017316
760 0.017316017316017316
770 0.017316017316017316
780 0.017316017316017316
790 0.017316017316017316
800 0.017316017316017316
810 0.017316017316017316
820 0.017316017316017316
830 0.017316017316017316
840 0.017316017316017316
850 0.017316017316017316
860 0.017316017316017316
870 0.017316017316017316
880 0.017316017316017316
890 0.017316017316017316
900 0.017316017316017316
910 0.017316017316017316
920 0.017316017316017316
930 0.017316017316017316
940 0.017316017316017316
950 0.017316017316017316
960 0.017316017316017316
970 0.017316017316017316
980 0.017316017316017316
990 0.017316017316017316
1000 0.017212945784374357
