# Data for router 3
0 0.0
10 0.0
20 0.0
30 0.0035044320758606472
40 0.0035044320758606472
50 0.0035044320758606472
60 0.0035044320758606472
70 0.0035044320758606472
80 0.0070088641517212944
90 0.01030715316429602
100 0.01030715316429602
110 0.01030715316429602
120 0.01030715316429602
130 0.01030715316429602
140 0.01030715316429602
150 0.012471655328798186
160 0.01937744794887652
170 0.025458668315811173
180 0.029890744176458463
190 0.029890744176458463
200 0.029890744176458463
210 0.029890744176458463
220 0.029890744176458463
230 0.029890744176458463
240 0.029890744176458463
250 0.029890744176458463
260 0.0313337456194599
270 0.03360131931560503
280 0.03607503607503607
290 0.03906411049268192
300 0.03906411049268192
310 0.03906411049268192
320 0.03906411049268192
330 0.03906411049268192
340 0.03906411049268192
350 0.03906411049268192
360 0.03906411049268192
370 0.03906411049268192
380 0.03906411049268192
390 0.03906411049268192
400 0.04122861265718408
410 0.04277468563182849
420 0.04401154401154401
430 0.04555761698618842
440 0.046485260770975055
450 0.046485260770975055
460 0.046485260770975055
470 0.046485260770975055
480 0.046485260770975055
490 0.046485260770975055
500 0.046485260770975055
510 0.046485260770975055
520 0.046485260770975055
530 0.046485260770975055
540 0.046485260770975055
550 0.046485260770975055
560 0.046485260770975055
570 0.048340548340548344
580 0.04937126365697794
590 0.05029890744176459
600 0.05174190888476603
610 0.05308183879612451
620 0.05308183879612451
630 0.05308183879612451
640 0.05308183879612451
650 0.05308183879612451
660 0.05308183879612451
670 0.05308183879612451
680 0.05308183879612451
690 0.05308183879612451
700 0.05308183879612451
710 0.05308183879612451
720 0.05308183879612451
730 0.05308183879612451
740 0.05308183879612451
750 0.05308183879612451
760 0.05328798185941043
770 0.053494124922696354
780 0.053494124922696354
790 0.05359719645433931
800 0.05359719645433931
810 0.05380333951762523
820 0.05380333951762523
830 0.05380333951762523
840 0.05380333951762523
850 0.05380333951762523
860 0.05380333951762523
870 0.05380333951762523
880 0.05380333951762523
890 0.05380333951762523
900 0.05380333951762523
910 0.05380333951762523
920 0.05380333951762523
930 0.05380333951762523
940 0.05380333951762523
950 0.05380333951762523
960 0.05380333951762523
970 0.05380333951762523
980 0.05380333951762523
990 0.05380333951762523
1000 0.05215419501133787
