Peak memory usage: 269 MB
Analysis results for abstractArbiter25state.modest

+ State space exploration
  State size:  6 bytes
  States:      24949
  Transitions: 24949
  Branches:    201131
  Rate:        48920 states/s
  Time:        0.5 s

+ Property p1
  Probability: 1
  Bounds:      [1, 1]
  CDF:         { (0, 0), ..., (123, 0), (124, 1.35843831133841E-242), (125, 1.56458486857979E-237), (126, 1.31462351808951E-233), (127, 4.78029534365987E-230), (128, 9.22285867505476E-227), (129, 1.1093664540339E-223), (130, 9.10868217982531E-221), (131, 5.43376758671668E-218), (132, 2.46348076564983E-215), (133, 8.78226101896253E-213), (134, 2.52863645822738E-210), (135, 6.00826645030817E-208), (136, 1.19923023009521E-205), (137, 2.04083023331272E-203), (138, 2.99886414104468E-201), (139, 3.84666028868129E-199), (140, 4.34816190871453E-197), (141, 4.36755929058988E-195), (142, 3.92721507832843E-193), (143, 3.18198084151371E-191), (144, 2.33688780033865E-189), (145, 1.56392249271739E-187), (146, 9.58348439390664E-186), (147, 5.40093733442875E-184), (148, 2.81057772704691E-182), (149, 1.35550977527325E-180), (150, 6.07943830237358E-179), (151, 2.54354097934585E-177), (152, 9.95609422952436E-176), (153, 3.65582134383962E-174), (154, 1.26245721254668E-172), (155, 4.10961676359953E-171), (156, 1.26383453514787E-169), (157, 3.67938093184108E-168), (158, 1.01599548668173E-166), (159, 2.66580458626896E-165), (160, 6.65772301421268E-164), (161, 1.58519787902774E-162), (162, 3.60381503952553E-161), (163, 7.83408165316791E-160), (164, 1.63061996524151E-158), (165, 3.25400726018102E-157), (166, 6.23331664419743E-156), (167, 1.14752550228229E-154), (168, 2.03250277355262E-153), (169, 3.46725662588893E-152), (170, 5.70250935637941E-151), (171, 9.05087306985251E-150), (172, 1.387586453851E-148), (173, 2.05663846498904E-147), (174, 2.94951780877345E-146), (175, 4.09629010812459E-145), (176, 5.51332981356415E-144), (177, 7.19687810484133E-143), (178, 9.11783413982612E-142), (179, 1.12190197071266E-140), (180, 1.34159260522516E-139), (181, 1.56014479914782E-138), (182, 1.76544168034263E-137), (183, 1.94510043683876E-136), (184, 2.08774576667678E-135), (185, 2.18422859165004E-134), (186, 2.22860501390605E-133), (187, 2.21872964103429E-132), (188, 2.15638413857061E-131), (189, 2.04694114617953E-130), (190, 1.89863838245893E-129), (191, 1.7215930571574E-128), (192, 1.52671351789721E-127), (193, 1.32466152217116E-126), (194, 1.1249894839033E-125), (195, 9.35531903584382E-125), (196, 7.62080030610791E-124), (197, 6.08323617651064E-123), (198, 4.76010371316591E-122), (199, 3.65255498504641E-121), (200, 2.74930119819627E-120), (201, 2.0306520058416E-119), (202, 1.47222674757308E-118), (203, 1.04803177613617E-117), (204, 7.32766433607292E-117), (205, 5.03356070177109E-116), (206, 3.39803235007652E-115), (207, 2.254979998119E-114), (208, 1.47142530527385E-113), (209, 9.44340004752753E-113), (210, 5.96244724615027E-112), (211, 3.70454795489982E-111), (212, 2.26551103201737E-110), (213, 1.36401947133428E-109), (214, 8.08721481729937E-109), (215, 4.72279987758084E-108), (216, 2.71717757637026E-107), (217, 1.54045097474273E-106), (218, 8.60756620177679E-106), (219, 4.74137821650379E-105), (220, 2.5751800676475E-104), (221, 1.37934977667212E-103), (222, 7.28766014800646E-103), (223, 3.79865562921366E-102), (224, 1.9537961141489E-101), (225, 9.91776237631406E-101), (226, 4.96946027509917E-100), (227, 2.45832948148593E-99), (228, 1.20082291723286E-98), (229, 5.79291256184714E-98), (230, 2.7603472108447E-97), (231, 1.29941336924719E-96), (232, 6.04386211765717E-96), (233, 2.77799019002445E-95), (234, 1.26200133271417E-94), (235, 5.66714816627088E-94), (236, 2.51597549486533E-93), (237, 1.10444868152976E-92), (238, 4.79447418369972E-92), (239, 2.05849866646029E-91), (240, 8.74240820594509E-91), (241, 3.67314507688193E-90), (242, 1.52695468138812E-89), (243, 6.28128925515345E-89), (244, 2.55716363438108E-88), (245, 1.03040235379068E-87), (246, 4.11002359341306E-87), (247, 1.6230076126258E-86), (248, 6.34576923553873E-86), (249, 2.45687628100478E-85), (250, 9.42029596640769E-85), (251, 3.57745486779371E-84), (252, 1.34572840874396E-83), (253, 5.01485986358055E-83), (254, 1.85149270755693E-82), (255, 6.77313870237355E-82), (256, 2.45530179980497E-81), (257, 8.82080471335102E-81), (258, 3.14080299943517E-80), (259, 1.1085171356618E-79), (260, 3.87840118848708E-79), (261, 1.34527285525454E-78), (262, 4.62650919843973E-78), (263, 1.57768148225938E-77), (264, 5.33512871297106E-77), (265, 1.78923084109623E-76), (266, 5.95140337366725E-76), (267, 1.96353657957815E-75), (268, 6.42628085652197E-75), (269, 2.08648589035305E-74), (270, 6.72108914794914E-74), (271, 2.14815293118474E-73), (272, 6.81278120781003E-73), (273, 2.14412083167092E-72), (274, 6.69685677816062E-72), (275, 2.07596771157163E-71), (276, 6.3874633727215E-71), (277, 1.95085256886998E-70), (278, 5.91477429309668E-70), (279, 1.78032242007423E-69), (280, 5.32028045807129E-69), (281, 1.57860681014646E-68), (282, 4.6509832886061E-68), (283, 1.36073740041814E-67), (284, 3.9535712885094E-67), (285, 1.14081998024017E-66), (286, 3.26951364406176E-66), (287, 9.30708118365147E-66), (288, 2.63168325088993E-65), (289, 7.3921128538482E-65), (290, 2.06273366037634E-64), (291, 5.71849449142121E-64), (292, 1.57510058037278E-63), (293, 4.31068832264742E-63), (294, 1.17224958514647E-62), (295, 3.16775620248167E-62), (296, 8.50676348816209E-62), (297, 2.27028485469218E-61), (298, 6.02173813525847E-61), (299, 1.58748904176692E-60), (300, 4.15976223047996E-60), (301, 1.0834688652195E-59), (302, 2.80527535385454E-59), (303, 7.22048526064202E-59), (304, 1.8476067077452E-58), (305, 4.70029469974196E-58), (306, 1.18886613426809E-57), (307, 2.98987321451637E-57), (308, 7.47659616183272E-57), (309, 1.85911196698897E-56), (310, 4.59702149715764E-56), (311, 1.13040883120823E-55), (312, 2.7644006445293E-55), (313, 6.72343255202253E-55), (314, 1.6263862777746E-54), (315, 3.91306144536255E-54), (316, 9.36456193533303E-54), (317, 2.22922239446224E-53), (318, 5.27875550570656E-53), (319, 1.24347997280806E-52), (320, 2.91401520242473E-52), (321, 6.79371107323828E-52), (322, 1.57579909711814E-51), (323, 3.63654707282618E-51), (324, 8.35003041760949E-51), (325, 1.90771316128686E-50), (326, 4.33690370983705E-50), (327, 9.81077911183096E-50), (328, 2.2085100424885E-49), (329, 4.94746116321663E-49), (330, 1.1029792486315E-48), (331, 2.44719653563873E-48), (332, 5.40382622241582E-48), (333, 1.1876246691105E-47), (334, 2.59786444230653E-47), (335, 5.65623142041193E-47), (336, 1.22581540226293E-46), (337, 2.64437993239623E-46), (338, 5.67854417366611E-46), (339, 1.21388597198023E-45), (340, 2.58320996799761E-45), (341, 5.47262274271452E-45), (342, 1.15424556513839E-44), (343, 2.42370963777226E-44), (344, 5.06705091297532E-44), (345, 1.0547140787995E-43), (346, 2.18590545487181E-43), (347, 4.51083960757502E-43), (348, 9.26882901780218E-43), (349, 1.89646920614741E-42), (350, 3.86395442535554E-42), (351, 7.83962307123803E-42), (352, 1.58396996995419E-41), (353, 3.18712241624655E-41), (354, 6.38648551306609E-41), (355, 1.27452315524967E-40), (356, 2.53318700307619E-40), (357, 5.01454450260837E-40), (358, 9.88669936184278E-40), (359, 1.94150063137552E-39), (360, 3.7975261550253E-39), (361, 7.39863482528944E-39), (362, 1.43582144818638E-38), (363, 2.77560489676199E-38), (364, 5.34482453979501E-38), (365, 1.02526939121247E-37), (366, 1.95921137625581E-37), (367, 3.72969475553248E-37), (368, 7.07332825530764E-37), (369, 1.33641887114849E-36), (370, 2.51558669921999E-36), (371, 4.71762514923741E-36), (372, 8.81463783296783E-36), (373, 1.64093652034213E-35), (374, 3.0436493937544E-35), (375, 5.62499554557447E-35), (376, 1.03581823552983E-34), (377, 1.90058693194314E-34), (378, 3.47491081469693E-34), (379, 6.33082283722651E-34), (380, 1.14933328588123E-33), (381, 2.07926482017105E-33), (382, 3.74852328484462E-33), (383, 6.73450555197346E-33), (384, 1.20574298147593E-32), (385, 2.15137266691442E-32), (386, 3.82557483572514E-32), (387, 6.77963178945522E-32), (388, 1.19743510547246E-31), (389, 2.10786303648513E-31), (390, 3.69815652784629E-31), (391, 6.46678754748872E-31), (392, 1.12709398897308E-30), (393, 1.95797738918768E-30), (394, 3.39030603084019E-30), (395, 5.85142237099837E-30), (396, 1.00666012386083E-29), (397, 1.7262776399726E-29), (398, 2.95088449613295E-29), (399, 5.02822751376653E-29), (400, 8.5409478051392E-29), (401, 1.4462150754692E-28), (402, 2.44119536866476E-28), (403, 4.10792146912285E-28), (404, 6.89126125244585E-28), (405, 1.15249557708038E-27), (406, 1.92154568854412E-27), (407, 3.19403685590296E-27), (408, 5.29314386884443E-27), (409, 8.74538211902769E-27), (410, 1.44059496037665E-26), (411, 2.36597220075204E-26), (412, 3.87425863928541E-26), (413, 6.32536126873847E-26), (414, 1.02968949926282E-25), (415, 1.67131332212356E-25), (416, 2.70487047738217E-25), (417, 4.36494115600874E-25), (418, 7.02360202169553E-25), (419, 1.12693064700171E-24), (420, 1.80300294909173E-24), (421, 2.87649582105824E-24), (422, 4.57620194921963E-24), (423, 7.25983503607478E-24), (424, 1.14850905516614E-23), (425, 1.81189952925826E-23), (426, 2.85056985231712E-23), (427, 4.47232106435162E-23), (428, 6.99751353856075E-23), (429, 1.0918670018755E-22), (430, 1.69909100947201E-22), (431, 2.63687834001004E-22), (432, 4.08127344126321E-22), (433, 6.29997749983225E-22), (434, 9.69896789812458E-22), (435, 1.48922642677193E-21), (436, 2.28060495992655E-21), (437, 3.48336432790638E-21), (438, 5.3065539947997E-21), (439, 8.06299579580922E-21), (440, 1.2219563810516E-20), (441, 1.84712218773756E-20), (442, 2.78497554225895E-20), (443, 4.18830339585937E-20), (444, 6.28276739350222E-20), (445, 9.40080404823268E-20), (446, 1.40308902323888E-19), (447, 2.08889523980785E-19), (448, 3.10216048914543E-19), (449, 4.59550199430568E-19), (450, 6.79090478099664E-19), (451, 1.00104399236703E-18), (452, 1.47202215630306E-18), (453, 2.15931487488211E-18), (454, 3.15982334934566E-18), (455, 4.61274606469951E-18), (456, 6.7175497262781E-18), (457, 9.75936327317951E-18), (458, 1.4144771885203E-17), (459, 2.04521452210197E-17), (460, 2.95022268410672E-17), (461, 4.24568980659308E-17), (462, 6.09570229569797E-17), (463, 8.73143692277273E-17), (464, 1.2477816885206E-16), (465, 1.77904449129891E-16), (466, 2.53066520908608E-16), (467, 3.59158876072507E-16), (468, 5.08565444566684E-16), (469, 7.18488313422985E-16), (470, 1.01276675976369E-15), (471, 1.42436162244071E-15), (472, 1.99874034900639E-15), (473, 2.79847838040847E-15), (474, 3.90949925190379E-15), (475, 5.44951721587377E-15), (476, 7.57943315960075E-15), (477, 1.05186811558998E-14), (478, 1.45658473473948E-14), (479, 2.01263085304728E-14), (480, 2.77491950476975E-14), (481, 3.81767103135844E-14), (482, 5.24097873306101E-14), (483, 7.17952946052728E-14), (484, 9.8141601161502E-14), (485, 1.33871376137804E-13), (486, 1.82223163715932E-13), (487, 2.47516704540849E-13), (488, 3.35501379396942E-13), (489, 4.53812792780652E-13), (490, 6.12569723377292E-13), (491, 8.25152858744628E-13), (492, 1.10921841900391E-12), (493, 1.4880146020694E-12), (494, 1.99208754973321E-12), (495, 2.66148722954913E-12), (496, 3.54861347513076E-12), (497, 4.72187993492295E-12), (498, 6.27042070029135E-12), (499, 8.31012319067369E-12), (500, 1.09913442459987E-11), (501, 1.45087577047293E-11), (502, 1.91138951537562E-11), (503, 2.51310820274461E-11), (504, 3.29776448617608E-11), (505, 4.31894795817282E-11), (506, 5.6453334009959E-11), (507, 7.36474808847574E-11), (508, 9.58928532024769E-11), (509, 1.24617196731653E-10), (510, 1.61635383040069E-10), (511, 2.09249741644576E-10), (512, 2.70375137170103E-10), (513, 3.48694566476952E-10), (514, 4.48852316649838E-10), (515, 5.76693248698622E-10), (516, 7.39558601974073E-10), (517, 9.46650906872088E-10), (518, 1.20948321380164E-09), (519, 1.54243097051167E-09), (520, 1.96340859547836E-09), (521, 2.49469720334452E-09), (522, 3.16395515569894E-09), (523, 4.0054492700635E-09), (524, 5.06155177404142E-09), (525, 6.38455661345185E-09), (526, 8.03887870953461E-09), (527, 1.01037114332448E-08), (528, 1.26762311747356E-08), (529, 1.58754537145435E-08), (530, 1.98468654642793E-08), (531, 2.47679738892837E-08), (532, 3.085494594277E-08), (533, 3.83705315605107E-08), (534, 4.7633501660573E-08), (535, 5.90298671828401E-08), (536, 7.30261880541868E-08), (537, 9.0185329191822E-08), (538, 1.11185075423446E-07), (539, 1.36840079221843E-07), (540, 1.6812768518542E-07), (541, 2.06218254054093E-07), (542, 2.52510697584968E-07), (543, 3.08674034717861E-07), (544, 3.7669589006426E-07), (545, 4.58938978809619E-07), (546, 5.58206758600225E-07), (547, 6.77819579871103E-07), (548, 8.21702832332335E-07), (549, 9.94488767916218E-07), (550, 1.20163388030374E-06), (551, 1.44955393903921E-06), (552, 1.74577901296265E-06), (553, 2.09913107388164E-06), (554, 2.51992704756394E-06), (555, 3.02021047557649E-06), (556, 3.61401526832862E-06), (557, 4.31766536674728E-06), (558, 5.15011448687225E-06), (559, 6.13333049752727E-06), (560, 7.29272937492693E-06), (561, 8.65766408801878E-06), (562, 1.02619741924538E-05), (563, 1.21446023467172E-05), (564, 1.43502844079504E-05), (565, 1.69303202135542E-05), (566, 1.99434326033047E-05), (567, 2.34567226802825E-05), (568, 2.75467297414918E-05), (569, 3.23006047239714E-05), (570, 3.78174064020172E-05), (571, 4.42095299276098E-05), (572, 5.16042776202302E-05), (573, 6.01455821741509E-05), (574, 6.99958926504449E-05), (575, 8.1338233746104E-05), (576, 9.43784488718864E-05), (577, 0.000109347637511362), (578, 0.000126504797163135), (579, 0.000146139679873136), (580, 0.000168575872930658), (581, 0.00019417411271697), (582, 0.000223335839945392), (583, 0.000256507003603716), (584, 0.000294182119791116), (585, 0.000336908590320708), (586, 0.000385291284424906), (587, 0.000439997385144461), (588, 0.000501761499995877), (589, 0.000571391033290026), (590, 0.000649771815013746), (591, 0.000737873978484995), (592, 0.000836758076052605), (593, 0.000947581418938841), (594, 0.00107160462392511), (595, 0.00121019834597035), (596, 0.00136485017204381), (597, 0.00153717164746879), (598, 0.00172890540193598), (599, 0.0019419323380827), (600, 0.00217827884117996), (601, 0.00244012396406117), (602, 0.00272980653700484), (603, 0.00304983214789515), (604, 0.00340287993367841), (605, 0.00379180911996305), (606, 0.00421966524163304), (607, 0.004689685973618), (608, 0.00520530649755076), (609, 0.00577016432700648), (610, 0.00638810351142258), (611, 0.00706317813670891), (612, 0.0077996550390381), (613, 0.00860201564741823), (614, 0.0094749568704549), (615, 0.0104233909432643), (616, 0.0114524441518548), (617, 0.0125674543545), (618, 0.0137739672227214), (619, 0.0150777311285174), (620, 0.0164846906094445), (621, 0.0180009783490876), (622, 0.0196329056173625), (623, 0.0213869511229658), (624, 0.0232697482391083), (625, 0.0252880705734184), (626, 0.0274488158635307), (627, 0.0297589881913402), (628, 0.0322256785211316), (629, 0.0348560435797166), (630, 0.0376572831102307), (631, 0.0406366155452651), (632, 0.0438012521594184), (633, 0.0471583697760255), (634, 0.0507150821176325), (635, 0.0544784099045864), (636, 0.0584552498207586), (637, 0.0626523424797674), (638, 0.0670762395389491), (639, 0.0717332701215955), (640, 0.0766295067204702), (641, 0.0817707307671772), (642, 0.08716239806244), (643, 0.0928096042715993), (644, 0.0987170506975287), (645, 0.104889010549559), (646, 0.111329295931784), (647, 0.1180412257772), (648, 0.125027594955372), (649, 0.132290644780758), (650, 0.139832035146237), (651, 0.147652818501944), (652, 0.155753415893019), (653, 0.164133595261438), (654, 0.172792452206753), (655, 0.181728393388272), (656, 0.190939122737132), (657, 0.200421630630931), (658, 0.21017218616613), (659, 0.220186332644545), (660, 0.230458886369998), (661, 0.240983938829785), (662, 0.251754862313218), (663, 0.262764318996299), (664, 0.274004273497815), (665, 0.285466008887972), (666, 0.297140146106369), (667, 0.309016666721898), (668, 0.321084938943169), (669, 0.333333746764646), (670, 0.345751322111), (671, 0.358325379820393), (672, 0.371043155286887), (673, 0.383891444562854), (674, 0.396856646704612), (675, 0.409924808128458), (676, 0.42308166873008), (677, 0.436312709508137), (678, 0.449603201422619), (679, 0.462938255210624), (680, 0.476302871876433), (681, 0.489681993569227), (682, 0.503060554560584), (683, 0.516423532034936), (684, 0.529755996409444), (685, 0.543043160905227), (686, 0.556270430099492), (687, 0.569423447197714), (688, 0.582488139776567), (689, 0.595450763761628), (690, 0.608297945418824), (691, 0.62101672115504), (692, 0.633594574941051), (693, 0.646019473188829), (694, 0.658279896935064), (695, 0.670364871203337), (696, 0.682263991438461), (697, 0.693967446928007), (698, 0.705466041147618), (699, 0.716751208988325), (700, 0.727815030845454), (701, 0.738650243569622), (702, 0.749250248300794), (703, 0.759609115225945), (704, 0.769721585319702), (705, 0.779583069145094), (706, 0.789189642808144), (707, 0.798538041175445), (708, 0.807625648477898), (709, 0.816450486436471), (710, 0.825011200056978), (711, 0.833307041250618), (712, 0.841337850445129), (713, 0.849104036358049), (714, 0.856606554108676), (715, 0.863846881848856), (716, 0.870826996094865), (717, 0.877549345943284), (718, 0.884016826353065), (719, 0.890232750673948), (720, 0.896200822598158), (721, 0.901925107707882), (722, 0.907410004785596), (723, 0.912660217047876), (724, 0.917680723456079), (725, 0.922476750249228), (726, 0.927053742835799), (727, 0.931417338171868), (728, 0.935573337743436), (729, 0.939527681260777), (730, 0.943286421162425), (731, 0.946855698016081), (732, 0.950241716893325), (733, 0.953450724784663), (734, 0.956488989111238), (735, 0.959362777379499), (736, 0.962078338015401), (737, 0.964641882405275), (738, 0.96705956816151), (739, 0.969337483622608), (740, 0.971481633589048), (741, 0.973497926288854), (742, 0.975392161559677), (743, 0.977170020227736), (744, 0.978837054658062), (745, 0.980398680445141), (746, 0.981860169208341), (747, 0.983226642452328), (748, 0.984503066449101), (749, 0.985694248095244), (750, 0.986804831695519), (751, 0.987839296621966), (752, 0.988801955796193), (753, 0.989696954941584), (754, 0.990528272551584), (755, 0.991299720520088), (756, 0.992014945380239), (757, 0.992677430098506), (758, 0.993290496371847), (759, 0.993857307376987), (760, 0.99438087092224), (761, 0.994864042954032), (762, 0.995309531372121), (763, 0.995719900109514), (764, 0.996097573435252), (765, 0.99644484044048), (766, 0.996763859670507), (767, 0.997056663867993), (768, 0.997325164794739), (769, 0.997571158102), (770, 0.997796328221624), (771, 0.998002253252678), (772, 0.998190409820536), (773, 0.998362177887697), (774, 0.998518845497724), (775, 0.998661613435867), (776, 0.998791599791927), (777, 0.998909844412816), (778, 0.999017313234137), (779, 0.999114902481776), (780, 0.999203442736152), (781, 0.999283702853225), (782, 0.999356393737787), (783, 0.999422171965816), (784, 0.999481643253869), (785, 0.999535365774529), (786, 0.999583853317909), (787, 0.999627578300069), (788, 0.999666974619969), (789, 0.999702440367271), (790, 0.999734340383884), (791, 0.999763008682662), (792, 0.999788750727093), (793, 0.999811845576188), (794, 0.999832547899069), (795, 0.999851089863985), (796, 0.999867682906674), (797, 0.999882519383107), (798, 0.999895774111733), (799, 0.999907605810385), (800, 0.999918158432994), (801, 0.999927562411256), (802, 0.999935935806301), (803, 0.999943385375344), (804, 0.999950007558194), (805, 0.999955889388362), (806, 0.99996110933336), (807, 0.999965738068652), (808, 0.999969839189529), (809, 0.999973469865017), (810, 0.999976681437768), (811, 0.999979519973657), (812, 0.999982026764692), (813, 0.999984238788588), (814, 0.999986189128249), (815, 0.999987907354156), (816, 0.999989419872524), (817, 0.999990750241922), (818, 0.999991919460849), (819, 0.999992946228633), (820, 0.999993847181845), (821, 0.999994637108282), (822, 0.99999532914042), (823, 0.999995934930106), (824, 0.999996464806137), (825, 0.999996927916235), (826, 0.999997332354828), (827, 0.999997685277919), (828, 0.999997993006254), (829, 0.999998261117854), (830, 0.99999849453094), (831, 0.999998697578162), (832, 0.999998874072967), (833, 0.999999027368886), (834, 0.999999160412433), (835, 0.999999275790262), (836, 0.99999937577115), (837, 0.99999946234335), (838, 0.999999537247781), (839, 0.999999602007496), (840, 0.999999657953802), (841, 0.999999706249426), (842, 0.99999974790899), (843, 0.999999783817138), (844, 0.999999814744534), (845, 0.999999841361988), (846, 0.999999864252909), (847, 0.999999883924262), (848, 0.999999900816232), (849, 0.999999915310692), (850, 0.999999927738664), (851, 0.999999938386853), (852, 0.999999947503372), (853, 0.99999995530277), (854, 0.999999961970414), (855, 0.999999967666334), (856, 0.99999997252857), (857, 0.999999976676102), (858, 0.999999980211397), (859, 0.999999983222631), (860, 0.99999998578562), (861, 0.999999987965506), (862, 0.999999989818207), (863, 0.999999991391693), (864, 0.999999992727078), (865, 0.999999993859577), (866, 0.999999994819323), (867, 0.999999995632086), (868, 0.999999996319883), (869, 0.999999996901512), (870, 0.999999997393012), (871, 0.999999997808053), (872, 0.999999998158281), (873, 0.999999998453608), (874, 0.999999998702465), (875, 0.999999998912015), (876, 0.999999999088344), (877, 0.999999999236614), (878, 0.999999999361202), (879, 0.999999999465819), (880, 0.999999999553603), (881, 0.999999999627213), (882, 0.999999999688895), (883, 0.999999999740544), (884, 0.999999999783763), (885, 0.999999999819904), (886, 0.999999999850105), (887, 0.999999999875324), (888, 0.999999999896369), (889, 0.999999999913919), (890, 0.999999999928544), (891, 0.999999999940723), (892, 0.99999999995086), (893, 0.999999999959289), (894, 0.999999999966295), (895, 0.999999999972114), (896, 0.999999999976943), (897, 0.999999999980949), (898, 0.999999999984269), (899, 0.999999999987019), (900, 0.999999999989295), (901, 0.999999999991178), (902, 0.999999999992735), (903, 0.99999999999402), (904, 0.999999999995082), (905, 0.999999999995958), (906, 0.99999999999668), (907, 0.999999999997275), (908, 0.999999999997764), (909, 0.999999999998167), (910, 0.999999999998499), (911, 0.999999999998772), (912, 0.999999999998995), (913, 0.999999999999179), (914, 0.999999999999329), (915, 0.999999999999453), (916, 0.999999999999554), (917, 0.999999999999636), (918, 0.999999999999704), (919, 0.99999999999976), (920, 0.999999999999805), (921, 0.999999999999842), (922, 0.999999999999872), (923, 0.999999999999896), (924, 0.999999999999916), (925, 0.999999999999932), (926, 0.999999999999946), (927, 0.999999999999956), (928, 0.999999999999965), (929, 0.999999999999973), (930, 0.999999999999978), (931, 0.999999999999983), (932, 0.999999999999987), (933, 0.99999999999999), (934, 0.999999999999992), (935, 0.999999999999995), (936, 0.999999999999996), (937, 0.999999999999998), (938, 0.999999999999998), (939, 0.999999999999999), (940, 1), (941, 1) }
  Time:        2.6 s

  + State elimination
    States:      12445
    Transitions: 12445
    Branches:    188316
    Time:        1.2 s

  + Value iteration
    Time: 1.4 s
