Peak memory usage: 244 MB
Analysis results for abstractArbiter25state.modest

+ State space exploration
  State size:  6 bytes
  States:      12449
  Transitions: 12449
  Branches:    100131
  Rate:        27481 states/s
  Time:        0.5 s

+ Property p1
  Probability: 1
  Bounds:      [1, 1]
  CDF:         { (0, 0), ..., (61, 0), (62, 1.88126359220256E-119), (63, 1.08220433101765E-115), (64, 1.49228373759584E-112), (65, 1.00091348187287E-109), (66, 3.91571536282427E-107), (67, 1.00654324335127E-104), (68, 1.83400860445554E-102), (69, 2.4990115780525E-100), (70, 2.6498030423455E-98), (71, 2.25475401695026E-96), (72, 1.57786092797251E-94), (73, 9.26403832742503E-93), (74, 4.63983816605536E-91), (75, 2.010281412182E-89), (76, 7.62530980068839E-88), (77, 2.55853641531389E-86), (78, 7.66250336548286E-85), (79, 2.06458321513104E-83), (80, 5.03987318091687E-82), (81, 1.12161242151845E-80), (82, 2.28839030573272E-79), (83, 4.30197337196284E-78), (84, 7.48571428906718E-77), (85, 1.21066242070457E-75), (86, 1.82673367044564E-74), (87, 2.5804104046226E-73), (88, 3.42326080472328E-72), (89, 4.27756148283149E-71), (90, 5.04810141858571E-70), (91, 5.64052078299262E-69), (92, 5.98102540391926E-68), (93, 6.03161116667911E-67), (94, 5.79648769928219E-66), (95, 5.31845745064636E-65), (96, 4.66722595499278E-64), (97, 3.92373819146288E-63), (98, 3.16505732482218E-62), (99, 2.45321766237052E-61), (100, 1.82961472576177E-60), (101, 1.31466424549438E-59), (102, 9.11241229792978E-59), (103, 6.09983784915085E-58), (104, 3.94771993597709E-57), (105, 2.47269017582182E-56), (106, 1.50043735011725E-55), (107, 8.82874852101145E-55), (108, 5.04199215919624E-54), (109, 2.79703028174923E-53), (110, 1.50847190359399E-52), (111, 7.91515356083267E-52), (112, 4.04376103775956E-51), (113, 2.01290593493539E-50), (114, 9.7694005472608E-50), (115, 4.62594967610554E-49), (116, 2.13841908007792E-48), (117, 9.65612731792527E-48), (118, 4.26167448632133E-47), (119, 1.83934723357213E-46), (120, 7.7675318959858E-46), (121, 3.21113927308477E-45), (122, 1.30018325966059E-44), (123, 5.15850640244918E-44), (124, 2.00638602179004E-43), (125, 7.65360672789196E-43), (126, 2.86458797391284E-42), (127, 1.05239642001389E-41), (128, 3.79654377511922E-41), (129, 1.34540845796689E-40), (130, 4.6852834065716E-40), (131, 1.60393780317584E-39), (132, 5.39955586839373E-39), (133, 1.78809872327036E-38), (134, 5.82676291336448E-38), (135, 1.86896276377607E-37), (136, 5.90258460831257E-37), (137, 1.83602607601357E-36), (138, 5.62643660826744E-36), (139, 1.69912440040085E-35), (140, 5.05789405574318E-35), (141, 1.4844969772012E-34), (142, 4.29697576342065E-34), (143, 1.22694841618395E-33), (144, 3.45678458148199E-33), (145, 9.61171393112918E-33), (146, 2.63820763980806E-32), (147, 7.14975488043119E-32), (148, 1.91354737486688E-31), (149, 5.05874200920707E-31), (150, 1.32125930246839E-30), (151, 3.41004775595024E-30), (152, 8.69845621434289E-30), (153, 2.19337818262865E-29), (154, 5.46830472442366E-29), (155, 1.34814308656744E-28), (156, 3.28728744221538E-28), (157, 7.92921592773906E-28), (158, 1.89227542568943E-27), (159, 4.46857375993721E-27), (160, 1.04436245767562E-26), (161, 2.41600014046738E-26), (162, 5.53312040545485E-26), (163, 1.25468097980009E-25), (164, 2.81739433342974E-25), (165, 6.26574580442432E-25), (166, 1.38027948088427E-24), (167, 3.01222493767694E-24), (168, 6.51312737653491E-24), (169, 1.39549407700103E-23), (170, 2.96316556610452E-23), (171, 6.23627709362923E-23), (172, 1.30103023147354E-22), (173, 2.69086372622082E-22), (174, 5.51806886697452E-22), (175, 1.12207361873474E-21), (176, 2.26277374994863E-21), (177, 4.52576710538176E-21), (178, 8.97882189264167E-21), (179, 1.76712175309172E-20), (180, 3.45045629503598E-20), (181, 6.68484961369529E-20), (182, 1.28514778489259E-19), (183, 2.45189161170312E-19), (184, 4.6427561790158E-19), (185, 8.72601127713226E-19), (186, 1.62801748253912E-18), (187, 3.01538758354523E-18), (188, 5.5450398537646E-18), (189, 1.01246408481664E-17), (190, 1.83570673946111E-17), (191, 3.30529584576084E-17), (192, 5.91064300911632E-17), (193, 1.04980793371679E-16), (194, 1.85211720083416E-16), (195, 3.24595687544828E-16), (196, 5.65150722999564E-16), (197, 9.77606597568943E-16), (198, 1.68024549529752E-15), (199, 2.86959156056636E-15), (200, 4.87007438249561E-15), (201, 8.21387684040754E-15), (202, 1.37684892998093E-14), (203, 2.29391781305565E-14), (204, 3.79883428299266E-14), (205, 6.25360996885852E-14), (206, 1.02340079231771E-13), (207, 1.66502727310217E-13), (208, 2.69329114381521E-13), (209, 4.33168522857999E-13), (210, 6.92734781405969E-13), (211, 1.10163594331786E-12), (212, 1.74218511045614E-12), (213, 2.74005520716871E-12), (214, 4.28604269086135E-12), (215, 6.6682031740751E-12), (216, 1.03190316214697E-11), (217, 1.58843388268036E-11), (218, 2.43232372892711E-11), (219, 3.70524792932382E-11), (220, 5.61536690767957E-11), (221, 8.4669104094681E-11), (222, 1.27021851194032E-10), (223, 1.89608998845416E-10), (224, 2.81634970813017E-10), (225, 4.16275788260417E-10), (226, 6.12297079141879E-10), (227, 8.96290809313762E-10), (228, 1.30575111715777E-09), (229, 1.89328198862426E-09), (230, 2.73232343070083E-09), (231, 3.92490398495576E-09), (232, 5.61208284202232E-09), (233, 7.98794294144081E-09), (234, 1.13182474718893E-08), (235, 1.59651883144707E-08), (236, 2.24200506358008E-08), (237, 3.13461099896302E-08), (238, 4.36346866405191E-08), (239, 6.04780290842006E-08), (240, 8.34636107792955E-08), (241, 1.14695530078629E-07), (242, 1.56950035711266E-07), (243, 2.13873794569577E-07), (244, 2.90235413581042E-07), (245, 3.92242964143713E-07), (246, 5.27942878802127E-07), (247, 7.07718639162485E-07), (248, 9.44911194630017E-07), (249, 1.25658708440939E-06), (250, 1.66448481720454E-06), (251, 2.19617522447959E-06), (252, 2.88647726487976E-06), (253, 3.77917712769037E-06), (254, 4.92910545398285E-06), (255, 6.40463503707512E-06), (256, 8.29066942638321E-06), (257, 1.06922013591089E-05), (258, 1.37385287677407E-05), (259, 1.75882251058553E-05), (260, 2.24349697066998E-05), (261, 2.85143526004079E-05), (262, 3.6111776381302E-05), (263, 4.55715850030143E-05), (264, 5.73075554042677E-05), (265, 7.18148922037105E-05), (266, 8.96838678770637E-05), (267, 0.000111615250336111), (268, 0.000138437656130579), (269, 0.000171126960037332), (270, 0.000210827880029766), (271, 0.000258877839990095), (272, 0.00031683319052675), (273, 0.000386497840430184), (274, 0.000469954317261675), (275, 0.000569597235041359), (276, 0.000688169099831031), (277, 0.000828798330194216), (278, 0.000995039309237756), (279, 0.00119091421857305), (280, 0.00142095633267795), (281, 0.00169025437562461), (282, 0.00200449746204177), (283, 0.00237002006182956), (284, 0.00279384634511453), (285, 0.00328373318202915), (286, 0.00384821099314592), (287, 0.00449662157299693), (288, 0.00523915194341526), (289, 0.00608686323789262), (290, 0.00705171357524404), (291, 0.00814657385306693), (292, 0.00938523538114296), (293, 0.0107824082842503), (294, 0.0123537096347741), (295, 0.0141156403296374), (296, 0.0160855498046343), (297, 0.0182815877829593), (298, 0.0207226423837887), (299, 0.0234282640707719), (300, 0.0264185750981981), (301, 0.0297141643127178), (302, 0.033335967388449), (303, 0.0373051328100621), (304, 0.0416428741683615), (305, 0.0463703095917337), (306, 0.0515082893998769), (307, 0.0570772133283097), (308, 0.0630968389278104), (309, 0.06958608298651), (310, 0.0765628180481414), (311, 0.084043666302307), (312, 0.0920437932961813), (313, 0.100576704056798), (314, 0.109654044314507), (315, 0.119285409577475), (316, 0.129478164821249), (317, 0.140237277524165), (318, 0.151565166697652), (319, 0.163461570430094), (320, 0.175923434284676), (321, 0.188944822667708), (322, 0.202516855017219), (323, 0.216627668356147), (324, 0.2312624074154), (325, 0.246403243164908), (326, 0.262029420202344), (327, 0.278117333046252), (328, 0.294640630970468), (329, 0.31157035060758), (330, 0.328875075148381), (331, 0.34652111857948), (332, 0.36447273303962), (333, 0.382692337043576), (334, 0.401140762026932), (335, 0.419777514410845), (336, 0.438561050177601), (337, 0.457449058788803), (338, 0.476398753170814), (339, 0.495367162437937), (340, 0.51431142402303), (341, 0.533189071936877), (342, 0.551958317979877), (343, 0.570578322879522), (344, 0.589009454520971), (345, 0.607213530671342), (346, 0.625154043865782), (347, 0.642796366419432), (348, 0.660107933847823), (349, 0.677058405312864), (350, 0.693619800055853), (351, 0.709766609126754), (352, 0.725475882063894), (353, 0.740727288514771), (354, 0.755503155111084), (355, 0.769788478214808), (356, 0.783570913432689), (357, 0.796840743050352), (358, 0.809590822761455), (359, 0.821816509259639), (360, 0.833515570420089), (361, 0.844688079922491), (362, 0.85533629825797), (363, 0.865464542119866), (364, 0.875079044202952), (365, 0.884187805429827), (366, 0.892800441588595), (367, 0.900928026305308), (368, 0.908582932190719), (369, 0.915778671896639), (370, 0.922529740695955), (371, 0.928851462065188), (372, 0.934759837602792), (373, 0.940271402463177), (374, 0.945403087328921), (375, 0.95017208778456), (376, 0.954595741797381), (377, 0.958691415856237), (378, 0.962476400170651), (379, 0.965967813191193), (380, 0.969182515579851), (381, 0.972137033637139), (382, 0.974847492081841), (383, 0.97732955598032), (384, 0.979598381535556), (385, 0.981668575371642), (386, 0.983554161887284), (387, 0.985268558201653), (388, 0.986824556177141), (389, 0.988234310975751), (390, 0.989509335588024), (391, 0.990660500765026), (392, 0.991698039783801), (393, 0.992631557484179), (394, 0.993470043028751), (395, 0.994221885857347), (396, 0.994894894331508), (397, 0.995496316592344), (398, 0.996032863185929), (399, 0.996510731043238), (400, 0.996935628435842), (401, 0.997312800563453), (402, 0.997647055464382), (403, 0.997942789974525), (404, 0.998204015494139), (405, 0.998434383354128), (406, 0.998637209604369), (407, 0.998815499075738), (408, 0.998971968594576), (409, 0.999109069253339), (410, 0.999229007664063), (411, 0.999333766141909), (412, 0.999425121784546), (413, 0.999504664429479), (414, 0.999573813485712), (415, 0.999633833648452), (416, 0.999685849516012), (417, 0.999730859136791), (418, 0.999769746521339), (419, 0.999803293160146), (420, 0.999832188592152), (421, 0.999857040072098), (422, 0.999878381386934), (423, 0.999896680872708), (424, 0.999912348683692), (425, 0.999925743365275), (426, 0.999937177781242), (427, 0.999946924444779), (428, 0.999955220300837), (429, 0.999962271005503), (430, 0.999968254745824), (431, 0.999973325641199), (432, 0.999977616764971), (433, 0.999981242822379), (434, 0.999984302518524), (435, 0.999986880647511), (436, 0.999989049931524), (437, 0.999990872636234), (438, 0.999992401986703), (439, 0.999993683405801), (440, 0.99999475559512), (441, 0.999995651476482), (442, 0.999996399010363), (443, 0.999997021905889), (444, 0.999997540235564), (445, 0.999997970966468), (446, 0.99999832841839), (447, 0.999998624658201), (448, 0.999998869838689), (449, 0.999999072489147), (450, 0.999999239764118), (451, 0.999999377655936), (452, 0.999999491176007), (453, 0.999999584509146), (454, 0.99999966114475), (455, 0.999999723988081), (456, 0.999999775454521), (457, 0.999999817549251), (458, 0.999999851934518), (459, 0.999999879986303), (460, 0.999999902841994), (461, 0.999999921440424), (462, 0.999999936555441), (463, 0.999999948824004), (464, 0.999999958769668), (465, 0.999999966822173), (466, 0.999999973333776), (467, 0.999999978592817), (468, 0.999999982834998), (469, 0.999999986252731), (470, 0.999999989002875), (471, 0.999999991213135), (472, 0.999999992987341), (473, 0.999999994409801), (474, 0.999999995548878), (475, 0.999999996459934), (476, 0.999999997187745), (477, 0.999999997768477), (478, 0.999999998231305), (479, 0.99999999859973), (480, 0.999999998892665), (481, 0.999999999125304), (482, 0.999999999309843), (483, 0.999999999456058), (484, 0.999999999571774), (485, 0.999999999663246), (486, 0.999999999735473), (487, 0.999999999792437), (488, 0.999999999837313), (489, 0.999999999872626), (490, 0.999999999900383), (491, 0.999999999922176), (492, 0.999999999939267), (493, 0.999999999952655), (494, 0.999999999963132), (495, 0.999999999971322), (496, 0.999999999977716), (497, 0.999999999982703), (498, 0.999999999986588), (499, 0.999999999989611), (500, 0.999999999991962), (501, 0.999999999993787), (502, 0.999999999995203), (503, 0.9999999999963), (504, 0.999999999997149), (505, 0.999999999997806), (506, 0.999999999998313), (507, 0.999999999998705), (508, 0.999999999999006), (509, 0.999999999999238), (510, 0.999999999999417), (511, 0.999999999999555), (512, 0.99999999999966), (513, 0.999999999999741), (514, 0.999999999999802), (515, 0.99999999999985), (516, 0.999999999999886), (517, 0.999999999999914), (518, 0.999999999999935), (519, 0.999999999999951), (520, 0.999999999999963), (521, 0.999999999999973), (522, 0.99999999999998), (523, 0.999999999999985), (524, 0.999999999999989), (525, 0.999999999999993), (526, 0.999999999999995), (527, 0.999999999999997), (528, 0.999999999999998), (529, 0.999999999999999), (530, 0.999999999999999), (531, 1), (532, 1) }
  Time:        1.6 s

  + State elimination
    States:      6195
    Transitions: 6195
    Branches:    93566
    Time:        0.6 s

  + Value iteration
    Time: 0.9 s
