Peak memory usage: 224 MB
Analysis results for abstractArbiter25state.modest

+ State space exploration
  State size:  6 bytes
  States:      4949
  Transitions: 4949
  Branches:    39531
  Rate:        11897 states/s
  Time:        0.4 s

+ Property p1
  Probability: 1
  Bounds:      [1, 1]
  CDF:         { (0, 0), ..., (23, 0), (24, 1.7575633204405E-49), (25, 9.26466321208563E-46), (26, 3.724614391972E-43), (27, 6.18120679131719E-41), (28, 5.5270988486273E-39), (29, 3.12230736993289E-37), (30, 1.22889141794031E-35), (31, 3.60069332938969E-34), (32, 8.23805599942561E-33), (33, 1.52547418663761E-31), (34, 2.35076028559092E-30), (35, 3.0820890800627E-29), (36, 3.50039475776833E-28), (37, 3.49515238330821E-27), (38, 3.10662965728326E-26), (39, 2.48407600517544E-25), (40, 1.80308883423599E-24), (41, 1.19741051405475E-23), (42, 7.32499138799833E-23), (43, 4.15255527253762E-22), (44, 2.19317992687383E-21), (45, 1.08426798123351E-20), (46, 5.03894698748558E-20), (47, 2.20971288652407E-19), (48, 9.1752300241891E-19), (49, 3.61856349133835E-18), (50, 1.35933036087685E-17), (51, 4.87649732072419E-17), (52, 1.67461617861877E-16), (53, 5.51687723946985E-16), (54, 1.7470846182868E-15), (55, 5.32822180080604E-15), (56, 1.5676305220564E-14), (57, 4.45645639916274E-14), (58, 1.22592247417435E-13), (59, 3.26785356210395E-13), (60, 8.45176251943872E-13), (61, 2.12343818754257E-12), (62, 5.18834624025963E-12), (63, 1.23416803630032E-11), (64, 2.86092782742707E-11), (65, 6.46893104245243E-11), (66, 1.42801724494137E-10), (67, 3.08013951739418E-10), (68, 6.49656953473044E-10), (69, 1.34090155069231E-09), (70, 2.71027943700901E-09), (71, 5.36815547183759E-09), (72, 1.04256879445993E-08), (73, 1.98661685821078E-08), (74, 3.71622247979735E-08), (75, 6.82816632724467E-08), (76, 1.23295388242183E-07), (77, 2.18899704984263E-07), (78, 3.82300379405322E-07), (79, 6.57085788298809E-07), (80, 1.11195021540348E-06), (81, 1.85342383415988E-06), (82, 3.04412895668183E-06), (83, 4.92851451190942E-06), (84, 7.8685181180329E-06), (85, 1.23921547461072E-05), (86, 1.92586092233188E-05), (87, 2.95439801870737E-05), (88, 4.47523347401614E-05), (89, 6.69571204519173E-05), (90, 9.89781654270511E-05), (91, 0.000144599388298344), (92, 0.000208831843146795), (93, 0.000298225746379809), (94, 0.000421233591644127), (95, 0.000588624295250659), (96, 0.000813945502585756), (97, 0.00111402774516681), (98, 0.001509520143191), (99, 0.00202544293661736), (100, 0.00269173750080551), (101, 0.00354378992425209), (102, 0.00462290001259543), (103, 0.00597666408856369), (104, 0.00765923755106837), (105, 0.00973144219585251), (106, 0.012260684100979), (107, 0.0153206506861701), (108, 0.0189907605066035), (109, 0.0233553464534289), (110, 0.0285025621751656), (111, 0.0345230124250246), (112, 0.0415081202504033), (113, 0.0495482569124015), (114, 0.0587306734918326), (115, 0.0691372855752157), (116, 0.0808423734714847), (117, 0.0939102693703097), (118, 0.108393109080193), (119, 0.124328728971833), (120, 0.141738788161056), (121, 0.160627191654745), (122, 0.180978882224239), (123, 0.20275905744919), (124, 0.225912854175451), (125, 0.250365526209649), (126, 0.27602312321792), (127, 0.302773660377141), (128, 0.330488750242888), (129, 0.359025651422481), (130, 0.388229673769477), (131, 0.417936867620451), (132, 0.447976915589873), (133, 0.478176139955302), (134, 0.5083605368395), (135, 0.538358750171574), (136, 0.568004903548908), (137, 0.597141216231732), (138, 0.625620340063748), (139, 0.653307366517745), (140, 0.680081466658157), (141, 0.705837140926216), (142, 0.730485069647612), (143, 0.753952568454965), (144, 0.776183664908905), (145, 0.797138823094473), (146, 0.816794351577944), (147, 0.835141536662214), (148, 0.852185547316728), (149, 0.867944160522905), (150, 0.882446356198323), (151, 0.895730829543945), (152, 0.907844465852285), (153, 0.918840818808117), (154, 0.928778628409777), (155, 0.937720409140003), (156, 0.945731133206709), (157, 0.95287702781605), (158, 0.959224499757248), (159, 0.964839195256131), (160, 0.969785198234444), (161, 0.974124365895143), (162, 0.977915797000197), (163, 0.981215425340703), (164, 0.98407572871208), (165, 0.986545542166402), (166, 0.988669963366674), (167, 0.990490337446846), (168, 0.99204430881086), (169, 0.993365927704348), (170, 0.994485800084303), (171, 0.995431270219233), (172, 0.996226626505116), (173, 0.996893322118766), (174, 0.997450203296845), (175, 0.99791373918154), (176, 0.998298248278267), (177, 0.99861611760039), (178, 0.998878011512933), (179, 0.999093068120414), (180, 0.999269081768311), (181, 0.999412670843008), (182, 0.999529430565176), (183, 0.999624070882933), (184, 0.999700539892384), (185, 0.999762133454023), (186, 0.999811591844396), (187, 0.999851184393665), (188, 0.999882783121445), (189, 0.999907926404802), (190, 0.999927873702211), (191, 0.999943652323228), (192, 0.999956097182088), (193, 0.99996588441015), (194, 0.999973559631622), (195, 0.99997956163303), (196, 0.999984242082468), (197, 0.99998788188195), (198, 0.999990704666777), (199, 0.999992887900935), (200, 0.999994571957751), (201, 0.999995867520736), (202, 0.999996861590875), (203, 0.999997622343412), (204, 0.99999820303924), (205, 0.999998645162941), (206, 0.999998980931029), (207, 0.999999235289474), (208, 0.99999942749881), (209, 0.999999572387563), (210, 0.999999681339998), (211, 0.999999763071844), (212, 0.999999824237506), (213, 0.99999986990381), (214, 0.99999990391842), (215, 0.999999929195452), (216, 0.999999947936208), (217, 0.999999961799226), (218, 0.999999972030914), (219, 0.999999979565591), (220, 0.999999985101883), (221, 0.999999989160881), (222, 0.99999999213031), (223, 0.999999994297966), (224, 0.999999995876954), (225, 0.999999997024705), (226, 0.999999997857243), (227, 0.999999998459882), (228, 0.999999998895208), (229, 0.99999999920903), (230, 0.999999999434805), (231, 0.999999999596908), (232, 0.999999999713065), (233, 0.999999999796135), (234, 0.999999999855427), (235, 0.999999999897664), (236, 0.999999999927695), (237, 0.999999999949006), (238, 0.999999999964102), (239, 0.999999999974774), (240, 0.999999999982305), (241, 0.99999999998761), (242, 0.999999999991339), (243, 0.999999999993957), (244, 0.999999999995791), (245, 0.999999999997073), (246, 0.999999999997968), (247, 0.999999999998593), (248, 0.999999999999026), (249, 0.999999999999328), (250, 0.999999999999537), (251, 0.999999999999682), (252, 0.999999999999781), (253, 0.99999999999985), (254, 0.999999999999898), (255, 0.99999999999993), (256, 0.999999999999953), (257, 0.999999999999968), (258, 0.999999999999979), (259, 0.999999999999986), (260, 0.999999999999991), (261, 0.999999999999994), (262, 0.999999999999997), (263, 0.999999999999998), (264, 0.999999999999999), (265, 0.999999999999999), (266, 1), (267, 1) }
  Time:        0.9 s

  + State elimination
    States:      2445
    Transitions: 2445
    Branches:    36716
    Time:        0.2 s

  + Value iteration
    Time: 0.6 s
