Peak memory usage: 2239 MB
Analysis results for abstractArbiter7_reduced_v2.modest

+ State space exploration
  Min. state size: 112 bytes
  States:          1781770
  Transitions:     1781770
  Branches:        2205949
  Rate:            190279 states/s
  Time:            10.0 s

+ Property p1
  Probability: 0.999983783016956
  Bounds:      [0.999983783016956, 0.999983783016956]
  CDF:         { (0, 0), ..., (148, 0), (149, 7.3050565811479E-144), (150, 8.5956165771507E-142), (151, 5.09876315078904E-140), (152, 2.03280446325852E-138), (153, 6.1276256273816E-137), (154, 1.48954717491758E-135), (155, 3.04145784815625E-134), (156, 5.36514016299085E-133), (157, 8.34601453326219E-132), (158, 1.16302239626473E-130), (159, 1.46986014686024E-129), (160, 1.70169317639079E-128), (161, 1.81962478701027E-127), (162, 1.80958315169099E-126), (163, 1.68354017865825E-125), (164, 1.47269637242359E-124), (165, 1.21662770331104E-123), (166, 9.52867584089072E-123), (167, 7.09936188098911E-122), (168, 5.04704309346861E-121), (169, 3.43294805588175E-120), (170, 2.23961973892385E-119), (171, 1.40449965558018E-118), (172, 8.4837016112802E-118), (173, 4.94499055477467E-117), (174, 2.78608918909446E-116), (175, 1.51966638530465E-115), (176, 8.03613475314381E-115), (177, 4.12541278633206E-114), (178, 2.05846187397153E-113), (179, 9.99470826237481E-113), (180, 4.72729097089026E-112), (181, 2.18022899785644E-111), (182, 9.8139655869598E-111), (183, 4.3153854083735E-110), (184, 1.85517293838963E-109), (185, 7.80324333661541E-109), (186, 3.2137258556602E-108), (187, 1.29683515802973E-107), (188, 5.13081184064316E-107), (189, 1.99150246352039E-106), (190, 7.5879289755871E-106), (191, 2.83958355139241E-105), (192, 1.04424984990088E-104), (193, 3.77564231268925E-104), (194, 1.34283251060673E-103), (195, 4.69997661362294E-103), (196, 1.61957712742653E-102), (197, 5.49693313896106E-102), (198, 1.83833660154368E-101), (199, 6.06011441689632E-101), (200, 1.96990959406261E-100), (201, 6.31645426493086E-100), (202, 1.99851646666264E-99), (203, 6.24150492471771E-99), (204, 1.92465331446269E-98), (205, 5.86173949156328E-98), (206, 1.76374423330677E-97), (207, 5.24444365334819E-97), (208, 1.54146329508944E-96), (209, 4.4796898066926E-96), (210, 1.28751045110055E-95), (211, 3.6605382983826E-95), (212, 1.02974630156607E-94), (213, 2.86683655184804E-94), (214, 7.90052765707699E-94), (215, 2.1556572417835E-93), (216, 5.8245286363078E-93), (217, 1.55877538061E-92), (218, 4.13265819577266E-92), (219, 1.08561937362449E-91), (220, 2.8262093523671E-91), (221, 7.29262477968908E-91), (222, 1.86546929421436E-90), (223, 4.7313686249482E-90), (224, 1.19000173842692E-89), (225, 2.96849445667322E-89), (226, 7.34541832137858E-89), (227, 1.80322723551281E-88), (228, 4.39236329505544E-88), (229, 1.06174073069648E-87), (230, 2.5472294910366E-87), (231, 6.06600034938389E-87), (232, 1.43408681552675E-86), (233, 3.36619729380041E-86), (234, 7.84595606829369E-86), (235, 1.8161181386898E-85), (236, 4.17525195926623E-85), (237, 9.53474010457198E-85), (238, 2.16306028564882E-84), (239, 4.87536169143883E-84), (240, 1.09186075530774E-83), (241, 2.42992316918233E-83), (242, 5.37432998604427E-83), (243, 1.18141707729342E-82), (244, 2.58148107504686E-82), (245, 5.60738210521004E-82), (246, 1.21091782609851E-81), (247, 2.59997661536542E-81), (248, 5.55086342381664E-81), (249, 1.17848275580629E-80), (250, 2.48823832443513E-80), (251, 5.22517043102199E-80), (252, 1.09139417315496E-79), (253, 2.26760654665016E-79), (254, 4.68694856603263E-79), (255, 9.6378445727538E-79), (256, 1.97181907268181E-78), (257, 4.01403494494556E-78), (258, 8.13113327653768E-78), (259, 1.63909887864341E-77), (260, 3.28829733347284E-77), (261, 6.56562388845903E-77), (262, 1.3048076637256E-76), (263, 2.5811225253054E-76), (264, 5.082622894196E-76), (265, 9.96344008155866E-76), (266, 1.94445283127296E-75), (267, 3.77812410884648E-75), (268, 7.3091908486987E-75), (269, 1.4079906363539E-74), (270, 2.70078665654103E-74), (271, 5.15897082788127E-74), (272, 9.81386221182569E-74), (273, 1.85926944495486E-73), (274, 3.50825539357628E-73), (275, 6.59336587595411E-73), (276, 1.23427089503991E-72), (277, 2.30155310642527E-72), (278, 4.27521750398996E-72), (279, 7.91118027970146E-72), (280, 1.45844148084271E-71), (281, 2.67867403268911E-71), (282, 4.90175958707135E-71), (283, 8.93723657594254E-71), (284, 1.62364517796259E-70), (285, 2.93922504604409E-70), (286, 5.30206820790763E-70), (287, 9.53114700478665E-70), (288, 1.70745300512196E-69), (289, 3.04840141870921E-69), (290, 5.42414332848758E-69), (291, 9.61925201424415E-69), (292, 1.70026993029639E-68), (293, 2.99554536187714E-68), (294, 5.26053804298438E-68), (295, 9.20863402538032E-68), (296, 1.60688705607843E-67), (297, 2.79521142010988E-67), (298, 4.84726760466698E-67), (299, 8.38003805924299E-67), (300, 1.44435871123558E-66), (301, 2.48197514586042E-66), (302, 4.25232142013304E-66), (303, 7.26396653871691E-66), (304, 1.23723810131304E-65), (305, 2.10124575366105E-65), (306, 3.55841623423734E-65), (307, 6.00903893808573E-65), (308, 1.01189050213828E-64), (309, 1.69923689888145E-64), (310, 2.84562557695059E-64), (311, 4.7524365931256E-64), (312, 7.9155450522438E-64), (313, 1.31486826029047E-63), (314, 2.17836889281666E-63), (315, 3.59947421130527E-63), (316, 5.93219877403256E-63), (317, 9.75150604859979E-63), (318, 1.59888526469885E-62), (319, 2.61494525499211E-62), (320, 4.26596752429901E-62), (321, 6.9421171655158E-62), (322, 1.12692614491939E-61), (323, 1.82489393628715E-61), (324, 2.94800261368859E-61), (325, 4.75089507140622E-61), (326, 7.63817316827841E-61), (327, 1.22512125106489E-60), (328, 1.9604377647233E-60), (329, 3.12982635000059E-60), (330, 4.98527690227333E-60), (331, 7.92261840757154E-60), (332, 1.25622385704013E-59), (333, 1.98743303628071E-59), (334, 3.13728054885796E-59), (335, 4.94148749916094E-59), (336, 7.76628884884615E-59), (337, 1.21794806370504E-58), (338, 1.90594861730429E-58), (339, 2.97624372274622E-58), (340, 4.63776010174029E-58), (341, 7.2117066523301E-58), (342, 1.11909052166993E-57), (343, 1.7329941132889E-57), (344, 2.6781869211744E-57), (345, 4.13051060270521E-57), (346, 6.35759268134266E-57), (347, 9.76595496648865E-57), (348, 1.49718912387527E-56), (349, 2.29079024628334E-56), (350, 3.49822231761239E-56), (351, 5.33174693914115E-56), (352, 8.11069805975631E-56), (353, 1.23145908443439E-55), (354, 1.86621283852883E-55), (355, 2.82285195304685E-55), (356, 4.26193683382318E-55), (357, 6.42279491580824E-55), (358, 9.66151714728105E-55), (359, 1.45069745216459E-54), (360, 2.17432550361946E-54), (361, 3.25307699013644E-54), (362, 4.85838585693399E-54), (363, 7.24308011776094E-54), (364, 1.07793822925698E-53), (365, 1.60143520799444E-53), (366, 2.37506407657674E-53), (367, 3.51639161317212E-53), (368, 5.19733259695346E-53), (369, 7.66885482281461E-53), (370, 1.12967250201192E-52), (371, 1.66131458066523E-52), (372, 2.43912276258873E-52), (373, 3.57522215344156E-52), (374, 5.23196787451137E-52), (375, 7.6440722403688E-52), (376, 1.11503149805817E-51), (377, 1.62389159778034E-51), (378, 2.36123565929638E-51), (379, 3.42798436769947E-51), (380, 4.96890030041103E-51), (381, 7.19131615441087E-51), (382, 1.03917282116548E-50), (383, 1.49935017272497E-50), (384, 2.16002519129627E-50), (385, 3.10713060234131E-50), (386, 4.46282241725423E-50), (387, 6.4004943313895E-50), (388, 9.16591034642735E-50), (389, 1.31069060469289E-49), (390, 1.87150733575712E-49), (391, 2.66841808742553E-49), (392, 3.79919335895237E-49), (393, 5.40142364026303E-49), (394, 7.66846617117789E-49), (395, 1.08716697497052E-48), (396, 1.53913067498686E-48), (397, 2.17595650587574E-48), (398, 3.07202211160336E-48), (399, 4.33113551482724E-48), (400, 6.097985310311E-48), (401, 8.57397004299194E-48), (402, 1.20390527792919E-47), (403, 1.68818947617624E-47), (404, 2.36413504333666E-47), (405, 3.30635335821337E-47), (406, 4.6180196914055E-47), (407, 6.44162479355046E-47), (408, 8.97370450415033E-47), (409, 1.24849937915359E-46), (410, 1.73479683264232E-46), (411, 2.4074434670367E-46), (412, 3.33667718814598E-46), (413, 4.61876963786282E-46), (414, 6.38551299677146E-46), (415, 8.81710471411565E-46), (416, 1.21596260961095E-45), (417, 1.67487241849532E-45), (418, 2.30416602733287E-45), (419, 3.16606295334625E-45), (420, 4.34512467238933E-45), (421, 5.95614151330909E-45), (422, 8.154755888931E-45), (423, 1.11517546764986E-44), (424, 1.52322759219133E-44), (425, 2.07815901173285E-44), (426, 2.83196672471122E-44), (427, 3.85474712729875E-44), (428, 5.24088911630802E-44), (429, 7.11734974160322E-44), (430, 9.65470043221042E-44), (431, 1.30818550774449E-43), (432, 1.77056856334919E-43), (433, 2.39371186923658E-43), (434, 3.23258166655894E-43), (435, 4.36062178515959E-43), (436, 5.87585901677025E-43), (437, 7.90899082126253E-43), (438, 1.06340876495416E-42), (439, 1.42827402210734E-42), (440, 1.91627410534834E-42), (441, 2.56827277871439E-42), (442, 3.43846572023394E-42), (443, 4.59865541359562E-42), (444, 6.14387286663793E-42), (445, 8.19976295043506E-42), (446, 1.09322768056055E-41), (447, 1.45603791939738E-41), (448, 1.93726919414607E-41), (449, 2.57492709542778E-41), (450, 3.41900719956376E-41), (451, 4.53521229932127E-41), (452, 6.00980182792604E-41), (453, 7.95591215291025E-41), (454, 1.05217858810292E-40), (455, 1.39014764495455E-40), (456, 1.83487591898743E-40), (457, 2.41951920924492E-40), (458, 3.1873541891778E-40), (459, 4.19481406766236E-40), (460, 5.51541864735293E-40), (461, 7.24485754646972E-40), (462, 9.50755884098261E-40), (463, 1.24651693558941E-39), (464, 1.63274928856083E-39), (465, 2.1366585853429E-39), (466, 2.79349053230444E-39), (467, 3.64886532347327E-39), (468, 4.76177776531868E-39), (469, 6.20844948738211E-39), (470, 8.08727084058864E-39), (471, 1.05251351101338E-38), (472, 1.3685550153475E-38), (473, 1.77790171129646E-38), (474, 2.30762982302366E-38), (475, 2.99253632752155E-38), (476, 3.87730158268495E-38), (477, 5.01924680630204E-38), (478, 6.49184701996129E-38), (479, 8.38920262613143E-38), (480, 1.08317263998325E-37), (481, 1.3973370166143E-37), (482, 1.80108003226327E-37), (483, 2.31950380487012E-37), (484, 2.98462140077484E-37), (485, 3.83722554322158E-37), (486, 4.92925342049601E-37), (487, 6.3267768516442E-37), (488, 8.1137801072674E-37), (489, 1.03969290040608E-36), (490, 1.33115865292915E-36), (491, 1.70293947297927E-36), (492, 2.17678230490047E-36), (493, 2.78021835921147E-36), (494, 3.54807387424374E-36), (495, 4.52436820774902E-36), (496, 5.76469669766765E-36), (497, 7.33921977336826E-36), (498, 9.33640965653396E-36), (499, 1.18677430430403E-35), (500, 1.50735741022518E-35), (501, 1.91304790595387E-35), (502, 2.42604341145523E-35), (503, 3.07422756552235E-35), (504, 3.8925999541709E-35), (505, 4.92505894261789E-35), (506, 6.22662284954513E-35), (507, 7.86619518474314E-35), (508, 9.93000467258454E-35), (509, 1.25258815796044E-34), (510, 1.57885697702774E-34), (511, 1.98863205387798E-34), (512, 2.50290715699973E-34), (513, 3.1478584767255E-34), (514, 3.9561003070734E-34), (515, 4.96823923424926E-34), (516, 6.23479642512772E-34), (517, 7.81858351349309E-34), (518, 9.7976370474562E-34), (519, 1.22688402691058E-33), (520, 1.53523900954953E-33), (521, 1.91973027096266E-33), (522, 2.39881945474068E-33), (523, 2.99536283739928E-33), (524, 3.73763786304884E-33), (525, 4.6606048781036E-33), (526, 5.80745690026814E-33), (527, 7.23152188646218E-33), (528, 8.99859610232061E-33), (529, 1.11898043706512E-32), (530, 1.39051038262307E-32), (531, 1.72675730993753E-32), (532, 2.14286595183634E-32), (533, 2.65745940778621E-32), (534, 3.293422891095E-32), (535, 4.07886064422929E-32), (536, 5.04826352317841E-32), (537, 6.2439327074216E-32), (538, 7.7177146001137E-32), (539, 9.53311357943631E-32), (540, 1.17678632492495E-31), (541, 1.45170536975143E-31), (542, 1.78969325818567E-31), (543, 2.20495223139831E-31), (544, 2.71482250345577E-31), (545, 3.34046224448337E-31), (546, 4.10767200698153E-31), (547, 5.04789365772455E-31), (548, 6.19942000458265E-31), (549, 7.60885865658142E-31), (550, 9.33290246494625E-31), (551, 1.14404694466236E-30), (552, 1.40152877275949E-30), (553, 1.71590161628915E-30), (554, 2.09950093709936E-30), (555, 2.56728575293541E-30), (556, 3.13738570883278E-30), (557, 3.83175993715324E-30), (558, 4.67699007886918E-30), (559, 5.70523422146227E-30), (560, 6.95537373144717E-30), (561, 8.47439117939532E-30), (562, 1.03190249585485E-29), (563, 1.25577550047401E-29), (564, 1.52731844954218E-29), (565, 1.8564894846216E-29), (566, 2.25528660970498E-29), (567, 2.7381572314145E-29), (568, 3.32248824330375E-29), (569, 4.02919216253741E-29), (570, 4.88340774879777E-29), (571, 5.91533699499233E-29), (572, 7.16124447406265E-29), (573, 8.66464986979081E-29), (574, 1.04777502457675E-28), (575, 1.26631153727632E-28), (576, 1.52957074250754E-28), (577, 1.84652857873947E-28), (578, 2.2279268839032E-28), (579, 2.68661376993109E-28), (580, 3.23794823747486E-28), (581, 3.90028089529829E-28), (582, 4.69552479171654E-28), (583, 5.64983288654537E-28), (584, 6.7944016565111E-28), (585, 8.16642381109969E-28), (586, 9.81021718828823E-28), (587, 1.17785617042422E-27), (588, 1.41342818688663E-27), (589, 1.69521189911062E-27), (590, 2.0320944948432E-27), (591, 2.43463784753597E-27), (592, 2.9153875558892E-27), (593, 3.48923779734928E-27), (594, 4.17386185458983E-27), (595, 4.99021987608131E-27), (596, 5.96315742090008E-27), (597, 7.12211066115581E-27), (598, 8.50193682760978E-27), (599, 1.01438916487518E-26), (600, 1.20967792244542E-26), (601, 1.44183040776653E-26), (602, 1.71766601402708E-26), (603, 2.04523972666296E-26), (604, 2.43406126627342E-26), (605, 2.89535225234833E-26), (606, 3.44234783620863E-26), (607, 4.09065031984753E-26), (608, 4.85864351837505E-26), (609, 5.76797806474419E-26), (610, 6.8441395277882E-26), (611, 8.11711315454701E-26), (612, 9.62216129715116E-26), (613, 1.14007321912496E-25), (614, 1.35015217724807E-25), (615, 1.59817137135085E-25), (616, 1.89084269099768E-25), (617, 2.23604043236323E-25), (618, 2.64299825016947E-25), (619, 3.12253873445312E-25), (620, 3.68734089165655E-25), (621, 4.35225164346886E-25), (622, 5.1346484192383E-25), (623, 6.05486102791062E-25), (624, 7.13666227541438E-25), (625, 8.40783826852265E-25), (626, 9.90085104544918E-25), (627, 1.16536081299524E-24), (628, 1.37103558574614E-24), (629, 1.61227159120896E-24), (630, 1.89508874919425E-24), (631, 2.22650409435112E-24), (632, 2.61469326388431E-24), (633, 3.06917753854472E-24), (634, 3.60104038427349E-24), (635, 4.22317803663066E-24), (636, 4.95058935220456E-24), (637, 5.80071093305618E-24), (638, 6.79380442611221E-24), (639, 7.95340392545793E-24), (640, 9.3068325801049E-24), (641, 1.08857988539546E-23), (642, 1.27270844221524E-23), (643, 1.48733374458801E-23), (644, 1.73739869765949E-23), (645, 2.02862965356909E-23), (646, 2.36765775361287E-23), (647, 2.76215862036902E-23), (648, 3.22101310681127E-23), (649, 3.75449219862128E-23), (650, 4.37446960956461E-23), (651, 5.09466611533184E-23), (652, 5.93093024705532E-23), (653, 6.90156062129211E-23), (654, 8.0276759293554E-23), (655, 9.33363945762869E-23), (656, 1.08475459756363E-22), (657, 1.26017799256835E-22), (658, 1.46336550943357E-22), (659, 1.69861473616516E-22), (660, 1.97087337312402E-22), (661, 2.28583526680345E-22), (662, 2.65005028395571E-22), (663, 3.07104997023654E-22), (664, 3.55749120343487E-22), (665, 4.11932035261802E-22), (666, 4.76796079571788E-22), (667, 5.51652703435155E-22), (668, 6.38006908179101E-22), (669, 7.37585129447201E-22), (670, 8.52367037656672E-22), (671, 9.84621791914744E-22), (672, 1.13694935495553E-21), (673, 1.31232755731068E-21), (674, 1.5141656899835E-21), (675, 1.74636550765909E-21), (676, 2.0133906404137E-21), (677, 2.32034554262063E-21), (678, 2.67306525512317E-21), (679, 3.07821742280939E-21), (680, 3.54341819678099E-21), (681, 4.07736386093045E-21), (682, 4.68998025980756E-21), (683, 5.39259237138798E-21), (684, 6.19811666835035E-21), (685, 7.12127924874849E-21), (686, 8.17886309602163E-21), (687, 9.38998825413609E-21), (688, 1.07764291818943E-20), (689, 1.23629740873282E-20), (690, 1.41778316455841E-20), (691, 1.62530911795666E-20), (692, 1.86252431405087E-20), (693, 2.13357675752074E-20), (694, 2.44317992186625E-20), (695, 2.79668789172311E-20), (696, 3.2001802281479E-20), (697, 3.66055778044728E-20), (698, 4.1856508176786E-20), (699, 4.78434102022814E-20), (700, 5.46669905891409E-20), (701, 6.2441396981218E-20), (702, 7.1295965930696E-20), (703, 8.13771921220934E-20), (704, 9.28509460707788E-20), (705, 1.05904970770627E-19), (706, 1.20751691393287E-19), (707, 1.37631376187884E-19), (708, 1.56815691241547E-19), (709, 1.78611696789667E-19), (710, 2.03366338367518E-19), (711, 2.31471492335268E-19), (712, 2.6336963225655E-19), (713, 2.99560190344346E-19), (714, 3.40606696792743E-19), (715, 3.87144789383972E-19), (716, 4.39891196401953E-19), (717, 4.99653807712035E-19), (718, 5.67342962009672E-19), (719, 6.43984092839478E-19), (720, 7.30731892196287E-19), (721, 8.28886168513222E-19), (722, 9.39909595807846E-19), (723, 1.06544757290508E-18), (724, 1.20735043621474E-18), (725, 1.36769829676614E-18), (726, 1.54882880237061E-18), (727, 1.75336815920371E-18), (728, 1.98426578410881E-18), (729, 2.2448329998965E-18), (730, 2.53878623125743E-18), (731, 2.8702952090713E-18), (732, 3.24403674637463E-18), (733, 3.66525471058885E-18), (734, 4.13982688440472E-18), (735, 4.6743394826233E-18), (736, 5.27617017498808E-18), (737, 5.95358055639442E-18), (738, 6.715819106698E-18), (739, 7.57323579361164E-18), (740, 8.53740959491891E-18), (741, 9.62129035158415E-18), (742, 1.08393565125493E-17), (743, 1.22077904964453E-17), (744, 1.37446735766069E-17), (745, 1.54702023952997E-17), (746, 1.74069294327446E-17), (747, 1.95800299983076E-17), (748, 2.20175985772628E-17), (749, 2.47509776591733E-17), (750, 2.78151224957181E-17), (751, 3.12490055895337E-17), (752, 3.50960651043693E-17), (753, 3.94047018139192E-17), (754, 4.4228829675724E-17), (755, 4.96284856314842E-17), (756, 5.56705048003387E-17), (757, 6.24292678518299E-17), (758, 6.99875280255521E-17), (759, 7.84373260104525E-17), (760, 8.7881001714522E-17), (761, 9.84323128518146E-17), (762, 1.10217671255595E-16), (763, 1.23377508901792E-16), (764, 1.38067786804397E-16), (765, 1.5446166123326E-16), (766, 1.72751323115072E-16), (767, 1.93150028021099E-16), (768, 2.15894335832455E-16), (769, 2.41246581018275E-16), (770, 2.69497596478256E-16), (771, 3.00969716103813E-16), (772, 3.36020083618285E-16), (773, 3.7504429788415E-16), (774, 4.18480427733537E-16), (775, 4.66813432508752E-16), (776, 5.20580027914861E-16), (777, 5.80374040511505E-16), (778, 6.46852298233041E-16), (779, 7.20741108753813E-16), (780, 8.02843382340565E-16), (781, 8.94046461090788E-16), (782, 9.95330722181074E-16), (783, 1.10777902898342E-15), (784, 1.23258711069291E-15), (785, 1.37107495849417E-15), (786, 1.52469933432699E-15), (787, 1.69506749704764E-15), (788, 1.88395226028125E-15), (789, 2.09330850658521E-15), (790, 2.32529129376271E-15), (791, 2.58227570135341E-15), (792, 2.86687857856466E-15), (793, 3.18198236927771E-15), (794, 3.53076120536218E-15), (795, 3.91670947645842E-15), (796, 4.34367310274936E-15), (797, 4.81588375715767E-15), (798, 5.33799630499434E-15), (799, 5.91512975248782E-15), (800, 6.55291202098173E-15), (801, 7.25752889106112E-15), (802, 8.0357774906196E-15), (803, 8.89512473309289E-15), (804, 9.8437711469525E-15), (805, 1.08907205752848E-14), (806, 1.20458562650996E-14), (807, 1.33200239101587E-14), (808, 1.47251222588493E-14), (809, 1.62742019502208E-14), (810, 1.79815732970656E-14), (811, 1.98629237951574E-14), (812, 2.19354462028263E-14), (813, 2.42179781052982E-14), (814, 2.67311539540617E-14), (815, 2.94975706533665E-14), (816, 3.25419678542558E-14), (817, 3.58914242117724E-14), (818, 3.9575570963683E-14), (819, 4.36268242997734E-14), (820, 4.80806381100966E-14), (821, 5.29757788291196E-14), (822, 5.83546242312054E-14), (823, 6.4263488182011E-14), (824, 7.0752973510945E-14), (825, 7.78783553426574E-14), (826, 8.56999974114991E-14), (827, 9.42838040829497E-14), (828, 1.03701711021171E-13), (829, 1.14032217673194E-13), (830, 1.25360964988907E-13), (831, 1.37781362063283E-13), (832, 1.51395265674372E-13), (833, 1.66313716998984E-13), (834, 1.82657740119154E-13), (835, 2.00559207287963E-13), (836, 2.20161776304865E-13), (837, 2.41621905760039E-13), (838, 2.65109954346494E-13), (839, 2.90811370909591E-13), (840, 3.18927982408637E-13), (841, 3.49679387506482E-13), (842, 3.83304464083054E-13), (843, 4.20062999590204E-13), (844, 4.60237453830822E-13), (845, 5.04134864457851E-13), (846, 5.52088906251849E-13), (847, 6.04462116052291E-13), (848, 6.61648296091556E-13), (849, 7.24075109415195E-13), (850, 7.92206882071635E-13), (851, 8.66547627823228E-13), (852, 9.47644312272887E-13), (853, 1.03609037452142E-12), (854, 1.13252952577491E-12), (855, 1.23765984571468E-12), (856, 1.35223819893E-12), (857, 1.47708499530203E-12), (858, 1.61308931992245E-12), (859, 1.7612144599393E-12), (860, 1.92250385765204E-12), (861, 2.09808752123595E-12), (862, 2.28918892667043E-12), (863, 2.4971324467851E-12), (864, 2.72335134583067E-12), (865, 2.96939638063792E-12), (866, 3.2369450522578E-12), (867, 3.52781155498927E-12), (868, 3.84395747290971E-12), (869, 4.18750327743833E-12), (870, 4.56074068309737E-12), (871, 4.96614592250256E-12), (872, 5.40639400572796E-12), (873, 5.88437403356352E-12), (874, 6.40320563883451E-12), (875, 6.96625663489434E-12), (876, 7.5771619556548E-12), (877, 8.23984397709778E-12), (878, 8.9585343161394E-12), (879, 9.73779720901095E-12), (880, 1.05825545780027E-11), (881, 1.14981129025076E-11), (882, 1.24901920178281E-11), (883, 1.35649559731903E-11), (884, 1.47290460888782E-11), (885, 1.59896163613787E-11), (886, 1.73543713749438E-11), (887, 1.88316068880664E-11), (888, 2.04302532740517E-11), (889, 2.21599220061925E-11), (890, 2.40309553900461E-11), (891, 2.605447975801E-11), (892, 2.82424623548356E-11), (893, 3.06077721569456E-11), (894, 3.31642448834748E-11), (895, 3.59267524728761E-11), (896, 3.89112773157799E-11), (897, 4.21349915525959E-11), (898, 4.56163417631781E-11), (899, 4.9375139395764E-11), (900, 5.3432657303424E-11), (901, 5.78117327784612E-11), (902, 6.25368774986562E-11), (903, 6.76343948240162E-11), (904, 7.31325049088261E-11), (905, 7.90614781213912E-11), (906, 8.54537772929705E-11), (907, 9.2344209348107E-11), (908, 9.97700869009512E-11), (909, 1.07771400436319E-10), (910, 1.1639100173023E-10), (911, 1.25674799202596E-10), (912, 1.35671965934736E-10), (913, 1.46435161126464E-10), (914, 1.58020765811893E-10), (915, 1.70489133699746E-10), (916, 1.83904858053194E-10), (917, 1.98337055575901E-10), (918, 2.13859668325468E-10), (919, 2.30551784732697E-10), (920, 2.48497980865343E-10), (921, 2.6778868313836E-10), (922, 2.88520553739226E-10), (923, 3.10796900106898E-10), (924, 3.34728109876509E-10), (925, 3.60432112779118E-10), (926, 3.88034871067008E-10), (927, 4.17670900120157E-10), (928, 4.49483820978998E-10), (929, 4.83626946642394E-10), (930, 5.20263904068305E-10), (931, 5.59569293917888E-10), (932, 6.0172939019221E-10), (933, 6.46942882024358E-10), (934, 6.95421660008873E-10), (935, 7.47391649575329E-10), (936, 8.03093694043701E-10), (937, 8.62784490136286E-10), (938, 9.26737578864487E-10), (939, 9.95244394859169E-10), (940, 1.06861537737069E-09), (941, 1.14718114632945E-09), (942, 1.23129374703029E-09), (943, 1.32132796718437E-09), (944, 1.41768273027088E-09), (945, 1.52078256931825E-09), (946, 1.63107918545085E-09), (947, 1.74905309575257E-09), (948, 1.87521537522442E-09), (949, 2.01010949784814E-09), (950, 2.15431328201435E-09), (951, 2.30844094582994E-09), (952, 2.47314527808805E-09), (953, 2.64911993096336E-09), (954, 2.83710184078802E-09), (955, 3.03787378356767E-09), (956, 3.25226707221535E-09), (957, 3.4811644028123E-09), (958, 3.72550285755036E-09), (959, 3.98627707237101E-09), (960, 4.26454257769128E-09), (961, 4.56141932099842E-09), (962, 4.87809538050212E-09), (963, 5.21583087945799E-09), (964, 5.57596211121758E-09), (965, 5.95990588552013E-09), (966, 6.36916410702017E-09), (967, 6.80532859754298E-09), (968, 7.27008617407796E-09), (969, 7.7652239950591E-09), (970, 8.2926351880415E-09), (971, 8.85432477246583E-09), (972, 9.45241589180741E-09), (973, 1.00891563700358E-08), (974, 1.07669256079638E-08), (975, 1.14882418357438E-08), (976, 1.22557697384727E-08), (977, 1.30723284725997E-08), (978, 1.39409000915883E-08), (979, 1.48646384000724E-08), (980, 1.58468782565638E-08), (981, 1.6891145345614E-08), (982, 1.80011664412124E-08), (983, 1.91808801841144E-08), (984, 2.04344483967352E-08), (985, 2.17662679602238E-08), (986, 2.31809832793435E-08), (987, 2.46834993618361E-08), (988, 2.62789955400299E-08), (989, 2.79729398635799E-08), (990, 2.97711041933881E-08), (991, 3.16795800279575E-08), (992, 3.37047950946789E-08), (993, 3.58535307398368E-08), (994, 3.813294015245E-08), (995, 4.0550567458443E-08), (996, 4.3114367723062E-08), (997, 4.58327279009207E-08), (998, 4.87144887745787E-08), (999, 5.17689679241213E-08), (1000, 5.50059837718285E-08), (1001, 5.84358807476892E-08), (1002, 6.20695556232421E-08), (1003, 6.59184850629995E-08), (1004, 6.99947544445465E-08), (1005, 7.4311088000295E-08), (1006, 7.88808803358243E-08), (1007, 8.37182293817452E-08), (1008, 8.88379708380968E-08), (1009, 9.42557141724123E-08), (1010, 9.99878802347915E-08), (1011, 1.06051740555571E-07), (1012, 1.12465458393512E-07), (1013, 1.19248131604826E-07), (1014, 1.26419837405801E-07), (1015, 1.34001679104355E-07), (1016, 1.4201583487841E-07), (1017, 1.504856086817E-07), (1018, 1.59435483360326E-07), (1019, 1.68891176066253E-07), (1020, 1.78879696056801E-07), (1021, 1.8942940497219E-07), (1022, 2.00570079686251E-07), (1023, 2.12332977828553E-07), (1024, 2.24750906079429E-07), (1025, 2.37858291342674E-07), (1026, 2.51691254904099E-07), (1027, 2.66287689687581E-07), (1028, 2.81687340723814E-07), (1029, 2.97931888950637E-07), (1030, 3.15065038467525E-07), (1031, 3.33132607370661E-07), (1032, 3.52182622298963E-07), (1033, 3.72265416825395E-07), (1034, 3.9343373383203E-07), (1035, 4.1574283201154E-07), (1036, 4.39250596642041E-07), (1037, 4.64017654786646E-07), (1038, 4.90107495073551E-07), (1039, 5.17586592217047E-07), (1040, 5.46524536444557E-07), (1041, 5.76994167999544E-07), (1042, 6.09071716895042E-07), (1043, 6.42836948097507E-07), (1044, 6.78373312325786E-07), (1045, 7.15768102655165E-07), (1046, 7.55112617121722E-07), (1047, 7.96502327527623E-07), (1048, 8.40037054653417E-07), (1049, 8.85821150089028E-07), (1050, 9.33963684900768E-07), (1051, 9.84578645357507E-07), (1052, 1.03778513594498E-06), (1053, 1.09370758990324E-06), (1054, 1.15247598752826E-06), (1055, 1.21422608248501E-06), (1056, 1.27909963638537E-06), (1057, 1.34724466189088E-06), (1058, 1.41881567460663E-06), (1059, 1.49397395403914E-06), (1060, 1.57288781389788E-06), (1061, 1.65573288202665E-06), (1062, 1.74269239025806E-06), (1063, 1.83395747449106E-06), (1064, 1.92972748529875E-06), (1065, 2.03021030938061E-06), (1066, 2.13562270218048E-06), (1067, 2.24619063199904E-06), (1068, 2.36214963593674E-06), (1069, 2.48374518801061E-06), (1070, 2.61123307979589E-06), (1071, 2.74487981395093E-06), (1072, 2.88496301099163E-06), (1073, 3.03177182968906E-06), (1074, 3.18560740147204E-06), (1075, 3.34678327922405E-06), (1076, 3.51562590087171E-06), (1077, 3.69247506817022E-06), (1078, 3.87768444109878E-06), (1079, 4.07162204828742E-06), (1080, 4.27467081390435E-06), (1081, 4.48722910144129E-06), (1082, 4.70971127484226E-06), (1083, 4.94254827742939E-06), (1084, 5.1861882290876E-06), (1085, 5.44109704217799E-06), (1086, 5.70775905665813E-06), (1087, 5.98667769489549E-06), (1088, 6.27837613666838E-06), (1089, 6.58339801485709E-06), (1090, 6.90230813233588E-06), (1091, 7.23569320058456E-06), (1092, 7.58416260054669E-06), (1093, 7.94834916626917E-06), (1094, 8.32890999186605E-06), (1095, 8.72652726235757E-06), (1096, 9.14190910894271E-06), (1097, 9.57579048927205E-06), (1098, 1.00289340932947E-05), (1099, 1.05021312752612E-05), (1100, 1.09962030124717E-05), (1101, 1.15120008913652E-05), (1102, 1.20504081215554E-05), (1103, 1.26123405784221E-05), (1104, 1.31987478748778E-05), (1105, 1.38106144629332E-05), (1106, 1.4448960765694E-05), (1107, 1.51148443404264E-05), (1108, 1.58093610733361E-05), (1109, 1.65336464067109E-05), (1110, 1.72888765990838E-05), (1111, 1.80762700190782E-05), (1112, 1.88970884736039E-05), (1113, 1.9752638571075E-05), (1114, 2.06442731203298E-05), (1115, 2.1573392565933E-05), (1116, 2.25414464605496E-05), (1117, 2.35499349750795E-05), (1118, 2.46004104472496E-05), (1119, 2.56944789693607E-05), (1120, 2.68338020158921E-05), (1121, 2.80200981116675E-05), (1122, 2.92551445412904E-05), (1123, 3.0540779100557E-05), (1124, 3.18789018905592E-05), (1125, 3.32714771551881E-05), (1126, 3.47205351627531E-05), (1127, 3.62281741324293E-05), (1128, 3.77965622062471E-05), (1129, 3.94279394673376E-05), (1130, 4.11246200051458E-05), (1131, 4.28889940283237E-05), (1132, 4.47235300260116E-05), (1133, 4.6630776978214E-05), (1134, 4.86133666159761E-05), (1135, 5.06740157320582E-05), (1136, 5.28155285428076E-05), (1137, 5.50407991019166E-05), (1138, 5.7352813766756E-05), (1139, 5.97546537179624E-05), (1140, 6.22494975329551E-05), (1141, 6.48406238140487E-05), (1142, 6.75314138718215E-05), (1143, 7.03253544643901E-05), (1144, 7.32260405932331E-05), (1145, 7.62371783561936E-05), (1146, 7.93625878582855E-05), (1147, 8.26062061809111E-05), (1148, 8.59720904100889E-05), (1149, 8.9464420724279E-05), (1150, 9.30875035423756E-05), (1151, 9.68457747324266E-05), (1152, 0.000100743802881622), (1153, 0.000104786292628076), (1154, 0.000108978088054923), (1155, 0.000113324176147199), (1156, 0.00011782969031201), (1157, 0.000122499913962419), (1158, 0.000127340284165501), (1159, 0.000132356395354973), (1160, 0.000137554003108792), (1161, 0.000142939027992097), (1162, 0.000148517559465828), (1163, 0.000154295859861354), (1164, 0.000160280368421403), (1165, 0.000166477705407557), (1166, 0.000172894676274564), (1167, 0.000179538275911672), (1168, 0.000186415692951172), (1169, 0.000193534314144301), (1170, 0.000200901728804639), (1171, 0.000208525733319067), (1172, 0.00021641433572637), (1173, 0.000224575760363489), (1174, 0.000233018452579416), (1175, 0.000241751083516689), (1176, 0.000250782554960383), (1177, 0.000260122004254502), (1178, 0.000269778809285583), (1179, 0.00027976259353332), (1180, 0.000290083231187971), (1181, 0.00030075085233424), (1182, 0.000311775848201334), (1183, 0.000323168876478798), (1184, 0.00033494086669772), (1185, 0.000347103025676842), (1186, 0.000359666843033062), (1187, 0.00037264409675577), (1188, 0.000386046858844415), (1189, 0.000399887501008634), (1190, 0.000414178700430245), (1191, 0.00042893344558634), (1192, 0.000444165042132665), (1193, 0.000459887118846425), (1194, 0.000476113633627586), (1195, 0.000492858879557711), (1196, 0.000510137491015285), (1197, 0.000527964449846452), (1198, 0.000546355091590018), (1199, 0.000565325111755503), (1200, 0.000584890572153), (1201, 0.000605067907273501), (1202, 0.000625873930718317), (1203, 0.000647325841676137), (1204, 0.000669441231446236), (1205, 0.000692238090006249), (1206, 0.000715734812622874), (1207, 0.000739950206503839), (1208, 0.000764903497489325), (1209, 0.000790614336781067), (1210, 0.000817102807707212), (1211, 0.000844389432520986), (1212, 0.000872495179231158), (1213, 0.00090144146846219), (1214, 0.000931250180341948), (1215, 0.000961943661414716), (1216, 0.00099354473157725), (1217, 0.00102607669103551), (1218, 0.0010595633272796), (1219, 0.00109402892207453), (1220, 0.00112949825846408), (1221, 0.0011659966277853), (1222, 0.00120354983669081), (1223, 0.00124218421417621), (1224, 0.00128192661860975), (1225, 0.00132280444476137), (1226, 0.00136484563082806), (1227, 0.00140807866545259), (1228, 0.00145253259473253), (1229, 0.0014982370292162), (1230, 0.00154522215088258), (1231, 0.0015935187201016), (1232, 0.00164315808257164), (1233, 0.00169417217623076), (1234, 0.00174659353813801), (1235, 0.00180045531132145), (1236, 0.00185579125158917), (1237, 0.00191263573429957), (1238, 0.00197102376108722), (1239, 0.00203099096654039), (1240, 0.00209257362482654), (1241, 0.00215580865626159), (1242, 0.00222073363381926), (1243, 0.00228738678957613), (1244, 0.00235580702108859), (1245, 0.00242603389769732), (1246, 0.00249810766675518), (1247, 0.00257206925977422), (1248, 0.0026479602984875), (1249, 0.00272582310082134), (1250, 0.00280570068677358), (1251, 0.00288763678419343), (1252, 0.00297167583445834), (1253, 0.00305786299804344), (1254, 0.00314624415997883), (1255, 0.00323686593519024), (1256, 0.00332977567371823), (1257, 0.00342502146581142), (1258, 0.00352265214688883), (1259, 0.00362271730236672), (1260, 0.00372526727234503), (1261, 0.00383035315614867), (1262, 0.00393802681671872), (1263, 0.00404834088484885), (1264, 0.00416134876326183), (1265, 0.00427710463052146), (1266, 0.00439566344477485), (1267, 0.00451708094732014), (1268, 0.0046414136659948), (1269, 0.00476871891837945), (1270, 0.00489905481481228), (1271, 0.00503248026120923), (1272, 0.00516905496168469), (1273, 0.00530883942096817), (1274, 0.00545189494661154), (1275, 0.00559828365098234), (1276, 0.00574806845303787), (1277, 0.00590131307987538), (1278, 0.00605808206805343), (1279, 0.00621844076467942), (1280, 0.00638245532825859), (1281, 0.00655019272929967), (1282, 0.00672172075067222), (1283, 0.00689710798771116), (1284, 0.00707642384806353), (1285, 0.00725973855127296), (1286, 0.00744712312809722), (1287, 0.00763864941955411), (1288, 0.00783439007569132), (1289, 0.00803441855407573), (1290, 0.00823880911799764), (1291, 0.00844763683438573), (1292, 0.00866097757142828), (1293, 0.00887890799589652), (1294, 0.00910150557016588), (1295, 0.00932884854893117), (1296, 0.00956101597561151), (1297, 0.00979808767844121), (1298, 0.0100401442662427), (1299, 0.0102872671238778), (1300, 0.0105395384073734), (1301, 0.0107970410387186), (1302, 0.0110598587003293), (1303, 0.0113280758291764), (1304, 0.0116017776105762), (1305, 0.0118810499716371), (1306, 0.0121659795743625), (1307, 0.0124566538084041), (1308, 0.0127531607834655), (1309, 0.013055589321351), (1310, 0.0133640289476588), (1311, 0.0136785698831151), (1312, 0.0139993030345476), (1313, 0.0143263199854954), (1314, 0.0146597129864536), (1315, 0.0149995749447512), (1316, 0.0153459994140599), (1317, 0.015699080583532), (1318, 0.0160589132665668), (1319, 0.0164255928892038), (1320, 0.0167992154781411), (1321, 0.0171798776483784), (1322, 0.0175676765904841), (1323, 0.0179627100574852), (1324, 0.0183650763513795), (1325, 0.0187748743092708), (1326, 0.0191922032891252), (1327, 0.0196171631551503), (1328, 0.0200498542627957), (1329, 0.0204903774433774), (1330, 0.0209388339883236), (1331, 0.0213953256330459), (1332, 0.0218599545404345), (1333, 0.0223328232839788), (1334, 0.0228140348305163), (1335, 0.0233036925226083), (1336, 0.0238019000605476), (1337, 0.0243087614839969), (1338, 0.0248243811532615), (1339, 0.0253488637301988), (1340, 0.0258823141587656), (1341, 0.0264248376452074), (1342, 0.0269765396378915), (1343, 0.0275375258067868), (1344, 0.0281079020225949), (1345, 0.0286877743355332), (1346, 0.0292772489537774), (1347, 0.0298764322215631), (1348, 0.0304854305969536), (1349, 0.0311043506292768), (1350, 0.0317332989362354), (1351, 0.0323723821806954), (1352, 0.0330217070471584), (1353, 0.0336813802179205), (1354, 0.034351508348926), (1355, 0.0350321980453183), (1356, 0.035723555836696), (1357, 0.0364256881520785), (1358, 0.0371387012945876), (1359, 0.037862701415851), (1360, 0.038597794490135), (1361, 0.0393440862882113), (1362, 0.0401016823509658), (1363, 0.0408706879627568), (1364, 0.0416512081245279), (1365, 0.0424433475266849), (1366, 0.0432472105217424), (1367, 0.0440629010967498), (1368, 0.044890522845502), (1369, 0.0457301789405452), (1370, 0.0465819721049849), (1371, 0.0474460045841036), (1372, 0.0483223781167988), (1373, 0.0492111939068482), (1374, 0.0501125525940117), (1375, 0.0510265542249789), (1376, 0.051953298224172), (1377, 0.0528928833644121), (1378, 0.0538454077374598), (1379, 0.0548109687244385), (1380, 0.0557896629661512), (1381, 0.0567815863332993), (1382, 0.0577868338966156), (1383, 0.0588054998969187), (1384, 0.0598376777151023), (1385, 0.0608834598420667), (1386, 0.0619429378486055), (1387, 0.0630162023552567), (1388, 0.0641033430021296), (1389, 0.0652044484187171), (1390, 0.0663196061937069), (1391, 0.0674489028447994), (1392, 0.0685924237885458), (1393, 0.0697502533102169), (1394, 0.0709224745337132), (1395, 0.0721091693915284), (1396, 0.073310418594778), (1397, 0.0745263016033027), (1398, 0.0757568965958612), (1399, 0.07700228044042), (1400, 0.0782625286645559), (1401, 0.0795377154259801), (1402, 0.0808279134831957), (1403, 0.0821331941663027), (1404, 0.0834536273479592), (1405, 0.0847892814145124), (1406, 0.0861402232373112), (1407, 0.0875065181442106), (1408, 0.0888882298912822), (1409, 0.0902854206347399), (1410, 0.0916981509030949), (1411, 0.0931264795695492), (1412, 0.0945704638246428), (1413, 0.0960301591491625), (1414, 0.0975056192873264), (1415, 0.0989968962202553), (1416, 0.100504040139742), (1417, 0.102027099422329), (1418, 0.103566120603711), (1419, 0.105121148353466), (1420, 0.106692225450131), (1421, 0.108279392756634), (1422, 0.109882689196094), (1423, 0.111502151727992), (1424, 0.113137815324736), (1425, 0.114789712948621), (1426, 0.116457875529206), (1427, 0.118142331941098), (1428, 0.119843108982182), (1429, 0.121560231352283), (1430, 0.123293721632279), (1431, 0.125043600263682), (1432, 0.126809885528684), (1433, 0.12859259353069), (1434, 0.130391738175338), (1435, 0.132207331152018), (1436, 0.134039381915909), (1437, 0.135887897670525), (1438, 0.137752883350797), (1439, 0.139634341606684), (1440, 0.141532272787341), (1441, 0.143446674925825), (1442, 0.145377543724381), (1443, 0.14732487254028), (1444, 0.149288652372251), (1445, 0.151268871847489), (1446, 0.153265517209257), (1447, 0.155278572305092), (1448, 0.157308018575612), (1449, 0.159353835043945), (1450, 0.161415998305773), (1451, 0.163494482520001), (1452, 0.165589259400062), (1453, 0.167700298205861), (1454, 0.169827565736359), (1455, 0.171971026322813), (1456, 0.17413064182266), (1457, 0.176306371614072), (1458, 0.178498172591163), (1459, 0.180705999159875), (1460, 0.182929803234524), (1461, 0.185169534235036), (1462, 0.187425139084845), (1463, 0.189696562209489), (1464, 0.191983745535878), (1465, 0.194286628492263), (1466, 0.196605148008881), (1467, 0.198939238519305), (1468, 0.201288831962477), (1469, 0.203653857785445), (1470, 0.206034242946794), (1471, 0.20842991192077), (1472, 0.210840786702111), (1473, 0.213266786811568), (1474, 0.215707829302133), (1475, 0.218163828765957), (1476, 0.220634697341975), (1477, 0.223120344724222), (1478, 0.225620678170844), (1479, 0.228135602513815), (1480, 0.23066502016933), (1481, 0.233208831148906), (1482, 0.235766933071162), (1483, 0.23833922117429), (1484, 0.240925588329204), (1485, 0.243525925053382), (1486, 0.246140119525371), (1487, 0.248768057599975), (1488, 0.251409622824112), (1489, 0.254064696453331), (1490, 0.256733157469001), (1491, 0.259414882596144), (1492, 0.262109746321928), (1493, 0.264817620914806), (1494, 0.267538376444289), (1495, 0.270271880801365), (1496, 0.273017999719534), (1497, 0.275776596796476), (1498, 0.27854753351633), (1499, 0.281330669272583), (1500, 0.284125861391562), (1501, 0.286932965156519), (1502, 0.289751833832306), (1503, 0.292582318690626), (1504, 0.295424269035856), (1505, 0.298277532231437), (1506, 0.301141953726814), (1507, 0.304017377084923), (1508, 0.306903644010216), (1509, 0.309800594377213), (1510, 0.312708066259574), (1511, 0.315625895959676), (1512, 0.318553918038695), (1513, 0.32149196534717), (1514, 0.324439869056052), (1515, 0.327397458688219), (1516, 0.330364562150452), (1517, 0.333341005765851), (1518, 0.336326614306697), (1519, 0.339321211027734), (1520, 0.342324617699867), (1521, 0.345336654644263), (1522, 0.348357140766842), (1523, 0.351385893593153), (1524, 0.35442272930361), (1525, 0.357467462769094), (1526, 0.360519907586889), (1527, 0.363579876116963), (1528, 0.366647179518552), (1529, 0.369721627787069), (1530, 0.372803029791299), (1531, 0.375891193310872), (1532, 0.378985925074018), (1533, 0.382087030795573), (1534, 0.385194315215225), (1535, 0.388307582135996), (1536, 0.391426634462949), (1537, 0.394551274242087), (1538, 0.397681302699453), (1539, 0.40081652028041), (1540, 0.403956726689083), (1541, 0.40710172092796), (1542, 0.410251301337622), (1543, 0.413405265636615), (1544, 0.416563410961421), (1545, 0.419725533906539), (1546, 0.422891430564647), (1547, 0.426060896566841), (1548, 0.429233727122933), (1549, 0.432409717061797), (1550, 0.435588660871749), (1551, 0.438770352740942), (1552, 0.441954586597782), (1553, 0.445141156151322), (1554, 0.448329854931652), (1555, 0.451520476330246), (1556, 0.454712813640272), (1557, 0.45790666009684), (1558, 0.461101808917183), (1559, 0.464298053340751), (1560, 0.467495186669212), (1561, 0.470693002306347), (1562, 0.473891293797814), (1563, 0.477089854870791), (1564, 0.480288479473464), (1565, 0.483486961814364), (1566, 0.486685096401525), (1567, 0.489882678081472), (1568, 0.493079502078001), (1569, 0.496275364030766), (1570, 0.499470060033637), (1571, 0.502663386672842), (1572, 0.505855141064855), (1573, 0.50904512089404), (1574, 0.512233124450035), (1575, 0.515418950664855), (1576, 0.518602399149712), (1577, 0.521783270231549), (1578, 0.524961364989255), (1579, 0.528136485289573), (1580, 0.53130843382268), (1581, 0.534477014137432), (1582, 0.53764203067626), (1583, 0.540803288809715), (1584, 0.543960594870644), (1585, 0.547113756187996), (1586, 0.550262581120246), (1587, 0.553406879088419), (1588, 0.556546460608723), (1589, 0.559681137324769), (1590, 0.562810722039374), (1591, 0.565935028745936), (1592, 0.569053872659385), (1593, 0.572167070246681), (1594, 0.575274439256873), (1595, 0.5783757987507), (1596, 0.581470969129727), (1597, 0.584559772165016), (1598, 0.587642031025319), (1599, 0.590717570304788), (1600, 0.593786216050202), (1601, 0.596847795787688), (1602, 0.599902138548958), (1603, 0.60294907489703), (1604, 0.605988436951438), (1605, 0.609020058412934), (1606, 0.612043774587662), (1607, 0.615059422410812), (1608, 0.618066840469741), (1609, 0.621065869026563), (1610, 0.624056350040202), (1611, 0.627038127187902), (1612, 0.630011045886192), (1613, 0.632974953311307), (1614, 0.635929698419057), (1615, 0.638875131964138), (1616, 0.641811106518891), (1617, 0.644737476491508), (1618, 0.647654098143664), (1619, 0.650560829607601), (1620, 0.653457530902639), (1621, 0.656344063951125), (1622, 0.659220292593813), (1623, 0.662086082604682), (1624, 0.664941301705181), (1625, 0.667785819577904), (1626, 0.6706195078797), (1627, 0.673442240254213), (1628, 0.676253892343848), (1629, 0.679054341801177), (1630, 0.681843468299764), (1631, 0.684621153544437), (1632, 0.687387281280982), (1633, 0.690141737305273), (1634, 0.692884409471845), (1635, 0.695615187701895), (1636, 0.698333963990727), (1637, 0.701040632414637), (1638, 0.703735089137237), (1639, 0.706417232415234), (1640, 0.709086962603643), (1641, 0.711744182160464), (1642, 0.714388795650798), (1643, 0.717020709750433), (1644, 0.719639833248879), (1645, 0.722246077051871), (1646, 0.724839354183334), (1647, 0.727419579786824), (1648, 0.729986671126436), (1649, 0.73254054758719), (1650, 0.735081130674906), (1651, 0.737608344015558), (1652, 0.74012211335412), (1653, 0.742622366552909), (1654, 0.745109033589425), (1655, 0.7475820465537), (1656, 0.75004133964515), (1657, 0.75248684916895), (1658, 0.754918513531924), (1659, 0.757336273237962), (1660, 0.759740070882965), (1661, 0.762129851149334), (1662, 0.764505560799994), (1663, 0.766867148671973), (1664, 0.769214565669525), (1665, 0.77154776475683), (1666, 0.773866700950241), (1667, 0.77617133131012), (1668, 0.778461614932246), (1669, 0.780737512938806), (1670, 0.782998988468988), (1671, 0.785246006669159), (1672, 0.787478534682665), (1673, 0.789696541639225), (1674, 0.79189999864396), (1675, 0.794088878766043), (1676, 0.796263157026975), (1677, 0.798422810388509), (1678, 0.800567817740222), (1679, 0.802698159886736), (1680, 0.8048138195346), (1681, 0.806914781278852), (1682, 0.809001031589239), (1683, 0.811072558796135), (1684, 0.813129353076145), (1685, 0.815171406437407), (1686, 0.817198712704596), (1687, 0.819211267503648), (1688, 0.821209068246199), (1689, 0.823192114113756), (1690, 0.825160406041595), (1691, 0.827113946702418), (1692, 0.829052740489739), (1693, 0.830976793501049), (1694, 0.832886113520732), (1695, 0.83478071000276), (1696, 0.836660594053166), (1697, 0.838525778412308), (1698, 0.84037627743693), (1699, 0.842212107082016), (1700, 0.844033284882466), (1701, 0.845839829934585), (1702, 0.847631762877399), (1703, 0.8494091058738), (1704, 0.851171882591534), (1705, 0.852920118184039), (1706, 0.854653839271133), (1707, 0.856373073919567), (1708, 0.858077851623445), (1709, 0.859768203284526), (1710, 0.861444161192402), (1711, 0.863105759004573), (1712, 0.864753031726417), (1713, 0.866386015691065), (1714, 0.868004748539191), (1715, 0.869609269198715), (1716, 0.871199617864437), (1717, 0.872775835977601), (1718, 0.8743379662054), (1719, 0.875886052420423), (1720, 0.877420139680057), (1721, 0.878940274205852), (1722, 0.880446503362844), (1723, 0.881938875638853), (1724, 0.883417440623764), (1725, 0.884882248988782), (1726, 0.886333352465689), (1727, 0.887770803826091), (1728, 0.889194656860671), (1729, 0.890604966358444), (1730, 0.892001788086041), (1731, 0.893385178766996), (1732, 0.894755196061073), (1733, 0.896111898543619), (1734, 0.897455345684951), (1735, 0.898785597829795), (1736, 0.900102716176766), (1737, 0.901406762757901), (1738, 0.902697800418256), (1739, 0.903975892795563), (1740, 0.905241104299956), (1741, 0.906493500093772), (1742, 0.90773314607143), (1743, 0.90896010883939), (1744, 0.910174455696208), (1745, 0.911376254612677), (1746, 0.912565574212061), (1747, 0.913742483750444), (1748, 0.914907053097171), (1749, 0.916059352715403), (1750, 0.917199453642791), (1751, 0.918327427472259), (1752, 0.919443346332917), (1753, 0.920547282871092), (1754, 0.921639310231494), (1755, 0.92271950203851), (1756, 0.92378793237764), (1757, 0.924844675777065), (1758, 0.925889807189367), (1759, 0.926923401973385), (1760, 0.927945535876229), (1761, 0.928956285015441), (1762, 0.929955725861315), (1763, 0.930943935219371), (1764, 0.931920990212991), (1765, 0.932886968266222), (1766, 0.933841947086739), (1767, 0.934786004648981), (1768, 0.935719219177457), (1769, 0.936641669130221), (1770, 0.937553433182528), (1771, 0.938454590210663), (1772, 0.939345219275954), (1773, 0.940225399608958), (1774, 0.941095210593835), (1775, 0.941954731752915), (1776, 0.94280404273143), (1777, 0.943643223282457), (1778, 0.944472353252035), (1779, 0.945291512564478), (1780, 0.946100781207883), (1781, 0.946900239219822), (1782, 0.947689966673239), (1783, 0.948470043662534), (1784, 0.949240550289851), (1785, 0.950001566651553), (1786, 0.950753172824905), (1787, 0.951495448854949), (1788, 0.952228474741584), (1789, 0.952952330426838), (1790, 0.953667095782348), (1791, 0.954372850597037), (1792, 0.955069674564993), (1793, 0.955757647273547), (1794, 0.956436848191558), (1795, 0.957107356657893), (1796, 0.957769251870116), (1797, 0.95842261287337), (1798, 0.95906751854947), (1799, 0.95970404760619), (1800, 0.960332278566755), (1801, 0.960952289759532), (1802, 0.961564159307928), (1803, 0.962167965120476), (1804, 0.962763784881133), (1805, 0.96335169603977), (1806, 0.963931775802865), (1807, 0.96450410112439), (1808, 0.965068748696899), (1809, 0.965625794942812), (1810, 0.966175316005892), (1811, 0.966717387742921), (1812, 0.967252085715568), (1813, 0.967779485182451), (1814, 0.968299661091389), (1815, 0.968812688071852), (1816, 0.969318640427589), (1817, 0.969817592129459), (1818, 0.97030961680844), (1819, 0.970794787748827), (1820, 0.971273177881617), (1821, 0.971744859778081), (1822, 0.972209905643506), (1823, 0.972668387311137), (1824, 0.973120376236285), (1825, 0.973565943490616), (1826, 0.974005159756623), (1827, 0.974438095322269), (1828, 0.974864820075801), (1829, 0.975285403500747), (1830, 0.975699914671071), (1831, 0.976108422246507), (1832, 0.976510994468055), (1833, 0.976907699153651), (1834, 0.977298603693986), (1835, 0.977683775048506), (1836, 0.97806327974156), (1837, 0.97843718385871), (1838, 0.978805553043203), (1839, 0.979168452492594), (1840, 0.979525946955522), (1841, 0.97987810072864), (1842, 0.980224977653698), (1843, 0.980566641114767), (1844, 0.980903154035613), (1845, 0.981234578877221), (1846, 0.981560977635448), (1847, 0.981882411838832), (1848, 0.982198942546527), (1849, 0.982510630346385), (1850, 0.982817535353162), (1851, 0.983119717206869), (1852, 0.983417235071243), (1853, 0.983710147632353), (1854, 0.983998513097333), (1855, 0.984282389193236), (1856, 0.984561833166015), (1857, 0.984836901779623), (1858, 0.985107651315235), (1859, 0.98537413757058), (1860, 0.985636415859398), (1861, 0.985894541011001), (1862, 0.986148567369953), (1863, 0.986398548795853), (1864, 0.986644538663225), (1865, 0.986886589861524), (1866, 0.987124754795227), (1867, 0.987359085384045), (1868, 0.987589633063218), (1869, 0.987816448783917), (1870, 0.988039583013739), (1871, 0.988259085737294), (1872, 0.988475006456889), (1873, 0.988687394193293), (1874, 0.988896297486595), (1875, 0.98910176439715), (1876, 0.989303842506606), (1877, 0.989502578919013), (1878, 0.989698020262012), (1879, 0.989890212688103), (1880, 0.990079201875994), (1881, 0.990265033032016), (1882, 0.990447750891618), (1883, 0.990627399720928), (1884, 0.990804023318392), (1885, 0.990977665016468), (1886, 0.991148367683395), (1887, 0.991316173725025), (1888, 0.991481125086712), (1889, 0.991643263255271), (1890, 0.991802629260982), (1891, 0.991959263679667), (1892, 0.992113206634812), (1893, 0.992264497799746), (1894, 0.992413176399868), (1895, 0.992559281214936), (1896, 0.992702850581393), (1897, 0.992843922394744), (1898, 0.992982534111984), (1899, 0.993118722754061), (1900, 0.993252524908391), (1901, 0.993383976731409), (1902, 0.99351311395116), (1903, 0.993639971869928), (1904, 0.993764585366908), (1905, 0.993886988900902), (1906, 0.994007216513058), (1907, 0.994125301829642), (1908, 0.994241278064831), (1909, 0.994355178023548), (1910, 0.99446703410432), (1911, 0.994576878302161), (1912, 0.994684742211484), (1913, 0.994790657029038), (1914, 0.994894653556865), (1915, 0.994996762205283), (1916, 0.995097012995885), (1917, 0.995195435564564), (1918, 0.995292059164549), (1919, 0.995386912669465), (1920, 0.995480024576404), (1921, 0.995571423009015), (1922, 0.995661135720603), (1923, 0.995749190097248), (1924, 0.995835613160926), (1925, 0.99592043157265), (1926, 0.996003671635614), (1927, 0.996085359298352), (1928, 0.996165520157894), (1929, 0.996244179462942), (1930, 0.99632136211704), (1931, 0.99639709268176), (1932, 0.996471395379878), (1933, 0.996544294098564), (1934, 0.996615812392572), (1935, 0.996685973487429), (1936, 0.996754800282621), (1937, 0.996822315354788), (1938, 0.996888540960911), (1939, 0.996953499041494), (1940, 0.997017211223754), (1941, 0.997079698824794), (1942, 0.997140982854783), (1943, 0.997201084020127), (1944, 0.997260022726628), (1945, 0.997317819082648), (1946, 0.997374492902257), (1947, 0.997430063708379), (1948, 0.997484550735924), (1949, 0.997537972934914), (1950, 0.997590348973605), (1951, 0.997641697241585), (1952, 0.997692035852877), (1953, 0.997741382649019), (1954, 0.997789755202139), (1955, 0.997837170818012), (1956, 0.997883646539113), (1957, 0.997929199147646), (1958, 0.997973845168566), (1959, 0.998017600872588), (1960, 0.998060482279175), (1961, 0.998102505159516), (1962, 0.998143685039486), (1963, 0.998184037202595), (1964, 0.998223576692912), (1965, 0.998262318317978), (1966, 0.998300276651707), (1967, 0.998337466037254), (1968, 0.998373900589885), (1969, 0.998409594199813), (1970, 0.998444560535025), (1971, 0.998478813044087), (1972, 0.998512364958928), (1973, 0.998545229297613), (1974, 0.998577418867084), (1975, 0.998608946265895), (1976, 0.998639823886916), (1977, 0.998670063920026), (1978, 0.998699678354775), (1979, 0.99872867898304), (1980, 0.998757077401643), (1981, 0.998784885014966), (1982, 0.998812113037531), (1983, 0.998838772496566), (1984, 0.998864874234546), (1985, 0.998890428911719), (1986, 0.9989154470086), (1987, 0.998939938828455), (1988, 0.998963914499753), (1989, 0.998987383978602), (1990, 0.999010357051164), (1991, 0.999032843336041), (1992, 0.999054852286648), (1993, 0.999076393193555), (1994, 0.999097475186816), (1995, 0.999118107238266), (1996, 0.999138298163803), (1997, 0.999158056625646), (1998, 0.999177391134565), (1999, 0.999196310052099), (2000, 0.999214821592742), (2001, 0.999232933826114), (2002, 0.999250654679102), (2003, 0.999267991937985), (2004, 0.999284953250533), (2005, 0.999301546128087), (2006, 0.999317777947614), (2007, 0.999333655953737), (2008, 0.999349187260752), (2009, 0.999364378854609), (2010, 0.999379237594889), (2011, 0.999393770216738), (2012, 0.999407983332795), (2013, 0.999421883435094), (2014, 0.999435476896939), (2015, 0.999448769974761), (2016, 0.999461768809956), (2017, 0.999474479430696), (2018, 0.999486907753721), (2019, 0.99949905958611), (2020, 0.999510940627031), (2021, 0.999522556469466), (2022, 0.999533912601918), (2023, 0.999545014410101), (2024, 0.999555867178596), (2025, 0.999566476092504), (2026, 0.999576846239062), (2027, 0.999586982609246), (2028, 0.999596890099358), (2029, 0.999606573512582), (2030, 0.999616037560527), (2031, 0.999625286864748), (2032, 0.999634325958249), (2033, 0.999643159286962), (2034, 0.99965179121121), (2035, 0.999660226007146), (2036, 0.999668467868183), (2037, 0.999676520906389), (2038, 0.999684389153878), (2039, 0.999692076564172), (2040, 0.999699587013547), (2041, 0.999706924302365), (2042, 0.99971409215638), (2043, 0.999721094228029), (2044, 0.999727934097708), (2045, 0.999734615275024), (2046, 0.999741141200033), (2047, 0.999747515244461), (2048, 0.999753740712903), (2049, 0.999759820844008), (2050, 0.999765758811651), (2051, 0.999771557726074), (2052, 0.999777220635029), (2053, 0.999782750524887), (2054, 0.999788150321742), (2055, 0.999793422892494), (2056, 0.999798571045916), (2057, 0.999803597533704), (2058, 0.999808505051513), (2059, 0.999813296239979), (2060, 0.999817973685721), (2061, 0.999822539922327), (2062, 0.999826997431333), (2063, 0.999831348643177), (2064, 0.999835595938144), (2065, 0.999839741647294), (2066, 0.999843788053377), (2067, 0.999847737391733), (2068, 0.999851591851175), (2069, 0.999855353574863), (2070, 0.999859024661159), (2071, 0.999862607164475), (2072, 0.999866103096097), (2073, 0.999869514425006), (2074, 0.999872843078681), (2075, 0.999876090943886), (2076, 0.999879259867454), (2077, 0.999882351657043), (2078, 0.999885368081896), (2079, 0.999888310873573), (2080, 0.999891181726686), (2081, 0.999893982299608), (2082, 0.999896714215179), (2083, 0.999899379061395), (2084, 0.99990197839209), (2085, 0.999904513727604), (2086, 0.999906986555437), (2087, 0.999909398330896), (2088, 0.99991175047773), (2089, 0.999914044388753), (2090, 0.999916281426456), (2091, 0.99991846292361), (2092, 0.999920590183857), (2093, 0.999922664482292), (2094, 0.999924687066031), (2095, 0.999926659154778), (2096, 0.99992858194137), (2097, 0.999930456592322), (2098, 0.999932284248358), (2099, 0.999934066024931), (2100, 0.99993580301274), (2101, 0.99993749627823), (2102, 0.999939146864089), (2103, 0.999940755789734), (2104, 0.999942324051785), (2105, 0.999943852624534), (2106, 0.99994534246041), (2107, 0.99994679449042), (2108, 0.999948209624604), (2109, 0.999949588752459), (2110, 0.999950932743373), (2111, 0.999952242447041), (2112, 0.999953518693875), (2113, 0.999954762295411), (2114, 0.999955974044702), (2115, 0.999957154716706), (2116, 0.99995830506867), (2117, 0.999959425840501), (2118, 0.999960517755134), (2119, 0.999961581518893), (2120, 0.999962617821842), (2121, 0.999963627338133), (2122, 0.999964610726344), (2123, 0.999965568629812), (2124, 0.999966501676963), (2125, 0.999967410481629), (2126, 0.999968295643363), (2127, 0.999969157747746), (2128, 0.999969997366692), (2129, 0.999970815058743), (2130, 0.999971611369356), (2131, 0.999972386831193), (2132, 0.999973141964395), (2133, 0.99997387727686), (2134, 0.999974593264508), (2135, 0.999975290411544), (2136, 0.999975969190717), (2137, 0.999976630063572), (2138, 0.999977273480697), (2139, 0.999977899881964), (2140, 0.999978509696767), (2141, 0.999979103344258), (2142, 0.999979681233571), (2143, 0.999980243764045), (2144, 0.999980791325449), (2145, 0.999981324298186), (2146, 0.999981843053512), (2147, 0.999982347953739), (2148, 0.999982839352433), (2149, 0.999983317594615), (2150, 0.999983783016956) }
  Time:        14.4 s

  + State elimination
    States:      43179
    Transitions: 43179
    Branches:    722958
    Time:        13.3 s

  + Value iteration
    Time: 1.2 s
