Peak memory usage: 2965 MB
Analysis results for abstractArbiter7_reduced_v2.modest

+ State space exploration
  Min. state size: 112 bytes
  States:          2376970
  Transitions:     2376970
  Branches:        2942749
  Rate:            161260 states/s
  Time:            15.9 s

+ Property p1
  Probability: 0.999981460944012
  Bounds:      [0.999981460944012, 0.999981460944012]
  CDF:         { (0, 0), ..., (198, 0), (199, 1.41741854995388E-191), (200, 2.21904748542779E-189), (201, 1.7477792791829E-187), (202, 9.23378444936918E-186), (203, 3.68113444315199E-184), (204, 1.18114843812997E-182), (205, 3.17731618363186E-181), (206, 7.37000415552606E-180), (207, 1.50475274887976E-178), (208, 2.74711107155449E-177), (209, 4.54025554822531E-176), (210, 6.86162034091278E-175), (211, 9.56101908038961E-174), (212, 1.23687016818041E-172), (213, 1.49433832975577E-171), (214, 1.69467070225579E-170), (215, 1.8119789750646E-169), (216, 1.83374005608338E-168), (217, 1.76250455238906E-167), (218, 1.61383433054159E-166), (219, 1.41160965905713E-165), (220, 1.18241670465312E-164), (221, 9.50602653835234E-164), (222, 7.34995628670052E-163), (223, 5.47565609611846E-162), (224, 3.93726538875778E-161), (225, 2.73679777917409E-160), (226, 1.84166332183845E-159), (227, 1.20138073103824E-158), (228, 7.6066888333874E-158), (229, 4.68014624343776E-157), (230, 2.80118918913847E-156), (231, 1.63261819940401E-155), (232, 9.27466490890751E-155), (233, 5.14008430181056E-154), (234, 2.78140791029254E-153), (235, 1.47070142431956E-152), (236, 7.60454726918874E-152), (237, 3.84784097505042E-151), (238, 1.90653715931233E-150), (239, 9.25618934097424E-150), (240, 4.40593796252705E-149), (241, 2.05736402194146E-148), (242, 9.42943975239189E-148), (243, 4.2441114726359E-147), (244, 1.87684117362202E-146), (245, 8.15853268427084E-146), (246, 3.48766861784998E-145), (247, 1.4668417883317E-144), (248, 6.07203848063948E-144), (249, 2.47491162776215E-143), (250, 9.9362499790607E-143), (251, 3.93079139065358E-142), (252, 1.53279097057085E-141), (253, 5.89353932980331E-141), (254, 2.23511070383235E-140), (255, 8.36345064758836E-140), (256, 3.0886207347779E-139), (257, 1.12605752983651E-138), (258, 4.05408913909838E-138), (259, 1.44171122245292E-137), (260, 5.06555517144771E-137), (261, 1.75892483536596E-136), (262, 6.03730332679482E-136), (263, 2.04887160142365E-135), (264, 6.87637822604395E-135), (265, 2.28282234514424E-134), (266, 7.49795593664209E-134), (267, 2.43702650543761E-133), (268, 7.83988447136409E-133), (269, 2.49674350979158E-132), (270, 7.87287497419897E-132), (271, 2.4584752183431E-131), (272, 7.60408501533229E-131), (273, 2.32996891454888E-130), (274, 7.07369929072908E-130), (275, 2.12816649988314E-129), (276, 6.3459178131251E-129), (277, 1.87576545426355E-128), (278, 5.49694626870628E-128), (279, 1.59729528321141E-127), (280, 4.60288275352621E-127), (281, 1.3155708107126E-126), (282, 3.72988331358251E-126), (283, 1.04912821087139E-125), (284, 2.92798172971421E-125), (285, 8.10900247833247E-125), (286, 2.22883154115426E-124), (287, 6.08062168437126E-124), (288, 1.64675351395102E-123), (289, 4.42758435810715E-123), (290, 1.18197780692701E-122), (291, 3.13329668331803E-122), (292, 8.24874436583617E-122), (293, 2.15680890520445E-121), (294, 5.60164200650361E-121), (295, 1.44524101540943E-120), (296, 3.70447694086961E-120), (297, 9.43440973583884E-120), (298, 2.38749482206121E-119), (299, 6.00409837788712E-119), (300, 1.50060979555437E-118), (301, 3.72767916092774E-118), (302, 9.20439866339972E-118), (303, 2.25929572076333E-117), (304, 5.51322081276991E-117), (305, 1.33759770181197E-116), (306, 3.22675462011396E-116), (307, 7.74031215438399E-116), (308, 1.84643606788586E-115), (309, 4.38050178956136E-115), (310, 1.03361105137544E-114), (311, 2.42584713479424E-114), (312, 5.66332451383562E-114), (313, 1.3152531747823E-113), (314, 3.03881859268097E-113), (315, 6.98529534024582E-113), (316, 1.59762890268001E-112), (317, 3.63583554836469E-112), (318, 8.2337048888447E-112), (319, 1.85555649101522E-111), (320, 4.16164939867109E-111), (321, 9.28952219533292E-111), (322, 2.06386624811969E-110), (323, 4.56408034705874E-110), (324, 1.00468849132559E-109), (325, 2.20160006673829E-109), (326, 4.80282020928153E-109), (327, 1.04310199707928E-108), (328, 2.25554263819554E-108), (329, 4.85612681637949E-108), (330, 1.04103239964603E-107), (331, 2.22225504225672E-107), (332, 4.72387955850653E-107), (333, 9.99996523379261E-107), (334, 2.10820135817462E-106), (335, 4.42647949640193E-106), (336, 9.25669863146871E-106), (337, 1.92807230007054E-105), (338, 4.00016542366039E-105), (339, 8.26680442267657E-105), (340, 1.70184417629393E-104), (341, 3.49012838885388E-104), (342, 7.13048849181404E-104), (343, 1.4513426352706E-103), (344, 2.9431315385258E-103), (345, 5.946404428713E-103), (346, 1.19707129585344E-102), (347, 2.4011644277233E-102), (348, 4.79927196143638E-102), (349, 9.5586251125068E-102), (350, 1.89712919266133E-101), (351, 3.75227250865504E-101), (352, 7.39608986049312E-101), (353, 1.45289580724263E-100), (354, 2.8444950030122E-100), (355, 5.55044771180204E-100), (356, 1.07948475166839E-99), (357, 2.09258922889845E-99), (358, 4.04337073172864E-99), (359, 7.78768148967329E-99), (360, 1.49517004790184E-98), (361, 2.86156326555738E-98), (362, 5.45957528009424E-98), (363, 1.03841109401394E-97), (364, 1.96900478904204E-97), (365, 3.72222899114275E-97), (366, 7.01536008760068E-97), (367, 1.31825356334075E-96), (368, 2.46979796017667E-96), (369, 4.61369215617329E-96), (370, 8.59352969782199E-96), (371, 1.59603075059999E-95), (372, 2.95575479807859E-95), (373, 5.45837859928739E-95), (374, 1.00516532062465E-94), (375, 1.84586642951811E-94), (376, 3.38035403990782E-94), (377, 6.17352655239388E-94), (378, 1.12440717611497E-93), (379, 2.04240969914087E-93), (380, 3.69999187607136E-93), (381, 6.68508426293248E-93), (382, 1.2046770729679E-92), (383, 2.16521667308915E-92), (384, 3.88157725248262E-92), (385, 6.94065309122373E-92), (386, 1.23790306581663E-91), (387, 2.20229750690771E-91), (388, 3.90820309724114E-91), (389, 6.91828872428472E-91), (390, 1.22165671467448E-90), (391, 2.15197417602121E-90), (392, 3.78155661058546E-90), (393, 6.6291531676986E-90), (394, 1.15933116925447E-89), (395, 2.02267915535276E-89), (396, 3.52066281544744E-89), (397, 6.11374950437228E-89), (398, 1.05921556028495E-88), (399, 1.83088980876051E-88), (400, 3.15753923138159E-88), (401, 5.4331470060866E-88), (402, 9.3277668485193E-88), (403, 1.59784526534791E-87), (404, 2.73105075610568E-87), (405, 4.6576832924061E-87), (406, 7.92615033775121E-87), (407, 1.34590305717857E-86), (408, 2.28050617666967E-86), (409, 3.85586235976058E-86), (410, 6.50565921473362E-86), (411, 1.09533574104885E-85), (412, 1.84033099261765E-85), (413, 3.08563000820513E-85), (414, 5.1629439624585E-85), (415, 8.62110587023814E-85), (416, 1.43663629186828E-84), (417, 2.38921476085293E-84), (418, 3.96546564352041E-84), (419, 6.56855617504642E-84), (420, 1.08589637128011E-83), (421, 1.7916597152172E-83), (422, 2.95037515489317E-83), (423, 4.84907991427164E-83), (424, 7.95440288679895E-83), (425, 1.30234985430841E-82), (426, 2.12826264427919E-82), (427, 3.47140935395663E-82), (428, 5.65164668915146E-82), (429, 9.18413388519592E-82), (430, 1.48970692779279E-81), (431, 2.41194968545648E-81), (432, 3.89803483859688E-81), (433, 6.28837583841359E-81), (434, 1.01263223506746E-80), (435, 1.62776092372797E-80), (436, 2.61192184716993E-80), (437, 4.18374736126938E-80), (438, 6.68977348322929E-80), (439, 1.06783213332785E-79), (440, 1.7015512878549E-79), (441, 2.70671427583089E-79), (442, 4.29833114887761E-79), (443, 6.81431406968853E-79), (444, 1.07848453443331E-78), (445, 1.7040401916749E-78), (446, 2.68797034846193E-78), (447, 4.23304013990811E-78), (448, 6.65530670609232E-78), (449, 1.04466247430738E-77), (450, 1.63712017730767E-77), (451, 2.56145155250103E-77), (452, 4.00126281995964E-77), (453, 6.24047498996556E-77), (454, 9.71744515417323E-77), (455, 1.51079186796846E-76), (456, 2.34519756580296E-76), (457, 3.63480079133292E-76), (458, 5.62486708168043E-76), (459, 8.69117381938872E-76), (460, 1.34085908818674E-75), (461, 2.06552450381066E-75), (462, 3.17704969299479E-75), (463, 4.87941784107689E-75), (464, 7.48283592287613E-75), (465, 1.14583603255988E-74), (466, 1.75202606165047E-74), (467, 2.67500281077471E-74), (468, 4.07828190372302E-74), (469, 6.2087368368568E-74), (470, 9.43856412194135E-74), (471, 1.43281098435431E-73), (472, 2.17197968907385E-73), (473, 3.28783536846065E-73), (474, 4.96998800535922E-73), (475, 7.50231144937855E-73), (476, 1.13092231967179E-72), (477, 1.70244007364057E-72), (478, 2.55926742627456E-72), (479, 3.84209108884977E-72), (480, 5.76011484606214E-72), (481, 8.62401378539684E-72), (482, 1.28945396773822E-71), (483, 1.92541168763848E-71), (484, 2.87121659413203E-71), (485, 4.27598428433353E-71), (486, 6.35970855908383E-71), (487, 9.44653296479627E-71), (488, 1.40134449752347E-70), (489, 2.07614514929655E-70), (490, 3.07194838233698E-70), (491, 4.53958923876839E-70), (492, 6.69990525212854E-70), (493, 9.87582112077179E-70), (494, 1.45389547794349E-69), (495, 2.13772341728855E-69), (496, 3.1392877007889E-69), (497, 4.6044195582118E-69), (498, 6.74505814257728E-69), (499, 9.86884632755129E-69), (500, 1.44218102706907E-68), (501, 2.10498337487059E-68), (502, 3.0687099311915E-68), (503, 4.46831762306293E-68), (504, 6.4985429555802E-68), (505, 9.44005270501413E-68), (506, 1.3696890950539E-67), (507, 1.98500404364717E-67), (508, 2.87339449493586E-67), (509, 4.15457112935966E-67), (510, 6.0000770466179E-67), (511, 8.65545137147331E-67), (512, 1.24717512241114E-66), (513, 1.7950333527835E-66), (514, 2.58064038582593E-66), (515, 3.70590976148876E-66), (516, 5.31590307863108E-66), (517, 7.61687085515954E-66), (518, 1.09017418887081E-65), (519, 1.55860974083255E-65), (520, 2.22588881802134E-65), (521, 3.17538599585951E-65), (522, 4.52500355333797E-65), (523, 6.44129240077724E-65), (524, 9.15927554387089E-65), (525, 1.30102477575223E-64), (526, 1.84607200693758E-64), (527, 2.61669202656167E-64), (528, 3.70509842423389E-64), (529, 5.24073613854315E-64), (530, 7.40512632891598E-64), (531, 1.04525557067038E-63), (532, 1.47388820560864E-63), (533, 2.0761599353789E-63), (534, 2.92155077034365E-63), (535, 4.1069988624102E-63), (536, 5.76761639675149E-63), (537, 8.09153478420117E-63), (538, 1.1340450091445E-62), (539, 1.5878029597448E-62), (540, 2.22091489849447E-62), (541, 3.10340369503124E-62), (542, 4.33229187966072E-62), (543, 6.04188208622828E-62), (544, 8.41790244664526E-62), (545, 1.17169514238661E-61), (546, 1.62932021135508E-61), (547, 2.26350416159367E-61), (548, 3.14152944828485E-61), (549, 4.35600021549721E-61), (550, 6.03425265565944E-61), (551, 8.35121827341492E-61), (552, 1.15469907954987E-60), (553, 1.59507946592547E-60), (554, 2.20136579994106E-60), (555, 3.03529107783655E-60), (556, 4.18127329861017E-60), (557, 5.75464677580549E-60), (558, 7.91284227117281E-60), (559, 1.08705587851953E-59), (560, 1.49203338434633E-59), (561, 2.04604085091941E-59), (562, 2.80324407484103E-59), (563, 3.83725030832271E-59), (564, 5.24799836148372E-59), (565, 7.17105946902788E-59), (566, 9.79018155253288E-59), (567, 1.33541933365452E-58), (568, 1.81997640785256E-58), (569, 2.47820211369415E-58), (570, 3.37157032906897E-58), (571, 4.58304284237303E-58), (572, 6.22448538306087E-58), (573, 8.44661038716603E-58), (574, 1.14522962521783E-57), (575, 1.55144148718359E-57), (576, 2.09996736459315E-57), (577, 2.8400474778395E-57), (578, 3.83774528662426E-57), (579, 5.18162234022682E-57), (580, 6.9903028144406E-57), (581, 9.42254881689061E-57), (582, 1.26906689897796E-56), (583, 1.70783488561344E-56), (584, 2.2964342096604E-56), (585, 3.08539242014955E-56), (586, 4.1420618694666E-56), (587, 5.55615071705409E-56), (588, 7.44704876432792E-56), (589, 9.97352295143096E-56), (590, 1.33465390154846E-55), (591, 1.78462041253769E-55), (592, 2.38441376933164E-55), (593, 3.18329867273773E-55), (594, 4.2465337607656E-55), (595, 5.66049765309048E-55), (596, 7.53943661270893E-55), (597, 1.00343400946878E-54), (598, 1.33446064105966E-54), (599, 1.77333640931972E-54), (600, 2.3547579507267E-54), (601, 3.12444262272236E-54), (602, 4.1425840523075E-54), (603, 5.4883770796052E-54), (604, 7.26593868447111E-54), (605, 9.61204989156781E-54), (606, 1.27062713076318E-53), (607, 1.67841504293779E-53), (608, 2.21544532261093E-53), (609, 2.92216299877537E-53), (610, 3.85150843675242E-53), (611, 5.07272785186573E-53), (612, 6.676330653766E-53), (613, 8.78053420183766E-53), (614, 1.15396363372848E-52), (615, 1.51548846800584E-52), (616, 1.98885773574696E-52), (617, 2.60823430943696E-52), (618, 3.41808229196725E-52), (619, 4.47623283719256E-52), (620, 5.85785040584986E-52), (621, 7.66056038964867E-52), (622, 1.00110736286455E-51), (623, 1.30737389705089E-51), (624, 1.70615775221849E-51), (625, 2.22505090747418E-51), (626, 2.89976818264738E-51), (627, 3.77650730573907E-51), (628, 4.91498561675267E-51), (629, 6.39234479847828E-51), (630, 8.30816842419786E-51), (631, 1.07909252048405E-50), (632, 1.40062375901122E-50), (633, 1.81674858819097E-50), (634, 2.35493986533426E-50), (635, 3.05054591334248E-50), (636, 3.94901845631167E-50), (637, 5.10876243073423E-50), (638, 6.60477890865043E-50), (639, 8.53331887343591E-50), (640, 1.10178245471476E-49), (641, 1.42165096685303E-49), (642, 1.83320247065912E-49), (643, 2.36237726848065E-49), (644, 3.04235926541581E-49), (645, 3.91557191518752E-49), (646, 5.03621676039505E-49), (647, 6.47350006228016E-49), (648, 8.31573149015531E-49), (649, 1.06755273473049E-48), (650, 1.36964119267722E-48), (651, 1.75611875483354E-48), (652, 2.25025406745404E-48), (653, 2.88164733053581E-48), (654, 3.68793019462255E-48), (655, 4.71691587577007E-48), (656, 6.0293170929188E-48), (657, 7.70217972405065E-48), (658, 9.83321806176718E-48), (659, 1.2546285150494E-47), (660, 1.59982713063575E-47), (661, 2.03877985469944E-47), (662, 2.59661720153284E-47), (663, 3.30511662019905E-47), (664, 4.20443696181857E-47), (665, 5.34529937074505E-47), (666, 6.791727910959E-47), (667, 8.62449159517683E-47), (668, 1.09454248350415E-46), (669, 1.38828473766579E-46), (670, 1.75983596342063E-46), (671, 2.22953575962237E-46), (672, 2.82296963868611E-46), (673, 3.57230371178796E-46), (674, 4.51795428131172E-46), (675, 5.71067520400233E-46), (676, 7.21416609960835E-46), (677, 9.10832954976115E-46), (678, 1.14933365112864E-45), (679, 1.4494697676431E-45), (680, 1.82695861991942E-45), (681, 2.30147162275322E-45), (682, 2.89761546897094E-45), (683, 3.64615340457281E-45), (684, 4.58552452490179E-45), (685, 5.76373279081934E-45), (686, 7.24069446618863E-45), (687, 9.09115365333361E-45), (688, 1.1408301466188E-44), (689, 1.43082662535761E-44), (690, 1.79356815431486E-44), (691, 2.24705867057315E-44), (692, 2.81369748050169E-44), (693, 3.5213375226236E-44), (694, 4.40459485623314E-44), (695, 5.50646816591198E-44), (696, 6.88034063045273E-44), (697, 8.59245314382457E-44), (698, 1.07249582852186E-43), (699, 1.33796894563597E-43), (700, 1.66828102635626E-43), (701, 2.07905467707723E-43), (702, 2.58962512128444E-43), (703, 3.22391019926562E-43), (704, 4.01148135519044E-43), (705, 4.98888137541302E-43), (706, 6.20124490944528E-43), (707, 7.70429034193092E-43), (708, 9.56676688404216E-43), (709, 1.18734594157916E-42), (710, 1.47288763647254E-42), (711, 1.82617736343859E-42), (712, 2.26307013684869E-42), (713, 2.80308014515133E-42), (714, 3.470213367521E-42), (715, 4.29398693461696E-42), (716, 5.31067650753771E-42), (717, 6.56484193616481E-42), (718, 8.11119237250678E-42), (719, 1.00168652633316E-41), (720, 1.23642097208423E-41), (721, 1.52541842638086E-41), (722, 1.88105025504656E-41), (723, 2.31846893522752E-41), (724, 2.85622436854728E-41), (725, 3.51701479797886E-41), (726, 4.32860129318732E-41), (727, 5.32492090838902E-41), (728, 6.54744103743558E-41), (729, 8.04680645613463E-41), (730, 9.88484136826528E-41), (731, 1.21369818396553E-40), (732, 1.48952297708553E-40), (733, 1.82717385717731E-40), (734, 2.24031636191957E-40), (735, 2.74559381897469E-40), (736, 3.36326688128299E-40), (737, 4.11798840145163E-40), (738, 5.03974185825286E-40), (739, 6.16497734007744E-40), (740, 7.53798605256449E-40), (741, 9.2125626833716E-40), (742, 1.12540150045379E-39), (743, 1.37415921548373E-39), (744, 1.67714175183746E-39), (745, 2.04600294760562E-39), (746, 2.49486541199336E-39), (747, 3.04083589626176E-39), (748, 3.70462665509383E-39), (749, 4.51130426654812E-39), (750, 5.49119166002394E-39), (751, 6.68095422326566E-39), (752, 8.12490698367294E-39), (753, 9.87658717918021E-39), (754, 1.20006452794287E-38), (755, 1.45751179619841E-38), (756, 1.76941590155178E-38), (757, 2.14713190177334E-38), (758, 2.60434823781984E-38), (759, 3.15755914885379E-38), (760, 3.82663129293548E-38), (761, 4.63548307093191E-38), (762, 5.61289872634491E-38), (763, 6.79350354886165E-38), (764, 8.21893157167657E-38), (765, 9.93922317262204E-38), (766, 1.20144971451046E-37), (767, 1.45169503076104E-37), (768, 1.75332478194294E-37), (769, 2.11673793599395E-37), (770, 2.55440705574606E-37), (771, 3.08128559325473E-37), (772, 3.7152939635081E-37), (773, 4.47789939775211E-37), (774, 5.39480738739375E-37), (775, 6.49678585827614E-37), (776, 7.82064715597195E-37), (777, 9.41041758626228E-37), (778, 1.13187297714691E-36), (779, 1.36084796061971E-36), (780, 1.63547973058403E-36), (781, 1.9647391150275E-36), (782, 2.35933332831826E-36), (783, 2.8320369627913E-36), (784, 3.39808509685262E-36), (785, 4.07563999246151E-36), (786, 4.88634493961577E-36), (787, 5.85598126279187E-36), (788, 7.01524739963483E-36), (789, 8.40068237230258E-36), (790, 1.00557599867131E-35), (791, 1.20321848199373E-35), (792, 1.43914266145993E-35), (793, 1.72065362359533E-35), (794, 2.0564294031501E-35), (795, 2.45677504625491E-35), (796, 2.93392294834819E-35), (797, 3.50238775983832E-35), (798, 4.17938561422602E-35), (799, 4.98532914849558E-35), (800, 5.94441179713278E-35), (801, 7.08529719950345E-35), (802, 8.44193232429407E-35), (803, 1.00545061528206E-34), (804, 1.19705795551758E-34), (805, 1.42464164325671E-34), (806, 1.69485513943302E-34), (807, 2.01556353154138E-34), (808, 2.39606072267907E-34), (809, 2.84732492985694E-34), (810, 3.38231913828508E-34), (811, 4.01634429223778E-34), (812, 4.76745432712275E-34), (813, 5.65694369283673E-34), (814, 6.70991982176354E-34), (815, 7.95597509811441E-34), (816, 9.42997533777138E-34), (817, 1.11729846462947E-33), (818, 1.32333498533288E-33), (819, 1.56679716008609E-33), (820, 1.85437936794318E-33), (821, 2.1939547463327E-33), (822, 2.59477944121761E-33), (823, 3.06773167202491E-33), (824, 3.62559144658143E-33), (825, 4.28336772260945E-33), (826, 5.0586809292466E-33), (827, 5.97221005929158E-33), (828, 7.04821504902753E-33), (829, 8.31514691057656E-33), (830, 9.80636010995698E-33), (831, 1.15609440364204E-32), (832, 1.36246931361186E-32), (833, 1.60512384444029E-32), (834, 1.89033669138225E-32), (835, 2.22545591772797E-32), (836, 2.61907812978595E-32), (837, 3.08125717423617E-32), (838, 3.62374713940796E-32), (839, 4.26028520295654E-32), (840, 5.00692074825363E-32), (841, 5.88239818881068E-32), (842, 6.90860211521014E-32), (843, 8.11107473646755E-32), (844, 9.51961715524039E-32), (845, 1.11689878257373E-31), (846, 1.3099713631213E-31), (847, 1.53590314266588E-31), (848, 1.80019806700482E-31), (849, 2.10926709677564E-31), (850, 2.47057520502017E-31), (851, 2.89281179453785E-31), (852, 3.3860882014511E-31), (853, 3.96216651515367E-31), (854, 4.63472459365367E-31), (855, 5.41966289985849E-31), (856, 6.33545964300969E-31), (857, 7.40358169678557E-31), (858, 8.64895990045544E-31), (859, 1.0100538653527E-30), (860, 1.17919112123211E-30), (861, 1.37620538171275E-30), (862, 1.60561737533778E-30), (863, 1.87266887165719E-30), (864, 2.18343574507146E-30), (865, 2.54495846119648E-30), (866, 2.9653926228089E-30), (867, 3.45418260429362E-30), (868, 4.02226175251549E-30), (869, 4.68228314634447E-30), (870, 5.44888549599389E-30), (871, 6.33899943750108E-30), (872, 7.3722002491866E-30), (873, 8.57111389955259E-30), (874, 9.96188434551334E-30), (875, 1.15747111539558E-29), (876, 1.34444678387319E-29), (877, 1.56114128124159E-29), (878, 1.81220065738204E-29), (879, 2.10298507182633E-29), (880, 2.43967666018991E-29), (881, 2.82940340527071E-29), (882, 3.2803813442832E-29), (883, 3.80207777697275E-29), (884, 4.40539851935246E-29), (885, 5.10290268094304E-29), (886, 5.90904893695841E-29), (887, 6.84047782912823E-29), (888, 7.91633526914893E-29), (889, 9.15864314772614E-29), (890, 1.05927237818465E-28), (891, 1.22476858769267E-28), (892, 1.41569807542719E-28), (893, 1.63590388153111E-28), (894, 1.88979976021551E-28), (895, 2.18245343915206E-28), (896, 2.51968180513181E-28), (897, 2.90815969248422E-28), (898, 3.35554418189156E-28), (899, 3.87061657961136E-28), (900, 4.46344454486862E-28), (901, 5.14556717097037E-28), (902, 5.93020620880253E-28), (903, 6.83250705574678E-28), (904, 7.86981362542312E-28), (905, 9.06198177160455E-28), (906, 1.04317365717147E-27), (907, 1.20050794911514E-27), (908, 1.38117522601495E-27), (909, 1.58857652122573E-27), (910, 1.82659988715528E-27), (911, 2.09968887500203E-27), (912, 2.41292046445452E-27), (913, 2.77209372244796E-27), (914, 3.18383063978505E-27), (915, 3.6556907861993E-27), (916, 4.19630164107389E-27), (917, 4.81550670168556E-27), (918, 5.52453374706628E-27), (919, 6.33618594735424E-27), (920, 7.26505886031793E-27), (921, 8.32778675361363E-27), (922, 9.54332213892768E-27), (923, 1.09332529088005E-26), (924, 1.25221620357481E-26), (925, 1.43380354342711E-26), (926, 1.64127243084328E-26), (927, 1.87824691209307E-26), (928, 2.14884932352495E-26), (929, 2.45776753131766E-26), (930, 2.81033107098312E-26), (931, 3.21259734132267E-26), (932, 3.67144915430077E-26), (933, 4.19470510732086E-26), (934, 4.79124442989093E-26), (935, 5.47114816513672E-26), (936, 6.24585878083976E-26), (937, 7.12836056775654E-26), (938, 8.13338347839078E-26), (939, 9.2776333910299E-26), (940, 1.05800521560636E-25), (941, 1.2062111199227E-25), (942, 1.37481429248756E-25), (943, 1.56657146877495E-25), (944, 1.78460506906796E-25), (945, 2.03245078258645E-25), (946, 2.31411122171056E-25), (947, 2.63411640491237E-25), (948, 2.99759191982355E-25), (949, 3.41033572179119E-25), (950, 3.87890463960658E-25), (951, 4.41071179027998E-25), (952, 5.01413625039133E-25), (953, 5.69864649446901E-25), (954, 6.47493929303495E-25), (955, 7.35509596663137E-25), (956, 8.35275811978829E-25), (957, 9.48332523325811E-25), (958, 1.07641767769973E-24), (959, 1.22149218237252E-24), (960, 1.38576794972235E-24), (961, 1.57173939850651E-24), (962, 1.78221882868616E-24), (963, 2.02037613615842E-24), (964, 2.2897833886816E-24), (965, 2.59446484553454E-24), (966, 2.93895307174162E-24), (967, 3.32835187381021E-24), (968, 3.76840686874325E-24), (969, 4.26558459257634E-24), (970, 4.82716115992386E-24), (971, 5.46132160319514E-24), (972, 6.17727115058307E-24), (973, 6.98535984709899E-24), (974, 7.89722208445419E-24), (975, 8.92593278526658E-24), (976, 1.00861821868942E-23), (977, 1.13944713923674E-23), (978, 1.28693311028508E-23), (979, 1.45315662205078E-23), (980, 1.64045293155604E-23), (981, 1.85144262900208E-23), (982, 2.08906579466868E-23), (983, 2.3566201589559E-23), (984, 2.65780372453225E-23), (985, 2.99676236098611E-23), (986, 3.37814293943781E-23), (987, 3.80715263785914E-23), (988, 4.28962511802884E-23), (989, 4.83209435285829E-23), (990, 5.44187696905929E-23), (991, 6.12716406568654E-23), (992, 6.89712357495434E-23), (993, 7.76201434898315E-23), (994, 8.73331328597324E-23), (995, 9.82385695304472E-23), (996, 1.10479993220787E-22), (997, 1.24217874109405E-22), (998, 1.39631568172234E-22), (999, 1.56921493470611E-22), (1000, 1.76311551797473E-22), (1001, 1.98051822722312E-22), (1002, 2.22421559985988E-22), (1003, 2.4973252341258E-22), (1004, 2.80332683058401E-22), (1005, 3.14610336242529E-22), (1006, 3.52998682436492E-22), (1007, 3.95980905774683E-22), (1008, 4.44095820227268E-22), (1009, 4.97944138303977E-22), (1010, 5.58195430585304E-22), (1011, 6.25595850467775E-22), (1012, 7.00976706328475E-22), (1013, 7.85263971933819E-22), (1014, 8.79488835418635E-22), (1015, 9.84799397631617E-22), (1016, 1.10247364217849E-21), (1017, 1.23393381220017E-21), (1018, 1.38076234291556E-21), (1019, 1.54471951436425E-21), (1020, 1.72776300574201E-21), (1021, 1.93206955138418E-21), (1022, 2.16005891898503E-21), (1023, 2.4144204532283E-21), (1024, 2.6981424528442E-21), (1025, 3.01454467642148E-21), (1026, 3.36731430232731E-21), (1027, 3.76054570108664E-21), (1028, 4.19878441483147E-21), (1029, 4.68707577826306E-21), (1030, 5.2310186593197E-21), (1031, 5.8368248457824E-21), (1032, 6.51138465679198E-21), (1033, 7.26233941613939E-21), (1034, 8.09816148771554E-21), (1035, 9.02824264320242E-21), (1036, 1.00629916085342E-20), (1037, 1.12139417194946E-20), (1038, 1.24938697087349E-20), (1039, 1.39169267472606E-20), (1040, 1.54987829738608E-20), (1041, 1.7256786866953E-20), (1042, 1.92101409458665E-20), (1043, 2.13800954337627E-20), (1044, 2.37901616733559E-20), (1045, 2.64663472606356E-20), (1046, 2.94374150522764E-20), (1047, 3.27351684108761E-20), (1048, 3.63947652802259E-20), (1049, 4.04550639322871E-20), (1050, 4.49590035003685E-20), (1051, 4.99540227113038E-20), (1052, 5.54925205555171E-20), (1053, 6.1632362990262E-20), (1054, 6.84374401607504E-20), (1055, 7.59782790493363E-20), (1056, 8.43327169276085E-20), (1057, 9.35866414936993E-20), (1058, 1.03834804131146E-19), (1059, 1.15181713330409E-19), (1060, 1.27742615974136E-19), (1061, 1.41644574907428E-19), (1062, 1.57027651999909E-19), (1063, 1.7404620676326E-19), (1064, 1.92870321522142E-19), (1065, 2.13687365155071E-19), (1066, 2.36703708532039E-19), (1067, 2.62146605985612E-19), (1068, 2.90266258470559E-19), (1069, 3.21338075503053E-19), (1070, 3.55665154534537E-19), (1071, 3.93580998118342E-19), (1072, 4.35452491081193E-19), (1073, 4.81683161929708E-19), (1074, 5.32716754918076E-19), (1075, 5.89041141592383E-19), (1076, 6.51192603226127E-19), (1077, 7.19760518388139E-19), (1078, 7.95392492957686E-19), (1079, 8.78799973242944E-19), (1080, 9.70764386490858E-19), (1081, 1.0721438570231E-18), (1082, 1.18388055052086E-18), (1083, 1.3070087036393E-18), (1084, 1.44266340119106E-18), (1085, 1.59209016863157E-18), (1086, 1.75665545354208E-18), (1087, 1.93785807627924E-18), (1088, 2.13734173698414E-18), (1089, 2.35690867376498E-18), (1090, 2.59853457513476E-18), (1091, 2.86438485875162E-18), (1092, 3.1568324382321E-18), (1093, 3.47847711034823E-18), (1094, 3.8321667063445E-18), (1095, 4.22102016349262E-18), (1096, 4.6484526864174E-18), (1097, 5.11820318226034E-18), (1098, 5.63436416948785E-18), (1099, 6.20141437719643E-18), (1100, 6.82425427022079E-18), (1101, 7.50824475532713E-18), (1102, 8.25924934539236E-18), (1103, 9.08368008186293E-18), (1104, 9.98854754109327E-18), (1105, 1.09815152775372E-17), (1106, 1.20709590863665E-17), (1107, 1.32660315000972E-17), (1108, 1.45767319684012E-17), (1109, 1.60139832076767E-17), (1110, 1.75897142473585E-17), (1111, 1.93169507436049E-17), (1112, 2.12099131781578E-17), (1113, 2.32841236111018E-17), (1114, 2.55565217112412E-17), (1115, 2.80455908471837E-17), (1116, 3.07714950863048E-17), (1117, 3.37562280179194E-17), (1118, 3.70237743916112E-17), (1119, 4.06002856421608E-17), (1120, 4.45142704593424E-17), (1121, 4.87968016544776E-17), (1122, 5.34817406765855E-17), (1123, 5.86059812397813E-17), (1124, 6.42097136408559E-17), (1125, 7.03367114723448E-17), (1126, 7.70346425725506E-17), (1127, 8.43554062006446E-17), (1128, 9.23554985829287E-17), (1129, 1.01096409146416E-16), (1130, 1.10645049938996E-16), (1131, 1.21074220932539E-16), (1132, 1.32463114117412E-16), (1133, 1.44897859525088E-16), (1134, 1.58472116561074E-16), (1135, 1.73287714294456E-16), (1136, 1.89455344634368E-16), (1137, 2.07095312629048E-16), (1138, 2.26338348451405E-16), (1139, 2.47326485987864E-16), (1140, 2.70214013326381E-16), (1141, 2.95168500846948E-16), (1142, 3.22371913055461E-16), (1143, 3.52021810771929E-16), (1144, 3.84332650788657E-16), (1145, 4.19537190656026E-16), (1146, 4.57888006835166E-16), (1147, 4.99659135081216E-16), (1148, 5.45147842590821E-16), (1149, 5.94676542166366E-16), (1150, 6.48594859420525E-16), (1151, 7.07281864871688E-16), (1152, 7.71148483667663E-16), (1153, 8.40640096625814E-16), (1154, 9.1623934729696E-16), (1155, 9.98469170852714E-16), (1156, 1.08789606176634E-15), (1157, 1.18513359851133E-15), (1158, 1.29084624484507E-15), (1159, 1.40575344868378E-15), (1160, 1.53063406111528E-15), (1161, 1.66633109974564E-15), (1162, 1.81375688234112E-15), (1163, 1.97389855861652E-15), (1164, 2.14782407004282E-15), (1165, 2.33668856971034E-15), (1166, 2.5417413365975E-15), (1167, 2.76433322107025E-15), (1168, 3.00592466108335E-15), (1169, 3.26809431138428E-15), (1170, 3.55254833104475E-15), (1171, 3.86113037787728E-15), (1172, 4.1958323617484E-15), (1173, 4.55880601249031E-15), (1174, 4.95237532205481E-15), (1175, 5.37904992476392E-15), (1176, 5.84153948400696E-15), (1177, 6.34276915853458E-15), (1178, 6.88589622662385E-15), (1179, 7.47432795185776E-15), (1180, 8.11174078009824E-15), (1181, 8.80210096345868E-15), (1182, 9.54968671372413E-15), (1183, 1.03591119947519E-14), (1184, 1.12353520709405E-14), (1185, 1.21837709369091E-14), (1186, 1.32101507621191E-14), (1187, 1.43207234933181E-14), (1188, 1.5522204767445E-14), (1189, 1.68218302980232E-14), (1190, 1.82273949091437E-14), (1191, 1.97472944029299E-14), (1192, 2.13905704589351E-14), (1193, 2.3166958777298E-14), (1194, 2.50869406917131E-14), (1195, 2.71617984934311E-14), (1196, 2.94036747236268E-14), (1197, 3.18256357086349E-14), (1198, 3.44417396308088E-14), (1199, 3.72671094471787E-14), (1200, 4.03180109887362E-14), (1201, 4.3611936595139E-14), (1202, 4.71676946629741E-14), (1203, 5.1005505510545E-14), (1204, 5.51471039885238E-14), (1205, 5.96158492938479E-14), (1206, 6.44368424740243E-14), (1207, 6.96370521406468E-14), (1208, 7.52454489445402E-14), (1209, 8.12931494006359E-14), (1210, 8.78135696885782E-14), (1211, 9.48425900952938E-14), (1212, 1.02418730808456E-13), (1213, 1.10583339815096E-13), (1214, 1.1938079370771E-13), (1215, 1.28858712251199E-13), (1216, 1.39068187618147E-13), (1217, 1.50064029257274E-13), (1218, 1.61905025420827E-13), (1219, 1.74654222441138E-13), (1220, 1.8837922291504E-13), (1221, 2.03152504027285E-13), (1222, 2.19051757320972E-13), (1223, 2.3616025130437E-13), (1224, 2.54567218369784E-13), (1225, 2.74368267591451E-13), (1226, 2.95665825066169E-13), (1227, 3.18569603562827E-13), (1228, 3.43197103355432E-13), (1229, 3.69674146229006E-13), (1230, 3.98135444769256E-13), (1231, 4.28725209175437E-13), (1232, 4.6159779397187E-13), (1233, 4.96918387137466E-13), (1234, 5.34863744324781E-13), (1235, 5.75622971001077E-13), (1236, 6.19398355514036E-13), (1237, 6.66406256264651E-13), (1238, 7.16878046360013E-13), (1239, 7.71061119319626E-13), (1240, 8.29219959621291E-13), (1241, 8.91637282096894E-13), (1242, 9.58615244425478E-13), (1243, 1.03047673722125E-12), (1244, 1.10756675647853E-12), (1245, 1.19025386341464E-12), (1246, 1.27893173704656E-12), (1247, 1.37402082514791E-12), (1248, 1.4759700995611E-12), (1249, 1.5852589221859E-12), (1250, 1.70239902833087E-12), (1251, 1.82793663449944E-12), (1252, 1.96245467808915E-12), (1253, 2.10657519691085E-12), (1254, 2.26096185688672E-12), (1255, 2.42632263676244E-12), (1256, 2.60341267917085E-12), (1257, 2.79303731791361E-12), (1258, 2.99605529188506E-12), (1259, 3.21338215664989E-12), (1260, 3.44599390530488E-12), (1261, 3.69493081090694E-12), (1262, 3.96130150343562E-12), (1263, 4.24628729498126E-12), (1264, 4.55114676761003E-12), (1265, 4.87722063915837E-12), (1266, 5.22593692305134E-12), (1267, 5.59881639912635E-12), (1268, 5.99747841337635E-12), (1269, 6.42364702550749E-12), (1270, 6.87915752423858E-12), (1271, 7.3659633313545E-12), (1272, 7.88614331666655E-12), (1273, 8.4419095472325E-12), (1274, 9.03561549544942E-12), (1275, 9.66976473195731E-12), (1276, 1.0347020130684E-11), (1277, 1.10702136148237E-11), (1278, 1.1842356474079E-11), (1279, 1.26666502851089E-11), (1280, 1.35464984688197E-11), (1281, 1.44855185199163E-11), (1282, 1.54875549459979E-11), (1283, 1.65566929554432E-11), (1284, 1.76972729353864E-11), (1285, 1.89139057632485E-11), (1286, 2.02114889975468E-11), (1287, 2.15952239960893E-11), (1288, 2.3070634012147E-11), (1289, 2.46435833218137E-11), (1290, 2.63202974385033E-11), (1291, 2.8107384473406E-11), (1292, 3.00118577037391E-11), (1293, 3.20411594137803E-11), (1294, 3.42031860769845E-11), (1295, 3.65063149509433E-11), (1296, 3.89594321605846E-11), (1297, 4.15719623488037E-11), (1298, 4.43538999777074E-11), (1299, 4.73158423678147E-11), (1300, 5.04690245669298E-11), (1301, 5.38253561449661E-11), (1302, 5.73974600157889E-11), (1303, 6.11987133921441E-11), (1304, 6.52432909849799E-11), (1305, 6.95462105639455E-11), (1306, 7.41233810015825E-11), (1307, 7.89916529297149E-11), (1308, 8.41688721428148E-11), (1309, 8.9673935889668E-11), (1310, 9.55268522015171E-11), (1311, 1.01748802412017E-10), (1312, 1.08362207031816E-10), (1313, 1.15390795148408E-10), (1314, 1.22859677530035E-10), (1315, 1.30795423621E-10), (1316, 1.3922614262461E-10), (1317, 1.48181568879314E-10), (1318, 1.57693151743285E-10), (1319, 1.67794150212865E-10), (1320, 1.78519732510856E-10), (1321, 1.89907080891703E-10), (1322, 2.01995501922137E-10), (1323, 2.14826542507884E-10), (1324, 2.28444111949575E-10), (1325, 2.42894610324108E-10), (1326, 2.58227063501336E-10), (1327, 2.74493265120205E-10), (1328, 2.91747925863292E-10), (1329, 3.1004883038417E-10), (1330, 3.29457002258142E-10), (1331, 3.50036877343676E-10), (1332, 3.71856485959405E-10), (1333, 3.94987644299745E-10), (1334, 4.19506155531228E-10), (1335, 4.4549202103138E-10), (1336, 4.73029662252619E-10), (1337, 5.02208153715044E-10), (1338, 5.33121467654357E-10), (1339, 5.65868730874365E-10), (1340, 6.00554494377707E-10), (1341, 6.37289016373606E-10), (1342, 6.76188559287628E-10), (1343, 7.17375701425667E-10), (1344, 7.60979663972676E-10), (1345, 8.07136654036146E-10), (1346, 8.55990224474943E-10), (1347, 9.07691651285939E-10), (1348, 9.62400329353989E-10), (1349, 1.02028418740519E-09), (1350, 1.08152012303906E-09), (1351, 1.14629445875251E-09), (1352, 1.21480341990691E-09), (1353, 1.28725363562969E-09), (1354, 1.36386266368363E-09), (1355, 1.44485954037992E-09), (1356, 1.5304853566563E-09), (1357, 1.6209938614877E-09), (1358, 1.71665209384561E-09), (1359, 1.81774104447219E-09), (1360, 1.92455634878729E-09), (1361, 2.03740901230059E-09), (1362, 2.15662616995695E-09), (1363, 2.28255188090125E-09), (1364, 2.41554796020912E-09), (1365, 2.55599484919233E-09), (1366, 2.70429252595266E-09), (1367, 2.86086145792466E-09), (1368, 3.02614359821771E-09), (1369, 3.20060342763935E-09), (1370, 3.38472904435709E-09), (1371, 3.57903330323242E-09), (1372, 3.78405500694169E-09), (1373, 4.00036015108066E-09), (1374, 4.22854322553589E-09), (1375, 4.46922857449475E-09), (1376, 4.72307181755796E-09), (1377, 4.99076133451376E-09), (1378, 5.27301981643108E-09), (1379, 5.5706058858315E-09), (1380, 5.88431578880471E-09), (1381, 6.21498516204159E-09), (1382, 6.56349087787166E-09), (1383, 6.93075297050815E-09), (1384, 7.3177366468249E-09), (1385, 7.72545438511331E-09), (1386, 8.15496812539694E-09), (1387, 8.60739155501406E-09), (1388, 9.08389249331608E-09), (1389, 9.58569537947179E-09), (1390, 1.01140838675143E-08), (1391, 1.06704035329185E-08), (1392, 1.12560646951541E-08), (1393, 1.18725453608204E-08), (1394, 1.25213942921348E-08), (1395, 1.32042342057216E-08), (1396, 1.39227651068226E-08), (1397, 1.46787677642344E-08), (1398, 1.54741073314701E-08), (1399, 1.6310737119831E-08), (1400, 1.71907025292827E-08), (1401, 1.81161451432318E-08), (1402, 1.90893069935142E-08), (1403, 2.011253500213E-08), (1404, 2.118828560648E-08), (1405, 2.23191295751008E-08), (1406, 2.35077570211296E-08), (1407, 2.47569826209831E-08), (1408, 2.60697510459875E-08), (1409, 2.74491426149617E-08), (1410, 2.88983791760272E-08), (1411, 3.04208302261947E-08), (1412, 3.20200192775698E-08), (1413, 3.36996304793101E-08), (1414, 3.54635155047758E-08), (1415, 3.73157007136246E-08), (1416, 3.92603945989275E-08), (1417, 4.13019955297107E-08), (1418, 4.34450997996703E-08), (1419, 4.56945099931588E-08), (1420, 4.80552436798983E-08), (1421, 5.05325424502506E-08), (1422, 5.31318813032498E-08), (1423, 5.58589783999976E-08), (1424, 5.87198051954222E-08), (1425, 6.17205969618117E-08), (1426, 6.48678637179607E-08), (1427, 6.81684015781996E-08), (1428, 7.16293045360267E-08), (1429, 7.52579766975175E-08), (1430, 7.90621449801599E-08), (1431, 8.30498722932437E-08), (1432, 8.72295712164303E-08), (1433, 9.16100181936358E-08), (1434, 9.62003682598809E-08), (1435, 1.01010170319298E-07), (1436, 1.06049382993029E-07), (1437, 1.11328391056319E-07), (1438, 1.1685802248467E-07), (1439, 1.22649566129525E-07), (1440, 1.28714790044556E-07), (1441, 1.35065960484228E-07), (1442, 1.41715861596978E-07), (1443, 1.48677815835967E-07), (1444, 1.55965705111056E-07), (1445, 1.63593992706301E-07), (1446, 1.7157774598801E-07), (1447, 1.79932659929057E-07), (1448, 1.88675081475938E-07), (1449, 1.97822034785753E-07), (1450, 2.07391247361085E-07), (1451, 2.17401177111528E-07), (1452, 2.27871040371397E-07), (1453, 2.38820840903989E-07), (1454, 2.50271399923591E-07), (1455, 2.6224438716727E-07), (1456, 2.74762353049364E-07), (1457, 2.87848761932494E-07), (1458, 3.01528026549786E-07), (1459, 3.15825543613958E-07), (1460, 3.30767730649861E-07), (1461, 3.46382064088018E-07), (1462, 3.626971186577E-07), (1463, 3.7974260811909E-07), (1464, 3.97549427375104E-07), (1465, 4.16149696004478E-07), (1466, 4.35576803258817E-07), (1467, 4.55865454567369E-07), (1468, 4.77051719594413E-07), (1469, 4.99173081895261E-07), (1470, 5.22268490218051E-07), (1471, 5.46378411499659E-07), (1472, 5.71544885605252E-07), (1473, 5.97811581862255E-07), (1474, 6.25223857440682E-07), (1475, 6.53828817633112E-07), (1476, 6.83675378088811E-07), (1477, 7.1481432905785E-07), (1478, 7.47298401702375E-07), (1479, 7.81182336533543E-07), (1480, 8.16522954034E-07), (1481, 8.5337922752719E-07), (1482, 8.91812358356192E-07), (1483, 9.3188585343621E-07), (1484, 9.73665605246338E-07), (1485, 1.01721997432767E-06), (1486, 1.06261987435636E-06), (1487, 1.10993885986177E-06), (1488, 1.15925321666137E-06), (1489, 1.21064205508568E-06), (1490, 1.26418740606809E-06), (1491, 1.31997432017602E-06), (1492, 1.37809096966171E-06), (1493, 1.43862875361214E-06), (1494, 1.50168240627987E-06), (1495, 1.56735010867787E-06), (1496, 1.6357336035232E-06), (1497, 1.70693831361644E-06), (1498, 1.78107346374512E-06), (1499, 1.85825220620156E-06), (1500, 1.93859175000722E-06), (1501, 2.02221349393734E-06), (1502, 2.10924316344191E-06), (1503, 2.19981095156041E-06), (1504, 2.29405166393005E-06), (1505, 2.39210486798898E-06), (1506, 2.49411504647791E-06), (1507, 2.60023175534549E-06), (1508, 2.71060978616501E-06), (1509, 2.82540933317156E-06), (1510, 2.94479616503127E-06), (1511, 3.06894180145592E-06), (1512, 3.19802369477846E-06), (1513, 3.33222541660697E-06), (1514, 3.4717368496767E-06), (1515, 3.61675438502183E-06), (1516, 3.76748112459092E-06), (1517, 3.92412708943184E-06), (1518, 4.08690943357435E-06), (1519, 4.2560526637406E-06), (1520, 4.4317888650158E-06), (1521, 4.61435793261373E-06), (1522, 4.80400780987377E-06), (1523, 5.00099473262843E-06), (1524, 5.20558348008234E-06), (1525, 5.41804763234627E-06), (1526, 5.63866983477134E-06), (1527, 5.86774206923159E-06), (1528, 6.10556593250442E-06), (1529, 6.35245292190137E-06), (1530, 6.60872472830351E-06), (1531, 6.874713536758E-06), (1532, 7.15076233479476E-06), (1533, 7.43722522862418E-06), (1534, 7.73446776737913E-06), (1535, 8.04286727556687E-06), (1536, 8.36281319389833E-06), (1537, 8.69470742866474E-06), (1538, 9.03896470983366E-06), (1539, 9.39601295803858E-06), (1540, 9.76629366063853E-06), (1541, 1.01502622570262E-05), (1542, 1.05483885333653E-05), (1543, 1.09611570269401E-05), (1544, 1.13890674403014E-05), (1545, 1.18326350653972E-05), (1546, 1.22923912178755E-05), (1547, 1.27688836817519E-05), (1548, 1.32626771646339E-05), (1549, 1.37743537636977E-05), (1550, 1.4304513442614E-05), (1551, 1.48537745196226E-05), (1552, 1.54227741669555E-05), (1553, 1.60121689218128E-05), (1554, 1.66226352090939E-05), (1555, 1.72548698760925E-05), (1556, 1.79095907393619E-05), (1557, 1.85875371439611E-05), (1558, 1.92894705352928E-05), (1559, 2.00161750437469E-05), (1560, 2.07684580823635E-05), (1561, 2.15471509577317E-05), (1562, 2.23531094943414E-05), (1563, 2.31872146726087E-05), (1564, 2.40503732807921E-05), (1565, 2.49435185810242E-05), (1566, 2.586761098968E-05), (1567, 2.68236387723057E-05), (1568, 2.78126187533335E-05), (1569, 2.88355970408082E-05), (1570, 2.98936497663522E-05), (1571, 3.09878838405975E-05), (1572, 3.21194377243116E-05), (1573, 3.32894822154484E-05), (1574, 3.44992212523525E-05), (1575, 3.5749892733348E-05), (1576, 3.70427693529415E-05), (1577, 3.83791594548719E-05), (1578, 3.97604079022372E-05), (1579, 4.11878969649292E-05), (1580, 4.26630472246093E-05), (1581, 4.41873184974549E-05), (1582, 4.57622107749089E-05), (1583, 4.7389265182662E-05), (1584, 4.90700649580998E-05), (1585, 5.08062364464427E-05), (1586, 5.25994501158097E-05), (1587, 5.44514215914333E-05), (1588, 5.63639127092537E-05), (1589, 5.83387325891188E-05), (1590, 6.03777387278156E-05), (1591, 6.24828381121566E-05), (1592, 6.46559883523444E-05), (1593, 6.68991988358351E-05), (1594, 6.92145319019209E-05), (1595, 7.1604104037248E-05), (1596, 7.40700870924867E-05), (1597, 7.66147095203659E-05), (1598, 7.92402576352843E-05), (1599, 8.19490768947052E-05), (1600, 8.47435732025425E-05), (1601, 8.76262142347398E-05), (1602, 9.05995307872435E-05), (1603, 9.36661181465661E-05), (1604, 9.68286374831341E-05), (1605, 0.00010008981726761), (1606, 0.000103452454710376), (1607, 0.000106919417224359), (1608, 0.000110493643911383), (1609, 0.000114178147072209), (1610, 0.000117976013740452), (1611, 0.00012189040724052), (1612, 0.000125924568769752), (1613, 0.000130081819004901), (1614, 0.000134365559733116), (1615, 0.000138779275507563), (1616, 0.000143326535327836), (1617, 0.000148010994345277), (1618, 0.00015283639559334), (1619, 0.000157806571743125), (1620, 0.000162925446884183), (1621, 0.000168197038330714), (1622, 0.000173625458453251), (1623, 0.000179214916535927), (1624, 0.000184969720659414), (1625, 0.000190894279609602), (1626, 0.000196993104812112), (1627, 0.000203270812292678), (1628, 0.000209732124663475), (1629, 0.000216381873135435), (1630, 0.000223224999556581), (1631, 0.000230266558476416), (1632, 0.000237511719236383), (1633, 0.000244965768086415), (1634, 0.000252634110327559), (1635, 0.000260522272480685), (1636, 0.000268635904481249), (1637, 0.000276980781900079), (1638, 0.000285562808190156), (1639, 0.000294388016959328), (1640, 0.000303462574268902), (1641, 0.000312792780958035), (1642, 0.00032238507499385), (1643, 0.00033224603384717), (1644, 0.000342382376893764), (1645, 0.000352800967840996), (1646, 0.000363508817179727), (1647, 0.000374513084661341), (1648, 0.000385821081799718), (1649, 0.000397440274398008), (1650, 0.000409378285099994), (1651, 0.000421642895965868), (1652, 0.000434242051072193), (1653, 0.000447183859135835), (1654, 0.000460476596161612), (1655, 0.000474128708113424), (1656, 0.000488148813608577), (1657, 0.00050254570663502), (1658, 0.000517328359291208), (1659, 0.000532505924548257), (1660, 0.000548087739034074), (1661, 0.000564083325839115), (1662, 0.000580502397343397), (1663, 0.000597354858064401), (1664, 0.000614650807525467), (1665, 0.000632400543144254), (1666, 0.000650614563140869), (1667, 0.000669303569465185), (1668, 0.000688478470742913), (1669, 0.000708150385239938), (1670, 0.000728330643844415), (1671, 0.000749030793066133), (1672, 0.00077026259805259), (1673, 0.000792038045621247), (1674, 0.000814369347307385), (1675, 0.000837268942426982), (1676, 0.00086074950115401), (1677, 0.000884823927611519), (1678, 0.000909505362975877), (1679, 0.000934807188593504), (1680, 0.000960743029109415), (1681, 0.00098732675560689), (1682, 0.00101457248875754), (1683, 0.00104249460198102), (1684, 0.00107110772461371), (1685, 0.00110042674508548), (1686, 0.00113046681410379), (1687, 0.00116124334784441), (1688, 0.00119277203114774), (1689, 0.00122506882072005), (1690, 0.00125814994833869), (1691, 0.00129203192406037), (1692, 0.00132673153943164), (1693, 0.00136226587070066), (1694, 0.00139865228202918), (1695, 0.001435908428704), (1696, 0.00147405226034669), (1697, 0.00151310202412065), (1698, 0.00155307626793459), (1699, 0.00159399384364117), (1700, 0.00163587391023), (1701, 0.0016787359370136), (1702, 0.00172259970680556), (1703, 0.00176748531908954), (1704, 0.001813413193178), (1705, 0.00186040407135968), (1706, 0.00190847902203437), (1707, 0.00195765944283402), (1708, 0.0020079670637289), (1709, 0.00205942395011749), (1710, 0.00211205250589898), (1711, 0.00216587547652704), (1712, 0.00222091595204363), (1713, 0.00227719737009144), (1714, 0.00233474351890384), (1715, 0.00239357854027073), (1716, 0.00245372693247925), (1717, 0.0025152135532277), (1718, 0.00257806362251148), (1719, 0.00264230272547958), (1720, 0.00270795681526019), (1721, 0.00277505221575399), (1722, 0.0028436156243938), (1723, 0.00291367411486895), (1724, 0.00298525513981301), (1725, 0.00305838653345337), (1726, 0.00313309651422123), (1727, 0.00320941368732025), (1728, 0.00328736704725278), (1729, 0.00336698598030158), (1730, 0.00344830026696602), (1731, 0.00353134008435074), (1732, 0.00361613600850556), (1733, 0.00370271901671481), (1734, 0.00379112048973463), (1735, 0.00388137221397657), (1736, 0.00397350638363596), (1737, 0.0040675556027633), (1738, 0.00416355288727716), (1739, 0.00426153166691695), (1740, 0.00436152578713387), (1741, 0.0044635695109184), (1742, 0.00456769752056275), (1743, 0.00467394491935648), (1744, 0.00478234723321382), (1745, 0.00489294041223083), (1746, 0.00500576083217088), (1747, 0.00512084529587668), (1748, 0.00523823103460729), (1749, 0.00535795570929834), (1750, 0.00548005741174383), (1751, 0.00560457466569787), (1752, 0.0057315464278946), (1753, 0.00586101208898477), (1754, 0.00599301147438711), (1755, 0.00612758484505303), (1756, 0.00626477289814279), (1757, 0.00640461676761172), (1758, 0.00654715802470458), (1759, 0.00669243867835661), (1760, 0.00684050117549954), (1761, 0.00699138840127099), (1762, 0.0071451436791255), (1763, 0.0073018107708458), (1764, 0.00746143387645248), (1765, 0.00762405763401066), (1766, 0.00778972711933193), (1767, 0.00795848784557009), (1768, 0.0081303857627091), (1769, 0.00830546725694165), (1770, 0.00848377914993693), (1771, 0.00866536869799599), (1772, 0.00885028359109318), (1773, 0.00903857195180235), (1774, 0.00923028233410611), (1775, 0.00942546372208693), (1776, 0.00962416552849849), (1777, 0.00982643759321599), (1778, 0.010032330181564), (1779, 0.0102418939825205), (1780, 0.0104551801067956), (1781, 0.010672240084784), (1782, 0.0108931258643898), (1783, 0.0111178898087219), (1784, 0.0113465846936593), (1785, 0.0115792637052852), (1786, 0.0118159804371882), (1787, 0.0120567888876297), (1788, 0.0123017434565766), (1789, 0.0125508989425978), (1790, 0.0128043105396236), (1791, 0.0130620338335674), (1792, 0.0133241247988079), (1793, 0.0135906397945315), (1794, 0.0138616355609335), (1795, 0.0141371692152781), (1796, 0.0144172982478147), (1797, 0.0147020805175516), (1798, 0.014991574247885), (1799, 0.0152858380220832), (1800, 0.0155849307786246), (1801, 0.0158889118063901), (1802, 0.0161978407397078), (1803, 0.0165117775532506), (1804, 0.0168307825567856), (1805, 0.0171549163897747), (1806, 0.0174842400158266), (1807, 0.0178188147169992), (1808, 0.0181587020879521), (1809, 0.018503964029949), (1810, 0.0188546627447103), (1811, 0.0192108607281145), (1812, 0.0195726207637493), (1813, 0.0199400059163119), (1814, 0.0203130795248578), (1815, 0.0206919051959), (1816, 0.0210765467963559), (1817, 0.0214670684463443), (1818, 0.0218635345118316), (1819, 0.0222660095971277), (1820, 0.022674558537231), (1821, 0.0230892463900248), (1822, 0.0235101384283227), (1823, 0.0239373001317658), (1824, 0.0243707971785714), (1825, 0.0248106954371324), (1826, 0.0252570609574706), (1827, 0.0257099599625416), (1828, 0.0261694588393947), (1829, 0.0266356241301862), (1830, 0.0271085225230488), (1831, 0.0275882208428167), (1832, 0.0280747860416075), (1833, 0.0285682851892626), (1834, 0.0290687854636464), (1835, 0.0295763541408058), (1836, 0.0300910585849901), (1837, 0.0306129662385349), (1838, 0.0311421446116081), (1839, 0.0316786612718221), (1840, 0.0322225838337118), (1841, 0.0327739799480807), (1842, 0.0333329172912164), (1843, 0.0338994635539764), (1844, 0.0344736864307474), (1845, 0.0350556536082783), (1846, 0.0356454327543884), (1847, 0.036243091506555), (1848, 0.0368486974603788), (1849, 0.0374623181579317), (1850, 0.0380840210759879), (1851, 0.0387138736141406), (1852, 0.0393519430828054), (1853, 0.0399982966911146), (1854, 0.0406530015347024), (1855, 0.0413161245833845), (1856, 0.0419877326687344), (1857, 0.0426678924715579), (1858, 0.0433566705092694), (1859, 0.0440541331231712), (1860, 0.04476034646564), (1861, 0.045475376487221), (1862, 0.046199288923634), (1863, 0.0469321492826942), (1864, 0.0476740228311484), (1865, 0.0484249745814324), (1866, 0.0491850692783496), (1867, 0.049954371385676), (1868, 0.0507329450726927), (1869, 0.0515208542006506), (1870, 0.0523181623091684), (1871, 0.0531249326025691), (1872, 0.0539412279361566), (1873, 0.0547671108024356), (1874, 0.0556026433172801), (1875, 0.05644788720605), (1876, 0.0573029037896633), (1877, 0.058167753970624), (1878, 0.0590424982190108), (1879, 0.0599271965584301), (1880, 0.0608219085519353), (1881, 0.0617266932879174), (1882, 0.0626416093659706), (1883, 0.0635667148827349), (1884, 0.0645020674177208), (1885, 0.0654477240191194), (1886, 0.0664037411896009), (1887, 0.0673701748721068), (1888, 0.0683470804356373), (1889, 0.0693345126610402), (1890, 0.0703325257268033), (1891, 0.0713411731948545), (1892, 0.072360507996374), (1893, 0.0733905824176228), (1894, 0.0744314480857896), (1895, 0.0754831559548621), (1896, 0.0765457562915261), (1897, 0.0776192986610952), (1898, 0.0787038319134768), (1899, 0.0797994041691775), (1900, 0.080906062805352), (1901, 0.0820238544418996), (1902, 0.0831528249276124), (1903, 0.0842930193263797), (1904, 0.0854444819034517), (1905, 0.0866072561117674), (1906, 0.0877813845783507), (1907, 0.0889669090907785), (1908, 0.0901638705837247), (1909, 0.0913723091255858), (1910, 0.0925922639051892), (1911, 0.0938237732185918), (1912, 0.0950668744559703), (1913, 0.0963216040886084), (1914, 0.0975879976559854), (1915, 0.0988660897529693), (1916, 0.100155914017119), (1917, 0.101457503116101), (1918, 0.102770888735219), (1919, 0.104096101565072), (1920, 0.105433171289331), (1921, 0.106782126572648), (1922, 0.108142995048699), (1923, 0.109515803308361), (1924, 0.110900576888033), (1925, 0.112297340258106), (1926, 0.11370611681157), (1927, 0.115126928852787), (1928, 0.116559797586416), (1929, 0.118004743106494), (1930, 0.119461784385689), (1931, 0.120930939264717), (1932, 0.122412224441931), (1933, 0.12390565546309), (1934, 0.125411246711296), (1935, 0.126929011397131), (1936, 0.128458961548966), (1937, 0.130001108003465), (1938, 0.131555460396286), (1939, 0.133122027152975), (1940, 0.134700815480057), (1941, 0.136291831356344), (1942, 0.137895079524432), (1943, 0.139510563482424), (1944, 0.141138285475858), (1945, 0.142778246489855), (1946, 0.144430446241484), (1947, 0.146094883172355), (1948, 0.147771554441431), (1949, 0.149460455918077), (1950, 0.151161582175333), (1951, 0.152874926483426), (1952, 0.154600480803521), (1953, 0.156338235781705), (1954, 0.158088180743219), (1955, 0.159850303686939), (1956, 0.161624591280093), (1957, 0.163411028853241), (1958, 0.165209600395498), (1959, 0.167020288550017), (1960, 0.168843074609727), (1961, 0.170677938513333), (1962, 0.172524858841572), (1963, 0.174383812813735), (1964, 0.17625477628446), (1965, 0.17813772374078), (1966, 0.180032628299449), (1967, 0.18193946170454), (1968, 0.183858194325303), (1969, 0.185788795154315), (1970, 0.187731231805885), (1971, 0.189685470514756), (1972, 0.191651476135065), (1973, 0.193629212139601), (1974, 0.195618640619326), (1975, 0.197619722283192), (1976, 0.199632416458229), (1977, 0.201656681089924), (1978, 0.203692472742881), (1979, 0.205739746601763), (1980, 0.207798456472525), (1981, 0.209868554783927), (1982, 0.211949992589342), (1983, 0.214042719568837), (1984, 0.216146684031557), (1985, 0.218261832918383), (1986, 0.220388111804887), (1987, 0.222525464904566), (1988, 0.224673835072371), (1989, 0.226833163808518), (1990, 0.229003391262589), (1991, 0.231184456237918), (1992, 0.233376296196264), (1993, 0.235578847262767), (1994, 0.237792044231194), (1995, 0.24001582056947), (1996, 0.242250108425481), (1997, 0.244494838633178), (1998, 0.24674994071895), (1999, 0.249015342908278), (2000, 0.251290972132678), (2001, 0.253576754036915), (2002, 0.255872612986494), (2003, 0.258178472075435), (2004, 0.260494253134309), (2005, 0.262819876738561), (2006, 0.265155262217097), (2007, 0.267500327661139), (2008, 0.269854989933355), (2009, 0.272219164677246), (2010, 0.274592766326807), (2011, 0.276975708116439), (2012, 0.279367902091132), (2013, 0.281769259116898), (2014, 0.28417968889146), (2015, 0.2865990999552), (2016, 0.28902739970235), (2017, 0.291464494392436), (2018, 0.293910289161967), (2019, 0.296364688036363), (2020, 0.298827593942131), (2021, 0.301298908719269), (2022, 0.303778533133913), (2023, 0.306266366891207), (2024, 0.308762308648412), (2025, 0.311266256028227), (2026, 0.313778105632349), (2027, 0.316297753055233), (2028, 0.318825092898083), (2029, 0.321360018783052), (2030, 0.323902423367641), (2031, 0.326452198359319), (2032, 0.329009234530334), (2033, 0.331573421732724), (2034, 0.334144648913526), (2035, 0.336722804130177), (2036, 0.339307774566092), (2037, 0.34189944654644), (2038, 0.344497705554088), (2039, 0.347102436245725), (2040, 0.34971352246816), (2041, 0.35233084727478), (2042, 0.354954292942181), (2043, 0.35758374098695), (2044, 0.360219072182609), (2045, 0.362860166576702), (2046, 0.365506903508039), (2047, 0.368159161624069), (2048, 0.370816818898408), (2049, 0.373479752648484), (2050, 0.37614783955332), (2051, 0.378820955671446), (2052, 0.381498976458918), (2053, 0.384181776787464), (2054, 0.386869230962741), (2055, 0.389561212742692), (2056, 0.392257595356011), (2057, 0.394958251520701), (2058, 0.397663053462733), (2059, 0.400371872934782), (2060, 0.403084581235056), (2061, 0.4058010492262), (2062, 0.408521147354275), (2063, 0.411244745667804), (2064, 0.413971713836889), (2065, 0.416701921172382), (2066, 0.419435236645112), (2067, 0.422171528905169), (2068, 0.424910666301224), (2069, 0.427652516899895), (2070, 0.430396948505154), (2071, 0.433143828677755), (2072, 0.435893024754697), (2073, 0.438644403868707), (2074, 0.441397832967738), (2075, 0.444153178834482), (2076, 0.446910308105886), (2077, 0.44966908729268), (2078, 0.452429382798894), (2079, 0.455191060941372), (2080, 0.457953987969276), (2081, 0.460718030083571), (2082, 0.463483053456494), (2083, 0.466248924250992), (2084, 0.469015508640134), (2085, 0.471782672826489), (2086, 0.474550283061459), (2087, 0.477318205664575), (2088, 0.480086307042744), (2089, 0.482854453709437), (2090, 0.485622512303826), (2091, 0.488390349609859), (2092, 0.491157832575264), (2093, 0.493924828330485), (2094, 0.496691204207545), (2095, 0.499456827758831), (2096, 0.502221566775784), (2097, 0.504985289307518), (2098, 0.507747863679333), (2099, 0.510509158511139), (2100, 0.513269042735779), (2101, 0.516027385617242), (2102, 0.518784056768777), (2103, 0.521538926170883), (2104, 0.524291864189195), (2105, 0.527042741592236), (2106, 0.529791429569059), (2107, 0.532537799746746), (2108, 0.535281724207789), (2109, 0.538023075507326), (2110, 0.540761726690239), (2111, 0.543497551308117), (2112, 0.546230423436058), (2113, 0.548960217689339), (2114, 0.551686809239914), (2115, 0.554410073832771), (2116, 0.55712988780212), (2117, 0.559846128087419), (2118, 0.562558672249239), (2119, 0.565267398484947), (2120, 0.567972185644234), (2121, 0.570672913244448), (2122, 0.573369461485764), (2123, 0.576061711266164), (2124, 0.578749544196235), (2125, 0.581432842613777), (2126, 0.584111489598229), (2127, 0.586785368984889), (2128, 0.589454365378956), (2129, 0.592118364169358), (2130, 0.594777251542391), (2131, 0.59743091449515), (2132, 0.600079240848761), (2133, 0.602722119261397), (2134, 0.605359439241093), (2135, 0.607991091158349), (2136, 0.610616966258514), (2137, 0.613236956673963), (2138, 0.61585095543605), (2139, 0.618458856486846), (2140, 0.621060554690657), (2141, 0.623655945845316), (2142, 0.626244926693258), (2143, 0.62882739493236), (2144, 0.631403249226564), (2145, 0.633972389216268), (2146, 0.636534715528481), (2147, 0.639090129786764), (2148, 0.641638534620919), (2149, 0.644179833676462), (2150, 0.64671393162385), (2151, 0.649240734167483), (2152, 0.651760148054461), (2153, 0.654272081083113), (2154, 0.656776442111281), (2155, 0.659273141064373), (2156, 0.661762088943173), (2157, 0.664243197831411), (2158, 0.666716380903101), (2159, 0.669181552429628), (2160, 0.671638627786604), (2161, 0.674087523460481), (2162, 0.676528157054919), (2163, 0.678960447296919), (2164, 0.681384314042714), (2165, 0.683799678283417), (2166, 0.686206462150428), (2167, 0.688604588920606), (2168, 0.690993983021194), (2169, 0.693374570034507), (2170, 0.695746276702382), (2171, 0.698109030930385), (2172, 0.700462761791781), (2173, 0.70280739953127), (2174, 0.705142875568476), (2175, 0.707469122501209), (2176, 0.709786074108483), (2177, 0.712093665353305), (2178, 0.714391832385225), (2179, 0.716680512542654), (2180, 0.718959644354947), (2181, 0.721229167544262), (2182, 0.723489023027178), (2183, 0.725739152916089), (2184, 0.727979500520373), (2185, 0.730210010347325), (2186, 0.732430628102874), (2187, 0.734641300692069), (2188, 0.736841976219347), (2189, 0.739032603988571), (2190, 0.741213134502862), (2191, 0.743383519464198), (2192, 0.745543711772806), (2193, 0.747693665526336), (2194, 0.749833336018817), (2195, 0.751962679739412), (2196, 0.754081654370951), (2197, 0.756190218788262), (2198, 0.7582883330563), (2199, 0.760375958428061), (2200, 0.762453057342303), (2201, 0.764519593421063), (2202, 0.766575531466974), (2203, 0.768620837460391), (2204, 0.770655478556317), (2205, 0.77267942308114), (2206, 0.774692640529182), (2207, 0.776695101559057), (2208, 0.778686777989844), (2209, 0.78066764279708), (2210, 0.782637670108569), (2211, 0.784596835200016), (2212, 0.786545114490479), (2213, 0.788482485537659), (2214, 0.790408927033001), (2215, 0.792324418796647), (2216, 0.794228941772206), (2217, 0.796122478021369), (2218, 0.79800501071836), (2219, 0.799876524144228), (2220, 0.801737003680989), (2221, 0.803586435805601), (2222, 0.805424808083806), (2223, 0.807252109163807), (2224, 0.809068328769812), (2225, 0.810873457695425), (2226, 0.812667487796908), (2227, 0.814450411986294), (2228, 0.816222224224374), (2229, 0.817982919513545), (2230, 0.819732493890536), (2231, 0.821470944418998), (2232, 0.823198269181983), (2233, 0.824914467274287), (2234, 0.826619538794685), (2235, 0.82831348483805), (2236, 0.829996307487351), (2237, 0.831668009805552), (2238, 0.833328595827393), (2239, 0.834978070551079), (2240, 0.836616439929852), (2241, 0.838243710863477), (2242, 0.839859891189629), (2243, 0.84146498967518), (2244, 0.843059016007402), (2245, 0.844641980785084), (2246, 0.846213895509557), (2247, 0.847774772575641), (2248, 0.849324625262516), (2249, 0.850863467724506), (2250, 0.852391314981801), (2251, 0.853908182911102), (2252, 0.855414088236196), (2253, 0.85690904851847), (2254, 0.858393082147359), (2255, 0.859866208330732), (2256, 0.86132844708523), (2257, 0.862779819226534), (2258, 0.864220346359595), (2259, 0.865650050868808), (2260, 0.867068955908137), (2261, 0.868477085391203), (2262, 0.869874463981326), (2263, 0.871261117081524), (2264, 0.872637070824487), (2265, 0.874002352062504), (2266, 0.875356988357372), (2267, 0.876701007970265), (2268, 0.878034439851581), (2269, 0.879357313630772), (2270, 0.88066965960614), (2271, 0.881971508734625), (2272, 0.883262892621573), (2273, 0.88454384351049), (2274, 0.885814394272783), (2275, 0.887074578397494), (2276, 0.88832442998103), (2277, 0.889563983716884), (2278, 0.890793274885354), (2279, 0.892012339343264), (2280, 0.89322121351369), (2281, 0.894419934375686), (2282, 0.895608539454017), (2283, 0.896787066808908), (2284, 0.897955555025791), (2285, 0.899114043205082), (2286, 0.90026257095196), (2287, 0.901401178366166), (2288, 0.902529906031831), (2289, 0.903648795007311), (2290, 0.904757886815056), (2291, 0.905857223431502), (2292, 0.906946847276988), (2293, 0.908026801205703), (2294, 0.90909712849567), (2295, 0.91015787283875), (2296, 0.911209078330696), (2297, 0.912250789461234), (2298, 0.913283051104182), (2299, 0.914305908507616), (2300, 0.91531940728407), (2301, 0.916323593400786), (2302, 0.917318513170002), (2303, 0.918304213239293), (2304, 0.919280740581956), (2305, 0.920248142487449), (2306, 0.921206466551874), (2307, 0.922155760668521), (2308, 0.923096073018459), (2309, 0.924027452061187), (2310, 0.924949946525341), (2311, 0.925863605399457), (2312, 0.926768477922796), (2313, 0.92766461357623), (2314, 0.928552062073187), (2315, 0.929430873350662), (2316, 0.930301097560291), (2317, 0.931162785059493), (2318, 0.932015986402677), (2319, 0.932860752332514), (2320, 0.933697133771283), (2321, 0.934525181812284), (2322, 0.935344947711324), (2323, 0.936156482878269), (2324, 0.936959838868681), (2325, 0.93775506737551), (2326, 0.938542220220883), (2327, 0.93932134934795), (2328, 0.940092506812813), (2329, 0.940855744776537), (2330, 0.941611115497229), (2331, 0.942358671322205), (2332, 0.943098464680229), (2333, 0.943830548073834), (2334, 0.944554974071727), (2335, 0.945271795301272), (2336, 0.945981064441053), (2337, 0.946682834213524), (2338, 0.947377157377737), (2339, 0.948064086722157), (2340, 0.94874367505756), (2341, 0.94941597521001), (2342, 0.950081040013933), (2343, 0.95073892230526), (2344, 0.951389674914668), (2345, 0.952033350660903), (2346, 0.952670002344184), (2347, 0.953299682739702), (2348, 0.953922444591197), (2349, 0.95453834060463), (2350, 0.955147423441933), (2351, 0.955749745714855), (2352, 0.95634535997889), (2353, 0.956934318727292), (2354, 0.95751667438518), (2355, 0.958092479303732), (2356, 0.958661785754461), (2357, 0.959224645923585), (2358, 0.959781111906479), (2359, 0.960331235702222), (2360, 0.960875069208224), (2361, 0.961412664214943), (2362, 0.961944072400693), (2363, 0.962469345326537), (2364, 0.962988534431267), (2365, 0.96350169102647), (2366, 0.964008866291685), (2367, 0.96451011126964), (2368, 0.965005476861589), (2369, 0.965495013822716), (2370, 0.965978772757642), (2371, 0.966456804116013), (2372, 0.966929158188169), (2373, 0.967395885100902), (2374, 0.967857034813302), (2375, 0.968312657112682), (2376, 0.968762801610594), (2377, 0.96920751773892), (2378, 0.969646854746056), (2379, 0.970080861693177), (2380, 0.970509587450577), (2381, 0.970933080694106), (2382, 0.971351389901673), (2383, 0.971764563349848), (2384, 0.972172649110525), (2385, 0.972575695047685), (2386, 0.972973748814228), (2387, 0.973366857848887), (2388, 0.973755069373223), (2389, 0.974138430388692), (2390, 0.974516987673807), (2391, 0.974890787781353), (2392, 0.975259877035703), (2393, 0.975624301530191), (2394, 0.975984107124576), (2395, 0.976339339442572), (2396, 0.976690043869454), (2397, 0.977036265549743), (2398, 0.97737804938496), (2399, 0.977715440031452), (2400, 0.978048481898294), (2401, 0.978377219145262), (2402, 0.978701695680871), (2403, 0.979021955160493), (2404, 0.979338040984536), (2405, 0.979649996296698), (2406, 0.979957863982284), (2407, 0.980261686666595), (2408, 0.980561506713381), (2409, 0.980857366223362), (2410, 0.981149307032811), (2411, 0.98143737071221), (2412, 0.981721598564958), (2413, 0.982002031626153), (2414, 0.98227871066143), (2415, 0.982551676165863), (2416, 0.982820968362931), (2417, 0.983086627203537), (2418, 0.983348692365097), (2419, 0.983607203250676), (2420, 0.983862198988194), (2421, 0.98411371842968), (2422, 0.984361800150587), (2423, 0.984606482449165), (2424, 0.984847803345883), (2425, 0.985085800582911), (2426, 0.985320511623653), (2427, 0.985551973652334), (2428, 0.985780223573639), (2429, 0.986005298012402), (2430, 0.986227233313348), (2431, 0.986446065540881), (2432, 0.98666183047893), (2433, 0.986874563630829), (2434, 0.987084300219259), (2435, 0.987291075186228), (2436, 0.987494923193099), (2437, 0.987695878620667), (2438, 0.987893975569276), (2439, 0.988089247858981), (2440, 0.988281729029755), (2441, 0.988471452341735), (2442, 0.988658450775517), (2443, 0.98884275703248), (2444, 0.989024403535159), (2445, 0.989203422427658), (2446, 0.989379845576095), (2447, 0.989553704569091), (2448, 0.989725030718295), (2449, 0.989893855058941), (2450, 0.990060208350445), (2451, 0.990224121077042), (2452, 0.990385623448442), (2453, 0.990544745400539), (2454, 0.990701516596137), (2455, 0.990855966425715), (2456, 0.991008124008226), (2457, 0.991158018191923), (2458, 0.991305677555212), (2459, 0.991451130407546), (2460, 0.991594404790333), (2461, 0.991735528477883), (2462, 0.991874528978378), (2463, 0.992011433534871), (2464, 0.992146269126308), (2465, 0.992279062468576), (2466, 0.992409840015583), (2467, 0.992538627960348), (2468, 0.99266545223613), (2469, 0.992790338517567), (2470, 0.992913312221848), (2471, 0.993034398509896), (2472, 0.993153622287586), (2473, 0.993271008206965), (2474, 0.99338658066751), (2475, 0.993500363817393), (2476, 0.99361238155477), (2477, 0.993722657529088), (2478, 0.993831215142407), (2479, 0.993938077550741), (2480, 0.994043267665414), (2481, 0.994146808154434), (2482, 0.994248721443877), (2483, 0.994349029719297), (2484, 0.994447754927133), (2485, 0.994544918776145), (2486, 0.994640542738858), (2487, 0.994734648053014), (2488, 0.994827255723042), (2489, 0.994918386521537), (2490, 0.995008060990752), (2491, 0.995096299444095), (2492, 0.995183121967644), (2493, 0.995268548421667), (2494, 0.99535259844215), (2495, 0.995435291442335), (2496, 0.995516646614269), (2497, 0.995596682930358), (2498, 0.995675419144924), (2499, 0.99575287379578), (2500, 0.995829065205798), (2501, 0.995904011484497), (2502, 0.995977730529621), (2503, 0.996050240028737), (2504, 0.996121557460826), (2505, 0.996191700097888), (2506, 0.99626068500654), (2507, 0.996328529049632), (2508, 0.996395248887849), (2509, 0.996460860981332), (2510, 0.996525381591287), (2511, 0.99658882678161), (2512, 0.996651212420502), (2513, 0.996712554182091), (2514, 0.996772867548053), (2515, 0.996832167809239), (2516, 0.996890470067291), (2517, 0.996947789236271), (2518, 0.997004140044279), (2519, 0.997059537035077), (2520, 0.997113994569711), (2521, 0.997167526828128), (2522, 0.997220147810795), (2523, 0.997271871340315), (2524, 0.997322711063043), (2525, 0.997372680450694), (2526, 0.997421792801955), (2527, 0.99747006124409), (2528, 0.997517498734543), (2529, 0.997564118062537), (2530, 0.99760993185067), (2531, 0.997654952556504), (2532, 0.997699192474159), (2533, 0.997742663735891), (2534, 0.99778537831367), (2535, 0.997827348020756), (2536, 0.997868584513268), (2537, 0.997909099291745), (2538, 0.997948903702705), (2539, 0.997988008940198), (2540, 0.99802642604735), (2541, 0.998064165917906), (2542, 0.998101239297761), (2543, 0.998137656786491), (2544, 0.998173428838869), (2545, 0.998208565766385), (2546, 0.99824307773875), (2547, 0.998276974785396), (2548, 0.998310266796971), (2549, 0.998342963526822), (2550, 0.998375074592475), (2551, 0.998406609477105), (2552, 0.998437577530999), (2553, 0.998467987973011), (2554, 0.998497849892008), (2555, 0.998527172248305), (2556, 0.998555963875105), (2557, 0.998584233479912), (2558, 0.998611989645946), (2559, 0.998639240833551), (2560, 0.998665995381589), (2561, 0.998692261508828), (2562, 0.998718047315317), (2563, 0.998743360783763), (2564, 0.998768209780883), (2565, 0.998792602058762), (2566, 0.99881654525619), (2567, 0.998840046899998), (2568, 0.998863114406381), (2569, 0.99888575508221), (2570, 0.998907976126339), (2571, 0.9989297846309), (2572, 0.998951187582585), (2573, 0.998972191863927), (2574, 0.998992804254562), (2575, 0.999013031432485), (2576, 0.999032879975304), (2577, 0.999052356361465), (2578, 0.999071466971489), (2579, 0.999090218089184), (2580, 0.999108615902855), (2581, 0.999126666506497), (2582, 0.999144375900987), (2583, 0.99916174999526), (2584, 0.999178794607473), (2585, 0.999195515466169), (2586, 0.999211918211418), (2587, 0.999228008395955), (2588, 0.999243791486314), (2589, 0.999259272863935), (2590, 0.999274457826279), (2591, 0.999289351587921), (2592, 0.999303959281641), (2593, 0.999318285959495), (2594, 0.999332336593889), (2595, 0.999346116078629), (2596, 0.999359629229975), (2597, 0.999372880787672), (2598, 0.999385875415979), (2599, 0.999398617704688), (2600, 0.999411112170131), (2601, 0.99942336325617), (2602, 0.999435375335196), (2603, 0.999447152709097), (2604, 0.999458699610229), (2605, 0.999470020202373), (2606, 0.999481118581685), (2607, 0.999491998777631), (2608, 0.999502664753915), (2609, 0.999513120409403), (2610, 0.999523369579025), (2611, 0.99953341603468), (2612, 0.999543263486121), (2613, 0.999552915581841), (2614, 0.999562375909936), (2615, 0.999571647998975), (2616, 0.999580735318844), (2617, 0.999589641281594), (2618, 0.999598369242271), (2619, 0.99960692249974), (2620, 0.999615304297501), (2621, 0.999623517824495), (2622, 0.999631566215897), (2623, 0.999639452553905), (2624, 0.999647179868518), (2625, 0.999654751138308), (2626, 0.999662169291174), (2627, 0.999669437205097), (2628, 0.999676557708884), (2629, 0.999683533582898), (2630, 0.999690367559787), (2631, 0.999697062325195), (2632, 0.999703620518475), (2633, 0.999710044733387), (2634, 0.999716337518784), (2635, 0.999722501379302), (2636, 0.999728538776028), (2637, 0.999734452127167), (2638, 0.999740243808702), (2639, 0.999745916155039), (2640, 0.999751471459652), (2641, 0.999756911975713), (2642, 0.99976223991672), (2643, 0.999767457457111), (2644, 0.999772566732875), (2645, 0.999777569842152), (2646, 0.999782468845832), (2647, 0.999787265768133), (2648, 0.999791962597185), (2649, 0.999796561285599), (2650, 0.999801063751032), (2651, 0.999805471876739), (2652, 0.999809787512128), (2653, 0.999814012473295), (2654, 0.999818148543563), (2655, 0.999822197474006), (2656, 0.999826160983971), (2657, 0.999830040761588), (2658, 0.999833838464282), (2659, 0.999837555719263), (2660, 0.999841194124026), (2661, 0.999844755246835), (2662, 0.999848240627199), (2663, 0.999851651776345), (2664, 0.999854990177686), (2665, 0.99985825728728), (2666, 0.999861454534279), (2667, 0.999864583321378), (2668, 0.999867645025257), (2669, 0.99987064099701), (2670, 0.999873572562577), (2671, 0.999876441023164), (2672, 0.999879247655659), (2673, 0.999881993713038), (2674, 0.999884680424777), (2675, 0.999887308997239), (2676, 0.999889880614076), (2677, 0.999892396436609), (2678, 0.99989485760421), (2679, 0.999897265234679), (2680, 0.999899620424611), (2681, 0.999901924249763), (2682, 0.99990417776541), (2683, 0.999906382006698), (2684, 0.999908537988996), (2685, 0.999910646708234), (2686, 0.999912709141245), (2687, 0.999914726246093), (2688, 0.999916698962404), (2689, 0.999918628211689), (2690, 0.999920514897659), (2691, 0.999922359906539), (2692, 0.999924164107376), (2693, 0.999925928352343), (2694, 0.999927653477035), (2695, 0.999929340300767), (2696, 0.99993098962686), (2697, 0.999932602242928), (2698, 0.999934178921156), (2699, 0.999935720418578), (2700, 0.999937227477348), (2701, 0.999938700825008), (2702, 0.99994014117475), (2703, 0.999941549225676), (2704, 0.999942925663052), (2705, 0.99994427115856), (2706, 0.999945586370541), (2707, 0.999946871944245), (2708, 0.999948128512063), (2709, 0.999949356693765), (2710, 0.999950557096731), (2711, 0.999951730316176), (2712, 0.99995287693538), (2713, 0.999953997525901), (2714, 0.999955092647794), (2715, 0.999956162849828), (2716, 0.999957208669687), (2717, 0.999958230634184), (2718, 0.999959229259459), (2719, 0.99996020505118), (2720, 0.999961158504735), (2721, 0.999962090105433), (2722, 0.999963000328683), (2723, 0.999963889640189), (2724, 0.999964758496125), (2725, 0.999965607343323), (2726, 0.999966436619445), (2727, 0.999967246753154), (2728, 0.999968038164295), (2729, 0.999968811264051), (2730, 0.999969566455116), (2731, 0.999970304131856), (2732, 0.999971024680464), (2733, 0.999971728479125), (2734, 0.99997241589816), (2735, 0.999973087300187), (2736, 0.999973743040262), (2737, 0.99997438346603), (2738, 0.999975008917865), (2739, 0.999975619729015), (2740, 0.999976216225738), (2741, 0.999976798727438), (2742, 0.999977367546798), (2743, 0.999977922989915), (2744, 0.999978465356427), (2745, 0.999978994939636), (2746, 0.999979512026639), (2747, 0.999980016898446), (2748, 0.999980509830101), (2749, 0.999980991090802), (2750, 0.999981460944012) }
  Time:        20.5 s

  + State elimination
    States:      57579
    Transitions: 57579
    Branches:    964158
    Time:        18.6 s

  + Value iteration
    Time: 1.8 s
