Peak memory usage: 246 MB
Analysis results for abstractArbiter7_reduced_v2.modest

+ State space exploration
  Min. state size: 112 bytes
  States:          591370
  Transitions:     591370
  Branches:        732349
  Rate:            547565 states/s
  Time:            1.2 s

+ Property p1
  Probability: 0.999979225645884
  Bounds:      [0.999979225645884, 1]
  CDF:         { (0, 0), ..., (48, 0), (49, 1.94032521748263E-48), (50, 7.73974170084737E-47), (51, 1.58119382098772E-45), (52, 2.20462736831627E-44), (53, 2.35877769580485E-43), (54, 2.06461010705106E-42), (55, 1.53920381292349E-41), (56, 1.0048111001231E-40), (57, 5.86078161269827E-40), (58, 3.10138135739845E-39), (59, 1.50692843039568E-38), (60, 6.7881980902856E-38), (61, 2.85741835816897E-37), (62, 1.13139077459118E-36), (63, 4.23730996324909E-36), (64, 1.50825910914176E-35), (65, 5.12339460931821E-35), (66, 1.66684192910854E-34), (67, 5.21020783933347E-34), (68, 1.56910098425226E-33), (69, 4.5641500827372E-33), (70, 1.28512920377054E-32), (71, 3.50977380777131E-32), (72, 9.31409703359552E-32), (73, 2.40570712626198E-31), (74, 6.05665207799887E-31), (75, 1.48833964402E-30), (76, 3.57431991325917E-30), (77, 8.3985717650882E-30), (78, 1.93284883857129E-29), (79, 4.36109742571825E-29), (80, 9.65590392392834E-29), (81, 2.09968934556096E-28), (82, 4.48768595868052E-28), (83, 9.43436210054711E-28), (84, 1.95218865608442E-27), (85, 3.97857612661618E-27), (86, 7.99080128028743E-27), (87, 1.58253747728796E-26), (88, 3.09206324561039E-26), (89, 5.96334193296389E-26), (90, 1.13574802558279E-25), (91, 2.13706524187901E-25), (92, 3.97446925617766E-25), (93, 7.30867066060324E-25), (94, 1.32940961745841E-24), (95, 2.39273886957654E-24), (96, 4.26279982634174E-24), (97, 7.51964825593276E-24), (98, 1.31382064422485E-23), (99, 2.27424516171091E-23), (100, 3.90141239279697E-23), (101, 6.63445117986168E-23), (102, 1.11865631784397E-22), (103, 1.87069061416332E-22), (104, 3.10328272064349E-22), (105, 5.10800082851557E-22), (106, 8.34416514875807E-22), (107, 1.35302360808536E-21), (108, 2.17822640741307E-21), (109, 3.48222645493384E-21), (110, 5.52898356676695E-21), (111, 8.72052781418898E-21), (112, 1.36653706368052E-20), (113, 2.12789634736612E-20), (114, 3.29303665900303E-20), (115, 5.06551799564322E-20), (116, 7.74629743541669E-20), (117, 1.17778781744463E-19), (118, 1.78073780762942E-19), (119, 2.6776164052375E-19), (120, 4.00466046179389E-19), (121, 5.95804340418832E-19), (122, 8.81885416834477E-19), (123, 1.29879149622607E-18), (124, 1.90340907194528E-18), (125, 2.77610173694769E-18), (126, 4.02988663827371E-18), (127, 5.82299960035509E-18), (128, 8.37602773854015E-18), (129, 1.19951733591554E-17), (130, 1.71037154526683E-17), (131, 2.42843885066909E-17), (132, 3.43362448269366E-17), (133, 4.83506590495847E-17), (134, 6.78125384750788E-17), (135, 9.47346032027552E-17), (136, 1.31834899044123E-16), (137, 1.82770631912556E-16), (138, 2.52445123169722E-16), (139, 3.47409376379077E-16), (140, 4.76385656756042E-16), (141, 6.50947908797405E-16), (142, 8.86403133366365E-16), (143, 1.20292944886929E-15), (144, 1.62704100103038E-15), (145, 2.1934678020035E-15), (146, 2.94756074391167E-15), (147, 3.9483593725452E-15), (148, 5.27249363700379E-15), (149, 7.01913208173909E-15), (150, 9.31623940636271E-15), (151, 1.23284678740172E-14), (152, 1.62670819409383E-14), (153, 2.14024063579682E-14), (154, 2.80793979860252E-14), (155, 3.67370743519393E-14), (156, 4.79326918687934E-14), (157, 6.23717587148429E-14), (158, 8.09451975164549E-14), (159, 1.04775248098894E-13), (160, 1.35272028658051E-13), (161, 1.74203064047759E-13), (162, 2.23778553208729E-13), (163, 2.86755696479114E-13), (164, 3.66566051893718E-13), (165, 4.67470653993334E-13), (166, 5.94748527919919E-13), (167, 7.54925287159372E-13), (168, 9.56049739736967E-13), (169, 1.20802787289581E-12), (170, 1.52302527202223E-12), (171, 1.91595099179053E-12), (172, 2.40503817686999E-12), (173, 3.01253937199755E-12), (174, 3.76555751850488E-12), (175, 4.69703716465342E-12), (176, 5.8469444856079E-12), (177, 7.26366938858999E-12), (178, 9.00568835127473E-12), (179, 1.11435327977618E-11), (180, 1.37621148576499E-11), (181, 1.69634703922035E-11), (182, 2.08699883317999E-11), (183, 2.5628205788447E-11), (184, 3.14132602380715E-11), (185, 3.84341034768484E-11), (186, 4.69395972279955E-11), (187, 5.72256274120149E-11), (188, 6.96433934152606E-11), (189, 8.4609050440412E-11), (190, 1.02614907461249E-10), (191, 1.24242410719674E-10), (192, 1.50177173406555E-10), (193, 1.81226346497181E-10), (194, 2.18338664032218E-10), (195, 2.62627538840289E-10), (196, 3.15397632213791E-10), (197, 3.78175373832346E-10), (198, 4.5274396676899E-10), (199, 5.41183477238404E-10), (200, 6.45916680415945E-10), (201, 7.69761412770214E-10), (202, 9.15990268548418E-10), (203, 1.08839857401044E-09), (204, 1.29138167844277E-09), (205, 1.53002271665691E-09), (206, 1.8101921243907E-09), (207, 2.1386603266292E-09), (208, 2.52322517023152E-09), (209, 2.97285583732149E-09), (210, 3.49785515564436E-09), (211, 4.11004241752432E-09), (212, 4.82295903123213E-09), (213, 5.65209955858405E-09), (214, 6.61517094157534E-09), (215, 7.73238298997298E-09), (216, 9.02677349225574E-09), (217, 1.05245716253301E-08), (218, 1.22556036753291E-08), (219, 1.42537454438041E-08), (220, 1.65574261020548E-08), (221, 1.92101886725264E-08), (222, 2.22613127614741E-08), (223, 2.57665056427821E-08), (224, 2.97886683002623E-08), (225, 3.43987435762742E-08), (226, 3.96766541494027E-08), (227, 4.57123386744966E-08), (228, 5.26068950658422E-08), (229, 6.04738405898501E-08), (230, 6.9440499158501E-08), (231, 7.96495269800375E-08), (232, 9.12605885300094E-08), (233, 1.04452195654717E-07), (234, 1.1942372351119E-07), (235, 1.36397617983793E-07), (236, 1.55621810198014E-07), (237, 1.77372354777362E-07), (238, 2.01956309559994E-07), (239, 2.29714875607732E-07), (240, 2.61026817501689E-07), (241, 2.96312185125323E-07), (242, 3.36036359387287E-07), (243, 3.80714445631968E-07), (244, 4.30916039824515E-07), (245, 4.87270393978173E-07), (246, 5.50472008713513E-07), (247, 6.21286682300045E-07), (248, 7.00558047028784E-07), (249, 7.89214625297282E-07), (250, 8.88277439353989E-07), (251, 9.988682102436E-07), (252, 1.12221818311604E-06), (253, 1.25967761770544E-06), (254, 1.41272598444791E-06), (255, 1.58298290838373E-06), (256, 1.77221990467611E-06), (257, 1.98237295127042E-06), (258, 2.21555594590797E-06), (259, 2.47407509639304E-06), (260, 2.7604442946833E-06), (261, 3.07740152702608E-06), (262, 3.42792637398921E-06), (263, 3.8152586558279E-06), (264, 4.24291828018068E-06), (265, 4.71472635058983E-06), (266, 5.23482759578675E-06), (267, 5.80771418106104E-06), (268, 6.43825096433565E-06), (269, 7.13170226078876E-06), (270, 7.89376018098792E-06), (271, 8.73057460852167E-06), (272, 9.64878488402046E-06), (273, 1.06555532632398E-05), (274, 1.17586002175256E-05), (275, 1.29662416454811E-05), (276, 1.42874280650021E-05), (277, 1.57317858550208E-05), (278, 1.73096606163005E-05), (279, 1.90321627204331E-05), (280, 2.09112151158E-05), (281, 2.29596034586609E-05), (282, 2.51910286367094E-05), (283, 2.76201617513864E-05), (284, 3.02627016239448E-05), (285, 3.31354348887164E-05), (286, 3.62562987352229E-05), (287, 3.96444463586994E-05), (288, 4.33203151762391E-05), (289, 4.73056978631297E-05), (290, 5.16238162610118E-05), (291, 5.62993982062489E-05), (292, 6.13587573233553E-05), (293, 6.682987582446E-05), (294, 7.27424903516094E-05), (295, 7.91281808942021E-05), (296, 8.60204628090218E-05), (297, 9.34548819651715E-05), (298, 0.000101469113030723), (299, 0.000110103060912072), (300, 0.000119398965350846), (301, 0.000129401508676707), (302, 0.000140157926707627), (303, 0.000151718122782036), (304, 0.000164134784899841), (305, 0.000177463505941522), (306, 0.000191762906926493), (307, 0.000207094763263509), (308, 0.000223524133937334), (309, 0.000241119493566901), (310, 0.000259952867261089), (311, 0.000280099968188798), (312, 0.000301640337770349), (313, 0.000324657488387422), (314, 0.00034923904849863), (315, 0.000375476910037662), (316, 0.000403467377960489), (317, 0.000433311321797631), (318, 0.00046511432905686), (319, 0.000498986860310969), (320, 0.000535044405794479), (321, 0.000573407643322313), (322, 0.000614202597332665), (323, 0.000657560798845468), (324, 0.000703619446117094), (325, 0.000752521565761255), (326, 0.000804416174095495), (327, 0.000859458438462202), (328, 0.000917809838262844), (329, 0.000979638325434028), (330, 0.00104511848408419), (331, 0.00111443168900016), (332, 0.00118776626272351), (333, 0.00126531763088789), (334, 0.00134728847549971), (335, 0.00143388888583656), (336, 0.00152533650663012), (337, 0.0016218566831928), (338, 0.00172368260314083), (339, 0.00183105543436031), (340, 0.00194422445885678), (341, 0.00206344720212431), (342, 0.00218898955766512), (343, 0.00232112590628749), (344, 0.00246013922980611), (345, 0.002606321218767), (346, 0.00275997237381732), (347, 0.0029214021003394), (348, 0.00309092879596832), (349, 0.00326887993061285), (350, 0.00345559211860135), (351, 0.00365141118257608), (352, 0.00385669220876286), (353, 0.00407179959324704), (354, 0.00429710707889137), (355, 0.00453299778253734), (356, 0.0047798642121382), (357, 0.00503810827347929), (358, 0.00530814126614996), (359, 0.00559038386844051), (360, 0.00588526611084789), (361, 0.00619322733788515), (362, 0.00651471615790139), (363, 0.00685019038063211), (364, 0.00720011694221349), (365, 0.00756497181740863), (366, 0.00794523991880951), (367, 0.00834141498279434), (368, 0.00875399944203723), (369, 0.00918350428438485), (370, 0.00963044889793341), (371, 0.0100953609021583), (372, 0.0105787759649688), (373, 0.0110812376055818), (374, 0.0116032969831268), (375, 0.0121455126709211), (376, 0.012708450416371), (377, 0.0132926828864825), (378, 0.0138987893989841), (379, 0.014527355639092), (380, 0.015178973361969), (381, 0.0158542400809542), (382, 0.0165537587416654), (383, 0.0172781373821005), (384, 0.0180279887788893), (385, 0.0188039300798738), (386, 0.019606582423217), (387, 0.0204365705432699), (388, 0.0212945223634484), (389, 0.0221810685763975), (390, 0.0230968422117476), (391, 0.0240424781917892), (392, 0.0250186128754184), (393, 0.0260258835907321), (394, 0.02706492815667), (395, 0.0281363843941316), (396, 0.0292408896270125), (397, 0.0303790801736305), (398, 0.0315515908290344), (399, 0.0327590543387068), (400, 0.0340021008641958), (401, 0.0352813574412289), (402, 0.036597447430881), (403, 0.0379509899643895), (404, 0.0393425993822226), (405, 0.0407728846680284), (406, 0.0422424488781033), (407, 0.0437518885670372), (408, 0.0453017932102027), (409, 0.0468927446237716), (410, 0.04852531638295), (411, 0.0502000732391376), (412, 0.0519175705367218), (413, 0.0536783536302295), (414, 0.0554829573025623), (415, 0.05733190518505), (416, 0.0592257091800602), (417, 0.0611648688869029), (418, 0.0631498710317768), (419, 0.0651811889024975), (420, 0.067259281788753), (421, 0.0693845944286265), (422, 0.071557556462126), (423, 0.0737785818924527), (424, 0.0760480685557387), (425, 0.0783663975999731), (426, 0.080733932973831), (427, 0.083151020926109), (428, 0.0856179895164597), (429, 0.0881351481381075), (430, 0.0907027870532132), (431, 0.0933211769415432), (432, 0.0959905684630798), (433, 0.0987111918351979), (434, 0.101483256425012), (435, 0.104306950357481), (436, 0.107182440139834), (437, 0.110109870302877), (438, 0.113089363059682), (439, 0.116121017982191), (440, 0.119204911696191), (441, 0.122341097595127), (442, 0.125529605573188), (443, 0.128770441778059), (444, 0.132063588383737), (445, 0.135409003383745), (446, 0.138806620405089), (447, 0.14225634854324), (448, 0.145758072218426), (449, 0.149311651053463), (450, 0.152916919773348), (451, 0.156573688126789), (452, 0.160281740829833), (453, 0.164040837531716), (454, 0.167850712803016), (455, 0.171711076146201), (456, 0.175621612028576), (457, 0.179581979937655), (458, 0.183591814458925), (459, 0.187650725375945), (460, 0.191758297792702), (461, 0.195914092278103), (462, 0.200117645032471), (463, 0.204368468075852), (464, 0.208666049457966), (465, 0.21300985348954), (466, 0.217399320994792), (467, 0.22183386958477), (468, 0.226312893951249), (469, 0.230835766180841), (470, 0.235401836088962), (471, 0.240010431573276), (472, 0.244660858986208), (473, 0.249352403526085), (474, 0.254084329646466), (475, 0.258855881483184), (476, 0.263666283298594), (477, 0.268514739942527), (478, 0.273400437329409), (479, 0.278322542930995), (480, 0.283280206284156), (481, 0.28827255951312), (482, 0.293298717865587), (483, 0.298357780262092), (484, 0.303448829858), (485, 0.308570934617477), (486, 0.313723147898818), (487, 0.318904509050445), (488, 0.32411404401692), (489, 0.329350765954306), (490, 0.334613675854169), (491, 0.339901763175569), (492, 0.34521400648431), (493, 0.350549374098785), (494, 0.355906824741695), (495, 0.361285308196953), (496, 0.366683765971071), (497, 0.372101131958329), (498, 0.377536333109025), (499, 0.382988290100112), (500, 0.388455918007526), (501, 0.393938126979527), (502, 0.39943382291035), (503, 0.404941908113507), (504, 0.41046128199406), (505, 0.415990841719205), (506, 0.421529482886512), (507, 0.42707610018918), (508, 0.432629588077666), (509, 0.438188841417072), (510, 0.443752756139678), (511, 0.44932022989201), (512, 0.454890162675881), (513, 0.460461457482805), (514, 0.466033020921248), (515, 0.471603763836164), (516, 0.477172601920282), (517, 0.482738456316648), (518, 0.488300254211914), (519, 0.493856929419899), (520, 0.499407422954963), (521, 0.504950683594749), (522, 0.510485668431865), (523, 0.516011343414103), (524, 0.521526683872805), (525, 0.527030675039001), (526, 0.532522312546975), (527, 0.538000602924925), (528, 0.5434645640724), (529, 0.548913225724225), (530, 0.554345629900643), (531, 0.559760831343409), (532, 0.565157897937618), (533, 0.57053591111903), (534, 0.575893966266725), (535, 0.581231173080878), (536, 0.586546655945526), (537, 0.591839554276179), (538, 0.597109022852144), (539, 0.602354232133489), (540, 0.607574368562538), (541, 0.612768634849852), (542, 0.617936250244652), (543, 0.623076450789639), (544, 0.628188489560232), (545, 0.633271636888201), (546, 0.638325180569746), (547, 0.643348426058049), (548, 0.648340696640365), (549, 0.653301333599718), (550, 0.658229696361307), (551, 0.66312516262371), (552, 0.667987128475019), (553, 0.672815008494027), (554, 0.677608235836632), (555, 0.682366262307603), (556, 0.68708855841789), (557, 0.691774613427662), (558, 0.696423935375277), (559, 0.701036051092377), (560, 0.705610506205359), (561, 0.710146865123418), (562, 0.714644711013425), (563, 0.719103645761891), (564, 0.723523289924262), (565, 0.727903282661828), (566, 0.732243281666509), (567, 0.736542963073815), (568, 0.740802021364252), (569, 0.74502016925349), (570, 0.749197137571581), (571, 0.753332675131538), (572, 0.75742654858759), (573, 0.761478542283433), (574, 0.765488458090786), (575, 0.769456115238586), (576, 0.77338135013315), (577, 0.777264016169629), (578, 0.781103983535083), (579, 0.78490113900352), (580, 0.788655385723227), (581, 0.792366642996724), (582, 0.796034846053691), (583, 0.799659945817185), (584, 0.803241908663499), (585, 0.806780716175982), (586, 0.810276364893167), (587, 0.813728866051528), (588, 0.817138245323195), (589, 0.820504542548968), (590, 0.823827811466932), (591, 0.827108119437013), (592, 0.830345547161784), (593, 0.833540188403839), (594, 0.836692149700044), (595, 0.83980155007297), (596, 0.842868520739812), (597, 0.845893204819096), (598, 0.848875757035458), (599, 0.851816343422788), (600, 0.85471514102602), (601, 0.857572337601845), (602, 0.860388131318625), (603, 0.863162730455755), (604, 0.865896353102757), (605, 0.868589226858338), (606, 0.871241588529679), (607, 0.873853683832173), (608, 0.876425767089868), (609, 0.878958100936834), (610, 0.881450956019669), (611, 0.883904610701371), (612, 0.886319350766776), (613, 0.888695469129761), (614, 0.891033265542418), (615, 0.893333046306368), (616, 0.895595123986417), (617, 0.897819817126702), (618, 0.900007449969523), (619, 0.90215835217699), (620, 0.904272858555664), (621, 0.906351308784321), (622, 0.90839404714498), (623, 0.910401422257341), (624, 0.912373786816736), (625, 0.914311497335726), (626, 0.916214913889461), (627, 0.918084399864889), (628, 0.919920321713929), (629, 0.9217230487107), (630, 0.92349295271288), (631, 0.925230407927285), (632, 0.926935790679739), (633, 0.928609479189305), (634, 0.930251853346931), (635, 0.931863294498575), (636, 0.93344418523285), (637, 0.934994909173249), (638, 0.936515850774967), (639, 0.938007395126375), (640, 0.939469927755151), (641, 0.940903834439123), (642, 0.942309501021803), (643, 0.943687313232659), (644, 0.945037656512115), (645, 0.946360915841287), (646, 0.947657475576451), (647, 0.948927719288256), (648, 0.950172029605639), (649, 0.951390788064464), (650, 0.952584374960842), (651, 0.953753169209133), (652, 0.954897548204578), (653, 0.956017887690566), (654, 0.957114561630474), (655, 0.958187942084067), (656, 0.959238399088411), (657, 0.960266300543255), (658, 0.961272012100852), (659, 0.962255897060157), (660, 0.963218316265364), (661, 0.964159628008731), (662, 0.965080187937628), (663, 0.965980348965772), (664, 0.966860461188578), (665, 0.96772087180256), (666, 0.968561925028747), (667, 0.969383962040025), (668, 0.970187320892351), (669, 0.970972336459778), (670, 0.971739340373217), (671, 0.972488660962872), (672, 0.973220623204273), (673, 0.973935548667847), (674, 0.974633755471949), (675, 0.975315558239279), (676, 0.97598126805662), (677, 0.97663119243782), (678, 0.977265635289943), (679, 0.97788489688252), (680, 0.978489273819819), (681, 0.979079059016067), (682, 0.979654541673548), (683, 0.980216007263494), (684, 0.980763737509709), (685, 0.981298010374839), (686, 0.981819100049223), (687, 0.982327276942243), (688, 0.982822807676105), (689, 0.983305955081978), (690, 0.983776978198415), (691, 0.984236132271982), (692, 0.984683668760035), (693, 0.985119835335552), (694, 0.985544875893978), (695, 0.985959030561983), (696, 0.986362535708089), (697, 0.986755623955086), (698, 0.987138524194164), (699, 0.98751146160071), (700, 0.987874657651691), (701, 0.988228330144562), (702, 0.988572693217639), (703, 0.98890795737187), (704, 0.98923432949394), (705, 0.989552012880656), (706, 0.98986120726455), (707, 0.990162108840632), (708, 0.990454910294253), (709, 0.990739800830004), (710, 0.991016966201608), (711, 0.991286588742745), (712, 0.991548847398756), (713, 0.991803917759177), (714, 0.992051972091057), (715, 0.99229317937299), (716, 0.992527705329847), (717, 0.992755712468126), (718, 0.99297736011189), (719, 0.993192804439259), (720, 0.993402198519386), (721, 0.993605692349895), (722, 0.993803432894737), (723, 0.99399556412241), (724, 0.994182227044525), (725, 0.994363559754664), (726, 0.994539697467496), (727, 0.994710772558124), (728, 0.994876914601615), (729, 0.995038250412695), (730, 0.99519490408556), (731, 0.995346997033787), (732, 0.995494648030308), (733, 0.995637973247411), (734, 0.995777086296761), (735, 0.995912098269383), (736, 0.996043117775614), (737, 0.996170250984974), (738, 0.996293601665948), (739, 0.996413271225643), (740, 0.99652935874931), (741, 0.996641961039703), (742, 0.996751172656257), (743, 0.996857085954063), (744, 0.996959791122627), (745, 0.997059376224393), (746, 0.997155927233008), (747, 0.997249528071324), (748, 0.997340260649115), (749, 0.997428204900493), (750, 0.997513438821014), (751, 0.997596038504463), (752, 0.997676078179302), (753, 0.997753630244767), (754, 0.997828765306615), (755, 0.997901552212496), (756, 0.997972058086955), (757, 0.998040348366047), (758, 0.998106486831559), (759, 0.998170535644831), (760, 0.998232555380179), (761, 0.998292605057889), (762, 0.998350742176815), (763, 0.998407022746531), (764, 0.998461501319078), (765, 0.998514231020261), (766, 0.998565263580524), (767, 0.998614649365381), (768, 0.998662437405413), (769, 0.998708675425811), (770, 0.998753409875491), (771, 0.998796685955751), (772, 0.998838547648487), (773, 0.998879037743968), (774, 0.99891819786815), (775, 0.998956068509559), (776, 0.998992689045722), (777, 0.999028097769147), (778, 0.999062331912871), (779, 0.999095427675555), (780, 0.999127420246147), (781, 0.999158343828097), (782, 0.999188231663147), (783, 0.999217116054674), (784, 0.999245028390612), (785, 0.999271999165943), (786, 0.999298058004757), (787, 0.9993232336819), (788, 0.999347554144194), (789, 0.999371046531247), (790, 0.999393737195851), (791, 0.999415651723974), (792, 0.999436814954345), (793, 0.999457250997646), (794, 0.999476983255299), (795, 0.999496034437881), (796, 0.99951442658313), (797, 0.999532181073593), (798, 0.999549318653879), (799, 0.999565859447552), (800, 0.999581822973655), (801, 0.999597228162868), (802, 0.999612093373314), (803, 0.999626436406014), (804, 0.999640274519987), (805, 0.999653624447024), (806, 0.999666502406108), (807, 0.999678924117516), (808, 0.999690904816588), (809, 0.99970245926718), (810, 0.999713601774798), (811, 0.99972434619942), (812, 0.999734705968021), (813, 0.999744694086791), (814, 0.999754323153054), (815, 0.999763605366915), (816, 0.999772552542602), (817, 0.999781176119542), (818, 0.999789487173159), (819, 0.999797496425404), (820, 0.999805214255019), (821, 0.999812650707545), (822, 0.999819815505074), (823, 0.999826718055757), (824, 0.99983336746306), (825, 0.999839772534784), (826, 0.999845941791862), (827, 0.999851883476905), (828, 0.999857605562547), (829, 0.99986311575955), (830, 0.999868421524706), (831, 0.999873530068528), (832, 0.999878448362725), (833, 0.999883183147491), (834, 0.999887740938581), (835, 0.999892128034206), (836, 0.999896350521732), (837, 0.999900414284202), (838, 0.999904325006669), (839, 0.999908088182363), (840, 0.999911709118677), (841, 0.999915192942992), (842, 0.999918544608334), (843, 0.999921768898875), (844, 0.999924870435274), (845, 0.999927853679864), (846, 0.999930722941702), (847, 0.999933482381454), (848, 0.99993613601616), (849, 0.999938687723843), (850, 0.999941141247997), (851, 0.999943500201935), (852, 0.99994576807301), (853, 0.99994794822672), (854, 0.999950043910678), (855, 0.999952058258476), (856, 0.999953994293423), (857, 0.999955854932182), (858, 0.999957642988287), (859, 0.999959361175563), (860, 0.999961012111431), (861, 0.999962598320126), (862, 0.999964122235806), (863, 0.999965586205568), (864, 0.999966992492376), (865, 0.999968343277892), (866, 0.999969640665222), (867, 0.999970886681579), (868, 0.999972083280856), (869, 0.999973232346128), (870, 0.999974335692065), (871, 0.999975395067277), (872, 0.999976412156578), (873, 0.999977388583187), (874, 0.999978325910846), (875, 0.999979225645884) }
  Time:        43.1 s

  + Value iteration
    Final error: 0
    Iterations:  3503
    Time:        43.1 s
