# Data for router 7
0 0.0
10 0.0
20 0.0
30 0.27231498660070086
40 0.27231498660070086
50 0.27231498660070086
60 0.27231498660070086
70 0.27231498660070086
80 0.4356833642547928
90 0.5757575757575758
100 0.5757575757575758
110 0.5757575757575758
120 0.5757575757575758
130 0.5757575757575758
140 0.5757575757575758
150 0.5934858792001649
160 0.6430632859204288
170 0.6977942692228406
180 0.7320140177283034
190 0.7320140177283034
200 0.7320140177283034
210 0.7320140177283034
220 0.7320140177283034
230 0.7320140177283034
240 0.7320140177283034
250 0.7320140177283034
260 0.7350030921459493
270 0.7423211708925994
280 0.7475778190063904
290 0.7553081838796124
300 0.7553081838796124
310 0.7553081838796124
320 0.7553081838796124
330 0.7553081838796124
340 0.7553081838796124
350 0.7553081838796124
360 0.7553081838796124
370 0.7553081838796124
380 0.7553081838796124
390 0.7553081838796124
400 0.7554112554112554
410 0.7554112554112554
420 0.7554112554112554
430 0.7555143269428983
440 0.7556173984745413
450 0.7556173984745413
460 0.7556173984745413
470 0.7556173984745413
480 0.7556173984745413
490 0.7556173984745413
500 0.7556173984745413
510 0.7556173984745413
520 0.7556173984745413
530 0.7556173984745413
540 0.7556173984745413
550 0.7556173984745413
560 0.7556173984745413
570 0.7556173984745413
580 0.7556173984745413
590 0.7556173984745413
600 0.7556173984745413
610 0.7556173984745413
620 0.7556173984745413
630 0.7556173984745413
640 0.7556173984745413
650 0.7556173984745413
660 0.7556173984745413
670 0.7556173984745413
680 0.7556173984745413
690 0.7556173984745413
700 0.7556173984745413
710 0.7556173984745413
720 0.7556173984745413
730 0.7556173984745413
740 0.7556173984745413
750 0.7556173984745413
760 0.7556173984745413
770 0.7556173984745413
780 0.7556173984745413
790 0.7556173984745413
800 0.7556173984745413
810 0.7556173984745413
820 0.7556173984745413
830 0.7556173984745413
840 0.7556173984745413
850 0.7556173984745413
860 0.7556173984745413
870 0.7556173984745413
880 0.7556173984745413
890 0.7556173984745413
900 0.7556173984745413
910 0.7556173984745413
920 0.7556173984745413
930 0.7556173984745413
940 0.7556173984745413
950 0.7556173984745413
960 0.7556173984745413
970 0.7556173984745413
980 0.7556173984745413
990 0.7556173984745413
1000 0.753865182436611
