# Data for router 6
0 0.0
10 0.0
20 0.0
30 0.023088023088023088
40 0.023088023088023088
50 0.023088023088023088
60 0.023088023088023088
70 0.023088023088023088
80 0.07153164296021439
90 0.11544011544011544
100 0.11544011544011544
110 0.11544011544011544
120 0.11544011544011544
130 0.11544011544011544
140 0.11544011544011544
150 0.11678004535147392
160 0.12131519274376418
170 0.12605648319934035
180 0.12853019995877138
190 0.12853019995877138
200 0.12853019995877138
210 0.12853019995877138
220 0.12853019995877138
230 0.12853019995877138
240 0.12853019995877138
250 0.12853019995877138
260 0.12853019995877138
270 0.12853019995877138
280 0.12853019995877138
290 0.12853019995877138
300 0.12853019995877138
310 0.12853019995877138
320 0.12853019995877138
330 0.12853019995877138
340 0.12853019995877138
350 0.12853019995877138
360 0.12853019995877138
370 0.12853019995877138
380 0.12853019995877138
390 0.12853019995877138
400 0.12853019995877138
410 0.12853019995877138
420 0.12853019995877138
430 0.12853019995877138
440 0.12853019995877138
450 0.12853019995877138
460 0.12853019995877138
470 0.12853019995877138
480 0.12853019995877138
490 0.12853019995877138
500 0.12853019995877138
510 0.12853019995877138
520 0.12853019995877138
530 0.12853019995877138
540 0.12853019995877138
550 0.12853019995877138
560 0.12853019995877138
570 0.12853019995877138
580 0.12853019995877138
590 0.12853019995877138
600 0.12853019995877138
610 0.12853019995877138
620 0.12853019995877138
630 0.12853019995877138
640 0.12853019995877138
650 0.12853019995877138
660 0.12853019995877138
670 0.12853019995877138
680 0.12853019995877138
690 0.12853019995877138
700 0.12853019995877138
710 0.12853019995877138
720 0.12853019995877138
730 0.12853019995877138
740 0.12853019995877138
750 0.12853019995877138
760 0.12853019995877138
770 0.12853019995877138
780 0.12853019995877138
790 0.12853019995877138
800 0.12853019995877138
810 0.12853019995877138
820 0.12853019995877138
830 0.12853019995877138
840 0.12853019995877138
850 0.12853019995877138
860 0.12853019995877138
870 0.12853019995877138
880 0.12853019995877138
890 0.12853019995877138
900 0.12853019995877138
910 0.12853019995877138
920 0.12853019995877138
930 0.12853019995877138
940 0.12853019995877138
950 0.12853019995877138
960 0.12853019995877138
970 0.12853019995877138
980 0.12853019995877138
990 0.12853019995877138
1000 0.12574726860441146
