# Data for router 4
0 0.0
10 0.0
20 0.0
30 0.4769119769119769
40 0.4769119769119769
50 0.4769119769119769
60 0.4769119769119769
70 0.4769119769119769
80 0.6833642547928263
90 0.8528138528138528
100 0.8528138528138528
110 0.8528138528138528
120 0.8528138528138528
130 0.8528138528138528
140 0.8528138528138528
150 0.862708719851577
160 0.891465677179963
170 0.9217687074829932
180 0.9411461554318697
190 0.9411461554318697
200 0.9411461554318697
210 0.9411461554318697
220 0.9411461554318697
230 0.9411461554318697
240 0.9411461554318697
250 0.9411461554318697
260 0.943001443001443
270 0.9475365903937333
280 0.9502164502164502
290 0.9543393114821687
300 0.9543393114821687
310 0.9543393114821687
320 0.9543393114821687
330 0.9543393114821687
340 0.9543393114821687
350 0.9543393114821687
360 0.9543393114821687
370 0.9543393114821687
380 0.9543393114821687
390 0.9543393114821687
400 0.9544423830138116
410 0.9545454545454546
420 0.9546485260770975
430 0.9548546691403834
440 0.9549577406720264
450 0.9549577406720264
460 0.9549577406720264
470 0.9549577406720264
480 0.9549577406720264
490 0.9549577406720264
500 0.9549577406720264
510 0.9549577406720264
520 0.9549577406720264
530 0.9549577406720264
540 0.9549577406720264
550 0.9549577406720264
560 0.9549577406720264
570 0.9549577406720264
580 0.9549577406720264
590 0.9549577406720264
600 0.9549577406720264
610 0.9549577406720264
620 0.9549577406720264
630 0.9549577406720264
640 0.9549577406720264
650 0.9549577406720264
660 0.9549577406720264
670 0.9549577406720264
680 0.9549577406720264
690 0.9549577406720264
700 0.9549577406720264
710 0.9549577406720264
720 0.9549577406720264
730 0.9549577406720264
740 0.9549577406720264
750 0.9549577406720264
760 0.9549577406720264
770 0.9549577406720264
780 0.9549577406720264
790 0.9549577406720264
800 0.9549577406720264
810 0.9549577406720264
820 0.9549577406720264
830 0.9549577406720264
840 0.9549577406720264
850 0.9549577406720264
860 0.9549577406720264
870 0.9549577406720264
880 0.9549577406720264
890 0.9549577406720264
900 0.9549577406720264
910 0.9549577406720264
920 0.9549577406720264
930 0.9549577406720264
940 0.9549577406720264
950 0.9549577406720264
960 0.9549577406720264
970 0.9549577406720264
980 0.9549577406720264
990 0.9549577406720264
1000 0.9510410224695939
