# Data for router 3
0 0.0
10 0.0
20 0.0
30 0.12543805400948257
40 0.12543805400948257
50 0.12543805400948257
60 0.12543805400948257
70 0.12543805400948257
80 0.27839620696763556
90 0.4027004741290456
100 0.4027004741290456
110 0.4027004741290456
120 0.4027004741290456
130 0.4027004741290456
140 0.4027004741290456
150 0.4100185528756957
160 0.42991135848278705
170 0.4512471655328798
180 0.46660482374768086
190 0.46660482374768086
200 0.46660482374768086
210 0.46660482374768086
220 0.46660482374768086
230 0.46660482374768086
240 0.46660482374768086
250 0.46660482374768086
260 0.46876932591218307
270 0.47732426303854875
280 0.48227169655741087
290 0.48886827458256027
300 0.48886827458256027
310 0.48886827458256027
320 0.48886827458256027
330 0.48886827458256027
340 0.48886827458256027
350 0.48886827458256027
360 0.48886827458256027
370 0.48886827458256027
380 0.48886827458256027
390 0.48886827458256027
400 0.4906204906204906
410 0.49206349206349204
420 0.49360956503813647
430 0.49474335188620905
440 0.4957740672026386
450 0.4957740672026386
460 0.4957740672026386
470 0.4957740672026386
480 0.4957740672026386
490 0.4957740672026386
500 0.4957740672026386
510 0.4957740672026386
520 0.4957740672026386
530 0.4957740672026386
540 0.4957740672026386
550 0.4957740672026386
560 0.4957740672026386
570 0.4957740672026386
580 0.4958771387342816
590 0.49598021026592454
600 0.4960832817975675
610 0.4963924963924964
620 0.4963924963924964
630 0.4963924963924964
640 0.4963924963924964
650 0.4963924963924964
660 0.4963924963924964
670 0.4963924963924964
680 0.4963924963924964
690 0.4963924963924964
700 0.4963924963924964
710 0.4963924963924964
720 0.4963924963924964
730 0.4963924963924964
740 0.4963924963924964
750 0.4963924963924964
760 0.4963924963924964
770 0.4963924963924964
780 0.4963924963924964
790 0.4963924963924964
800 0.4963924963924964
810 0.4963924963924964
820 0.4963924963924964
830 0.4963924963924964
840 0.4963924963924964
850 0.4963924963924964
860 0.4963924963924964
870 0.4963924963924964
880 0.4963924963924964
890 0.4963924963924964
900 0.4963924963924964
910 0.4963924963924964
920 0.4963924963924964
930 0.4963924963924964
940 0.4963924963924964
950 0.4963924963924964
960 0.4963924963924964
970 0.4963924963924964
980 0.4963924963924964
990 0.4963924963924964
1000 0.49082663368377655
