# Data for router 5
0 0.0
10 0.0
20 0.0
30 0.12626262626262627
40 0.12626262626262627
50 0.12626262626262627
60 0.12626262626262627
70 0.12626262626262627
80 0.2851989280560709
90 0.4070294784580499
100 0.4070294784580499
110 0.4070294784580499
120 0.4070294784580499
130 0.4070294784580499
140 0.4070294784580499
150 0.4150690579262008
160 0.43527107812822097
170 0.455988455988456
180 0.4710368996083282
190 0.4710368996083282
200 0.4710368996083282
210 0.4710368996083282
220 0.4710368996083282
230 0.4710368996083282
240 0.4710368996083282
250 0.4710368996083282
260 0.47371675943104513
270 0.48093176664605236
280 0.4849515563801278
290 0.49113584827870543
300 0.49113584827870543
310 0.49113584827870543
320 0.49113584827870543
330 0.49113584827870543
340 0.49113584827870543
350 0.49113584827870543
360 0.49113584827870543
370 0.49113584827870543
380 0.49113584827870543
390 0.49113584827870543
400 0.49309420737992166
410 0.4945372088229231
420 0.4963924963924964
430 0.49814471243042674
440 0.4994846423417852
450 0.4994846423417852
460 0.4994846423417852
470 0.4994846423417852
480 0.4994846423417852
490 0.4994846423417852
500 0.4994846423417852
510 0.4994846423417852
520 0.4994846423417852
530 0.4994846423417852
540 0.4994846423417852
550 0.4994846423417852
560 0.4994846423417852
570 0.4996907854050711
580 0.4997938569367141
590 0.49989692846835704
600 0.5002061430632859
610 0.5005153576582148
620 0.5005153576582148
630 0.5005153576582148
640 0.5005153576582148
650 0.5005153576582148
660 0.5005153576582148
670 0.5005153576582148
680 0.5005153576582148
690 0.5005153576582148
700 0.5005153576582148
710 0.5005153576582148
720 0.5005153576582148
730 0.5005153576582148
740 0.5005153576582148
750 0.5005153576582148
760 0.5005153576582148
770 0.5005153576582148
780 0.5005153576582148
790 0.5005153576582148
800 0.5005153576582148
810 0.5005153576582148
820 0.5005153576582148
830 0.5005153576582148
840 0.5005153576582148
850 0.5005153576582148
860 0.5005153576582148
870 0.5005153576582148
880 0.5005153576582148
890 0.5005153576582148
900 0.5005153576582148
910 0.5005153576582148
920 0.5005153576582148
930 0.5005153576582148
940 0.5005153576582148
950 0.5005153576582148
960 0.5005153576582148
970 0.5005153576582148
980 0.5005153576582148
990 0.5005153576582148
1000 0.494949494949495
