# Data for router 1
0 0.0
10 0.0
20 0.0
30 0.25901875901875904
40 0.25901875901875904
50 0.25901875901875904
60 0.25901875901875904
70 0.25901875901875904
80 0.4340342197485055
90 0.5714285714285714
100 0.5714285714285714
110 0.5714285714285714
120 0.5714285714285714
130 0.5714285714285714
140 0.5714285714285714
150 0.5917336631622346
160 0.6498660070088641
170 0.7026386312100598
180 0.7368583797155226
190 0.7368583797155226
200 0.7368583797155226
210 0.7368583797155226
220 0.7368583797155226
230 0.7368583797155226
240 0.7368583797155226
250 0.7368583797155226
260 0.7394351680065966
270 0.7447948876520305
280 0.7493300350443207
290 0.7559266130694702
300 0.7559266130694702
310 0.7559266130694702
320 0.7559266130694702
330 0.7559266130694702
340 0.7559266130694702
350 0.7559266130694702
360 0.7559266130694702
370 0.7559266130694702
380 0.7559266130694702
390 0.7559266130694702
400 0.7560296846011132
410 0.756338899196042
420 0.756338899196042
430 0.756648113790971
440 0.756648113790971
450 0.756648113790971
460 0.756648113790971
470 0.756648113790971
480 0.756648113790971
490 0.756648113790971
500 0.756648113790971
510 0.756648113790971
520 0.756648113790971
530 0.756648113790971
540 0.756648113790971
550 0.756648113790971
560 0.756648113790971
570 0.756648113790971
580 0.756648113790971
590 0.756648113790971
600 0.756648113790971
610 0.756648113790971
620 0.756648113790971
630 0.756648113790971
640 0.756648113790971
650 0.756648113790971
660 0.756648113790971
670 0.756648113790971
680 0.756648113790971
690 0.756648113790971
700 0.756648113790971
710 0.756648113790971
720 0.756648113790971
730 0.756648113790971
740 0.756648113790971
750 0.756648113790971
760 0.756648113790971
770 0.756648113790971
780 0.756648113790971
790 0.756648113790971
800 0.756648113790971
810 0.756648113790971
820 0.756648113790971
830 0.756648113790971
840 0.756648113790971
850 0.756648113790971
860 0.756648113790971
870 0.756648113790971
880 0.756648113790971
890 0.756648113790971
900 0.756648113790971
910 0.756648113790971
920 0.756648113790971
930 0.756648113790971
940 0.756648113790971
950 0.756648113790971
960 0.756648113790971
970 0.756648113790971
980 0.756648113790971
990 0.756648113790971
1000 0.7542774685631829
