# Data for router 7
0 0.0
10 0.0
20 0.0
30 0.266852195423624
40 0.266852195423624
50 0.266852195423624
60 0.266852195423624
70 0.266852195423624
80 0.43929086786229643
90 0.5763760049474336
100 0.5763760049474336
110 0.5763760049474336
120 0.5763760049474336
130 0.5763760049474336
140 0.5763760049474336
150 0.5944135229849515
160 0.6492475778190064
170 0.7024324881467738
180 0.7341785198928056
190 0.7341785198928056
200 0.7341785198928056
210 0.7341785198928056
220 0.7341785198928056
230 0.7341785198928056
240 0.7341785198928056
250 0.7341785198928056
260 0.7360338074623789
270 0.743661100803958
280 0.7480931766646053
290 0.7547928262213977
300 0.7547928262213977
310 0.7547928262213977
320 0.7547928262213977
330 0.7547928262213977
340 0.7547928262213977
350 0.7547928262213977
360 0.7547928262213977
370 0.7547928262213977
380 0.7547928262213977
390 0.7547928262213977
400 0.7547928262213977
410 0.7551020408163265
420 0.7554112554112554
430 0.7556173984745413
440 0.7556173984745413
450 0.7556173984745413
460 0.7556173984745413
470 0.7556173984745413
480 0.7556173984745413
490 0.7556173984745413
500 0.7556173984745413
510 0.7556173984745413
520 0.7556173984745413
530 0.7556173984745413
540 0.7556173984745413
550 0.7556173984745413
560 0.7556173984745413
570 0.7556173984745413
580 0.7556173984745413
590 0.7556173984745413
600 0.7556173984745413
610 0.7556173984745413
620 0.7556173984745413
630 0.7556173984745413
640 0.7556173984745413
650 0.7556173984745413
660 0.7556173984745413
670 0.7556173984745413
680 0.7556173984745413
690 0.7556173984745413
700 0.7556173984745413
710 0.7556173984745413
720 0.7556173984745413
730 0.7556173984745413
740 0.7556173984745413
750 0.7556173984745413
760 0.7556173984745413
770 0.7556173984745413
780 0.7556173984745413
790 0.7556173984745413
800 0.7556173984745413
810 0.7556173984745413
820 0.7556173984745413
830 0.7556173984745413
840 0.7556173984745413
850 0.7556173984745413
860 0.7556173984745413
870 0.7556173984745413
880 0.7556173984745413
890 0.7556173984745413
900 0.7556173984745413
910 0.7556173984745413
920 0.7556173984745413
930 0.7556173984745413
940 0.7556173984745413
950 0.7556173984745413
960 0.7556173984745413
970 0.7556173984745413
980 0.7556173984745413
990 0.7556173984745413
1000 0.7575757575757576
