# Data for router 5
0 0.0
10 0.0
20 0.0
30 0.1305916305916306
40 0.1305916305916306
50 0.1305916305916306
60 0.1305916305916306
70 0.1305916305916306
80 0.28715728715728717
90 0.41043083900226757
100 0.41043083900226757
110 0.41043083900226757
120 0.41043083900226757
130 0.41043083900226757
140 0.41043083900226757
150 0.41671820243248814
160 0.43558029272314985
170 0.45701917130488556
180 0.47083075654504225
190 0.47083075654504225
200 0.47083075654504225
210 0.47083075654504225
220 0.47083075654504225
230 0.47083075654504225
240 0.47083075654504225
250 0.47083075654504225
260 0.4723768295196867
270 0.47938569367140793
280 0.4828901257472686
290 0.49196042053184913
300 0.49196042053184913
310 0.49196042053184913
320 0.49196042053184913
330 0.49196042053184913
340 0.49196042053184913
350 0.49196042053184913
360 0.49196042053184913
370 0.49196042053184913
380 0.49196042053184913
390 0.49196042053184913
400 0.4933003504432076
410 0.4945372088229231
420 0.4963924963924964
430 0.49835085549371266
440 0.49938157081014223
450 0.49938157081014223
460 0.49938157081014223
470 0.49938157081014223
480 0.49938157081014223
490 0.49938157081014223
500 0.49938157081014223
510 0.49938157081014223
520 0.49938157081014223
530 0.49938157081014223
540 0.49938157081014223
550 0.49938157081014223
560 0.49938157081014223
570 0.49958771387342815
580 0.5
590 0.5002061430632859
600 0.5003092145949288
610 0.5006184291898578
620 0.5006184291898578
630 0.5006184291898578
640 0.5006184291898578
650 0.5006184291898578
660 0.5006184291898578
670 0.5006184291898578
680 0.5006184291898578
690 0.5006184291898578
700 0.5006184291898578
710 0.5006184291898578
720 0.5006184291898578
730 0.5006184291898578
740 0.5006184291898578
750 0.5006184291898578
760 0.5006184291898578
770 0.5007215007215007
780 0.5007215007215007
790 0.5007215007215007
800 0.5008245722531437
810 0.5008245722531437
820 0.5008245722531437
830 0.5008245722531437
840 0.5008245722531437
850 0.5008245722531437
860 0.5008245722531437
870 0.5008245722531437
880 0.5008245722531437
890 0.5008245722531437
900 0.5008245722531437
910 0.5008245722531437
920 0.5008245722531437
930 0.5008245722531437
940 0.5008245722531437
950 0.5008245722531437
960 0.5008245722531437
970 0.5008245722531437
980 0.5008245722531437
990 0.5008245722531437
1000 0.49371263656977943
