# Data for router 0
0 0.0
10 0.0
20 0.0
30 0.023397237682951967
40 0.023397237682951967
50 0.023397237682951967
60 0.023397237682951967
70 0.023397237682951967
80 0.07462378890950319
90 0.11750154607297464
100 0.11750154607297464
110 0.11750154607297464
120 0.11750154607297464
130 0.11750154607297464
140 0.11750154607297464
150 0.11884147598433313
160 0.12420119562976706
170 0.1277056277056277
180 0.1311069882498454
190 0.1311069882498454
200 0.1311069882498454
210 0.1311069882498454
220 0.1311069882498454
230 0.1311069882498454
240 0.1311069882498454
250 0.1311069882498454
260 0.1311069882498454
270 0.1311069882498454
280 0.1311069882498454
290 0.1311069882498454
300 0.1311069882498454
310 0.1311069882498454
320 0.1311069882498454
330 0.1311069882498454
340 0.1311069882498454
350 0.1311069882498454
360 0.1311069882498454
370 0.1311069882498454
380 0.1311069882498454
390 0.1311069882498454
400 0.1311069882498454
410 0.1311069882498454
420 0.1311069882498454
430 0.1311069882498454
440 0.1311069882498454
450 0.1311069882498454
460 0.1311069882498454
470 0.1311069882498454
480 0.1311069882498454
490 0.1311069882498454
500 0.1311069882498454
510 0.1311069882498454
520 0.1311069882498454
530 0.1311069882498454
540 0.1311069882498454
550 0.1311069882498454
560 0.1311069882498454
570 0.1311069882498454
580 0.1311069882498454
590 0.1311069882498454
600 0.1311069882498454
610 0.1311069882498454
620 0.1311069882498454
630 0.1311069882498454
640 0.1311069882498454
650 0.1311069882498454
660 0.1311069882498454
670 0.1311069882498454
680 0.1311069882498454
690 0.1311069882498454
700 0.1311069882498454
710 0.1311069882498454
720 0.1311069882498454
730 0.1311069882498454
740 0.1311069882498454
750 0.1311069882498454
760 0.1311069882498454
770 0.1311069882498454
780 0.1311069882498454
790 0.1311069882498454
800 0.1311069882498454
810 0.1311069882498454
820 0.1311069882498454
830 0.1311069882498454
840 0.1311069882498454
850 0.1311069882498454
860 0.1311069882498454
870 0.1311069882498454
880 0.1311069882498454
890 0.1311069882498454
900 0.1311069882498454
910 0.1311069882498454
920 0.1311069882498454
930 0.1311069882498454
940 0.1311069882498454
950 0.1311069882498454
960 0.1311069882498454
970 0.1311069882498454
980 0.1311069882498454
990 0.1311069882498454
1000 0.12914862914862915
