# Data for router 8
0 0.0
10 0.0
20 0.0
30 0.022675736961451247
40 0.022675736961451247
50 0.022675736961451247
60 0.022675736961451247
70 0.022675736961451247
80 0.07142857142857142
90 0.11523397237682952
100 0.11523397237682952
110 0.11523397237682952
120 0.11523397237682952
130 0.11523397237682952
140 0.11523397237682952
150 0.11698618841475984
160 0.12121212121212122
170 0.1251288394145537
180 0.1282209853638425
190 0.1282209853638425
200 0.1282209853638425
210 0.1282209853638425
220 0.1282209853638425
230 0.1282209853638425
240 0.1282209853638425
250 0.1282209853638425
260 0.1282209853638425
270 0.1282209853638425
280 0.1282209853638425
290 0.1282209853638425
300 0.1282209853638425
310 0.1282209853638425
320 0.1282209853638425
330 0.1282209853638425
340 0.1282209853638425
350 0.1282209853638425
360 0.1282209853638425
370 0.1282209853638425
380 0.1282209853638425
390 0.1282209853638425
400 0.1282209853638425
410 0.1282209853638425
420 0.1282209853638425
430 0.1282209853638425
440 0.1282209853638425
450 0.1282209853638425
460 0.1282209853638425
470 0.1282209853638425
480 0.1282209853638425
490 0.1282209853638425
500 0.1282209853638425
510 0.1282209853638425
520 0.1282209853638425
530 0.1282209853638425
540 0.1282209853638425
550 0.1282209853638425
560 0.1282209853638425
570 0.1282209853638425
580 0.1282209853638425
590 0.1282209853638425
600 0.1282209853638425
610 0.1282209853638425
620 0.1282209853638425
630 0.1282209853638425
640 0.1282209853638425
650 0.1282209853638425
660 0.1282209853638425
670 0.1282209853638425
680 0.1282209853638425
690 0.1282209853638425
700 0.1282209853638425
710 0.1282209853638425
720 0.1282209853638425
730 0.1282209853638425
740 0.1282209853638425
750 0.1282209853638425
760 0.1282209853638425
770 0.1282209853638425
780 0.1282209853638425
790 0.1282209853638425
800 0.1282209853638425
810 0.1282209853638425
820 0.1282209853638425
830 0.1282209853638425
840 0.1282209853638425
850 0.1282209853638425
860 0.1282209853638425
870 0.1282209853638425
880 0.1282209853638425
890 0.1282209853638425
900 0.1282209853638425
910 0.1282209853638425
920 0.1282209853638425
930 0.1282209853638425
940 0.1282209853638425
950 0.1282209853638425
960 0.1282209853638425
970 0.1282209853638425
980 0.1282209853638425
990 0.1282209853638425
1000 0.12677798392084105
