# Data for router 4
0 0.0
10 0.0
20 0.0
30 0.4751597608740466
40 0.4751597608740466
50 0.4751597608740466
60 0.4751597608740466
70 0.4751597608740466
80 0.6853226138940425
90 0.8421974850546279
100 0.8421974850546279
110 0.8421974850546279
120 0.8421974850546279
130 0.8421974850546279
140 0.8421974850546279
150 0.8511647083075654
160 0.8814677386105958
170 0.9166151309008452
180 0.9374355802927231
190 0.9374355802927231
200 0.9374355802927231
210 0.9374355802927231
220 0.9374355802927231
230 0.9374355802927231
240 0.9374355802927231
250 0.9374355802927231
260 0.9390847247990105
270 0.9433106575963719
280 0.9470212327355184
290 0.950834879406308
300 0.950834879406308
310 0.950834879406308
320 0.950834879406308
330 0.950834879406308
340 0.950834879406308
350 0.950834879406308
360 0.950834879406308
370 0.950834879406308
380 0.950834879406308
390 0.950834879406308
400 0.950834879406308
410 0.950937950937951
420 0.9511440940012369
430 0.9511440940012369
440 0.9512471655328798
450 0.9512471655328798
460 0.9512471655328798
470 0.9512471655328798
480 0.9512471655328798
490 0.9512471655328798
500 0.9512471655328798
510 0.9512471655328798
520 0.9512471655328798
530 0.9512471655328798
540 0.9512471655328798
550 0.9512471655328798
560 0.9512471655328798
570 0.9512471655328798
580 0.9512471655328798
590 0.9512471655328798
600 0.9512471655328798
610 0.9512471655328798
620 0.9512471655328798
630 0.9512471655328798
640 0.9512471655328798
650 0.9512471655328798
660 0.9512471655328798
670 0.9512471655328798
680 0.9512471655328798
690 0.9512471655328798
700 0.9512471655328798
710 0.9512471655328798
720 0.9512471655328798
730 0.9512471655328798
740 0.9512471655328798
750 0.9512471655328798
760 0.9512471655328798
770 0.9512471655328798
780 0.9512471655328798
790 0.9512471655328798
800 0.9512471655328798
810 0.9512471655328798
820 0.9512471655328798
830 0.9512471655328798
840 0.9512471655328798
850 0.9512471655328798
860 0.9512471655328798
870 0.9512471655328798
880 0.9512471655328798
890 0.9512471655328798
900 0.9512471655328798
910 0.9512471655328798
920 0.9512471655328798
930 0.9512471655328798
940 0.9512471655328798
950 0.9512471655328798
960 0.9512471655328798
970 0.9512471655328798
980 0.9512471655328798
990 0.9512471655328798
1000 0.9493918779633065
