# Data for router 3
0 0.0
10 0.0
20 0.0
30 0.11430632859204287
40 0.11430632859204287
50 0.11430632859204287
60 0.11430632859204287
70 0.11430632859204287
80 0.27685013399299113
90 0.4054834054834055
100 0.4054834054834055
110 0.4054834054834055
120 0.4054834054834055
130 0.4054834054834055
140 0.4054834054834055
150 0.4125953411667697
160 0.4356833642547928
170 0.45763760049474334
180 0.47134611420325706
190 0.47134611420325706
200 0.47134611420325706
210 0.47134611420325706
220 0.47134611420325706
230 0.47134611420325706
240 0.47134611420325706
250 0.47134611420325706
260 0.47371675943104513
270 0.4816532673675531
280 0.4868068439497011
290 0.494949494949495
300 0.494949494949495
310 0.494949494949495
320 0.494949494949495
330 0.494949494949495
340 0.494949494949495
350 0.494949494949495
360 0.494949494949495
370 0.494949494949495
380 0.494949494949495
390 0.494949494949495
400 0.49598021026592454
410 0.4980416408987838
420 0.4997938569367141
430 0.5017522160379303
440 0.5028860028860029
450 0.5028860028860029
460 0.5028860028860029
470 0.5028860028860029
480 0.5028860028860029
490 0.5028860028860029
500 0.5028860028860029
510 0.5028860028860029
520 0.5028860028860029
530 0.5028860028860029
540 0.5028860028860029
550 0.5028860028860029
560 0.5028860028860029
570 0.5029890744176458
580 0.5031952174809318
590 0.5031952174809318
600 0.5034013605442177
610 0.5035044320758606
620 0.5035044320758606
630 0.5035044320758606
640 0.5035044320758606
650 0.5035044320758606
660 0.5035044320758606
670 0.5035044320758606
680 0.5035044320758606
690 0.5035044320758606
700 0.5035044320758606
710 0.5035044320758606
720 0.5035044320758606
730 0.5035044320758606
740 0.5035044320758606
750 0.5035044320758606
760 0.5035044320758606
770 0.5035044320758606
780 0.5035044320758606
790 0.5035044320758606
800 0.5036075036075036
810 0.5036075036075036
820 0.5036075036075036
830 0.5036075036075036
840 0.5036075036075036
850 0.5036075036075036
860 0.5036075036075036
870 0.5036075036075036
880 0.5036075036075036
890 0.5036075036075036
900 0.5036075036075036
910 0.5036075036075036
920 0.5036075036075036
930 0.5036075036075036
940 0.5036075036075036
950 0.5036075036075036
960 0.5036075036075036
970 0.5036075036075036
980 0.5036075036075036
990 0.5036075036075036
1000 0.5008245722531437
