# Data for router 1
0 0.0
10 0.0
20 0.0
30 0.2737579880437023
40 0.2737579880437023
50 0.2737579880437023
60 0.2737579880437023
70 0.2737579880437023
80 0.43898165326736754
90 0.5722531436817151
100 0.5722531436817151
110 0.5722531436817151
120 0.5722531436817151
130 0.5722531436817151
140 0.5722531436817151
150 0.5888476602762317
160 0.6415172129457843
170 0.6921253349824779
180 0.7295403009688723
190 0.7295403009688723
200 0.7295403009688723
210 0.7295403009688723
220 0.7295403009688723
230 0.7295403009688723
240 0.7295403009688723
250 0.7295403009688723
260 0.7322201607915894
270 0.738404452690167
280 0.7444856730571017
290 0.751185322613894
300 0.751185322613894
310 0.751185322613894
320 0.751185322613894
330 0.751185322613894
340 0.751185322613894
350 0.751185322613894
360 0.751185322613894
370 0.751185322613894
380 0.751185322613894
390 0.751185322613894
400 0.751288394145537
410 0.751288394145537
420 0.7515976087404659
430 0.7518037518037518
440 0.7519068233353947
450 0.7519068233353947
460 0.7519068233353947
470 0.7519068233353947
480 0.7519068233353947
490 0.7519068233353947
500 0.7519068233353947
510 0.7519068233353947
520 0.7519068233353947
530 0.7519068233353947
540 0.7519068233353947
550 0.7519068233353947
560 0.7519068233353947
570 0.7519068233353947
580 0.7519068233353947
590 0.7519068233353947
600 0.7519068233353947
610 0.7519068233353947
620 0.7519068233353947
630 0.7519068233353947
640 0.7519068233353947
650 0.7519068233353947
660 0.7519068233353947
670 0.7519068233353947
680 0.7519068233353947
690 0.7519068233353947
700 0.7519068233353947
710 0.7519068233353947
720 0.7519068233353947
730 0.7519068233353947
740 0.7519068233353947
750 0.7519068233353947
760 0.7519068233353947
770 0.7519068233353947
780 0.7519068233353947
790 0.7519068233353947
800 0.7519068233353947
810 0.7519068233353947
820 0.7519068233353947
830 0.7519068233353947
840 0.7519068233353947
850 0.7519068233353947
860 0.7519068233353947
870 0.7519068233353947
880 0.7519068233353947
890 0.7519068233353947
900 0.7519068233353947
910 0.7519068233353947
920 0.7519068233353947
930 0.7519068233353947
940 0.7519068233353947
950 0.7519068233353947
960 0.7519068233353947
970 0.7519068233353947
980 0.7519068233353947
990 0.7519068233353947
1000 0.7532467532467533
