# Data for router 2
0 0.0
10 0.0
20 0.0
30 0.023397237682951967
40 0.023397237682951967
50 0.023397237682951967
60 0.023397237682951967
70 0.023397237682951967
80 0.07503607503607504
90 0.1155431869717584
100 0.1155431869717584
110 0.1155431869717584
120 0.1155431869717584
130 0.1155431869717584
140 0.1155431869717584
150 0.11781076066790352
160 0.12389198103483817
170 0.12842712842712842
180 0.13141620284477426
190 0.13141620284477426
200 0.13141620284477426
210 0.13141620284477426
220 0.13141620284477426
230 0.13141620284477426
240 0.13141620284477426
250 0.13141620284477426
260 0.13141620284477426
270 0.13141620284477426
280 0.13141620284477426
290 0.13141620284477426
300 0.13141620284477426
310 0.13141620284477426
320 0.13141620284477426
330 0.13141620284477426
340 0.13141620284477426
350 0.13141620284477426
360 0.13141620284477426
370 0.13141620284477426
380 0.13141620284477426
390 0.13141620284477426
400 0.13141620284477426
410 0.13141620284477426
420 0.13141620284477426
430 0.13141620284477426
440 0.13141620284477426
450 0.13141620284477426
460 0.13141620284477426
470 0.13141620284477426
480 0.13141620284477426
490 0.13141620284477426
500 0.13141620284477426
510 0.13141620284477426
520 0.13141620284477426
530 0.13141620284477426
540 0.13141620284477426
550 0.13141620284477426
560 0.13141620284477426
570 0.13141620284477426
580 0.13141620284477426
590 0.13141620284477426
600 0.13141620284477426
610 0.13141620284477426
620 0.13141620284477426
630 0.13141620284477426
640 0.13141620284477426
650 0.13141620284477426
660 0.13141620284477426
670 0.13141620284477426
680 0.13141620284477426
690 0.13141620284477426
700 0.13141620284477426
710 0.13141620284477426
720 0.13141620284477426
730 0.13141620284477426
740 0.13141620284477426
750 0.13141620284477426
760 0.13141620284477426
770 0.13141620284477426
780 0.13141620284477426
790 0.13141620284477426
800 0.13141620284477426
810 0.13141620284477426
820 0.13141620284477426
830 0.13141620284477426
840 0.13141620284477426
850 0.13141620284477426
860 0.13141620284477426
870 0.13141620284477426
880 0.13141620284477426
890 0.13141620284477426
900 0.13141620284477426
910 0.13141620284477426
920 0.13141620284477426
930 0.13141620284477426
940 0.13141620284477426
950 0.13141620284477426
960 0.13141620284477426
970 0.13141620284477426
980 0.13141620284477426
990 0.13141620284477426
1000 0.1290455576169862
