# Data for router 1
0 0.0
10 0.0
20 0.0
30 0.26829519686662545
40 0.26829519686662545
50 0.26829519686662545
60 0.26829519686662545
70 0.26829519686662545
80 0.31673881673881676
90 0.3587920016491445
100 0.3587920016491445
110 0.3587920016491445
120 0.3587920016491445
130 0.3587920016491445
140 0.3587920016491445
150 0.36641929499072357
160 0.393733250876108
170 0.4199134199134199
180 0.4376417233560091
190 0.4376417233560091
200 0.4376417233560091
210 0.4376417233560091
220 0.4376417233560091
230 0.4376417233560091
240 0.4376417233560091
250 0.4376417233560091
260 0.4592867450010307
270 0.5161822304679448
280 0.5600907029478458
290 0.6177076891362606
300 0.6177076891362606
310 0.6177076891362606
320 0.6177076891362606
330 0.6177076891362606
340 0.6177076891362606
350 0.6177076891362606
360 0.6177076891362606
370 0.6177076891362606
380 0.6177076891362606
390 0.6177076891362606
400 0.6376004947433519
410 0.6606885178313749
420 0.6836734693877551
430 0.7066584209441352
440 0.7180993609565038
450 0.7180993609565038
460 0.7180993609565038
470 0.7180993609565038
480 0.7180993609565038
490 0.7180993609565038
500 0.7180993609565038
510 0.7180993609565038
520 0.7180993609565038
530 0.7180993609565038
540 0.7180993609565038
550 0.7180993609565038
560 0.7180993609565038
570 0.7209853638425067
580 0.7231498660070088
590 0.7243867243867244
600 0.7278911564625851
610 0.7301587301587301
620 0.7301587301587301
630 0.7301587301587301
640 0.7301587301587301
650 0.7301587301587301
660 0.7301587301587301
670 0.7301587301587301
680 0.7301587301587301
690 0.7301587301587301
700 0.7301587301587301
710 0.7301587301587301
720 0.7301587301587301
730 0.7301587301587301
740 0.7301587301587301
750 0.7301587301587301
760 0.7301587301587301
770 0.7301587301587301
780 0.730364873222016
790 0.730674087816945
800 0.7307771593485879
810 0.7308802308802309
820 0.7308802308802309
830 0.7308802308802309
840 0.7308802308802309
850 0.7308802308802309
860 0.7308802308802309
870 0.7308802308802309
880 0.7308802308802309
890 0.7308802308802309
900 0.7308802308802309
910 0.7308802308802309
920 0.7308802308802309
930 0.7308802308802309
940 0.7308802308802309
950 0.7308802308802309
960 0.7308802308802309
970 0.7308802308802309
980 0.7308802308802309
990 0.7308802308802309
1000 0.7260358688930117
