# Data for router 8
0 0.0
10 0.0
20 0.0
30 0.024943310657596373
40 0.024943310657596373
50 0.024943310657596373
60 0.024943310657596373
70 0.024943310657596373
80 0.05442176870748299
90 0.07946815089672232
100 0.07946815089672232
110 0.07946815089672232
120 0.07946815089672232
130 0.07946815089672232
140 0.07946815089672232
150 0.09121830550401978
160 0.1378066378066378
170 0.18181818181818182
180 0.209853638425067
190 0.209853638425067
200 0.209853638425067
210 0.209853638425067
220 0.209853638425067
230 0.209853638425067
240 0.209853638425067
250 0.209853638425067
260 0.2160379303236446
270 0.22964337250051536
280 0.24087816944959803
290 0.25767882910740053
300 0.25767882910740053
310 0.25767882910740053
320 0.25767882910740053
330 0.25767882910740053
340 0.25767882910740053
350 0.25767882910740053
360 0.25767882910740053
370 0.25767882910740053
380 0.25767882910740053
390 0.25767882910740053
400 0.2681921253349825
410 0.27911770768913624
420 0.2880849309420738
430 0.2987012987012987
440 0.3033395176252319
450 0.3033395176252319
460 0.3033395176252319
470 0.3033395176252319
480 0.3033395176252319
490 0.3033395176252319
500 0.3033395176252319
510 0.3033395176252319
520 0.3033395176252319
530 0.3033395176252319
540 0.3033395176252319
550 0.3033395176252319
560 0.3033395176252319
570 0.3084930942073799
580 0.3155019583591012
590 0.3194186765615337
600 0.3248814677386106
610 0.33013811585240155
620 0.33013811585240155
630 0.33013811585240155
640 0.33013811585240155
650 0.33013811585240155
660 0.33013811585240155
670 0.33013811585240155
680 0.33013811585240155
690 0.33013811585240155
700 0.33013811585240155
710 0.33013811585240155
720 0.33013811585240155
730 0.33013811585240155
740 0.33013811585240155
750 0.33013811585240155
760 0.33127190270047413
770 0.3327149041434756
780 0.3333333333333333
790 0.3338486909915481
800 0.33591012162440737
810 0.336734693877551
820 0.33766233766233766
830 0.33766233766233766
840 0.33766233766233766
850 0.33766233766233766
860 0.33766233766233766
870 0.33766233766233766
880 0.33766233766233766
890 0.33766233766233766
900 0.33766233766233766
910 0.33766233766233766
920 0.33766233766233766
930 0.33766233766233766
940 0.33766233766233766
950 0.33766233766233766
960 0.33766233766233766
970 0.33766233766233766
980 0.3377654091939806
990 0.3377654091939806
1000 0.3328179756751185
