# Data for router 7
0 0.0
10 0.0
20 0.0
30 0.27365491651205937
40 0.27365491651205937
50 0.27365491651205937
60 0.27365491651205937
70 0.27365491651205937
80 0.3246753246753247
90 0.36054421768707484
100 0.36054421768707484
110 0.36054421768707484
120 0.36054421768707484
130 0.36054421768707484
140 0.36054421768707484
150 0.3700267985982272
160 0.396413110698825
170 0.4238301381158524
180 0.4435168006596578
190 0.4435168006596578
200 0.4435168006596578
210 0.4435168006596578
220 0.4435168006596578
230 0.4435168006596578
240 0.4435168006596578
250 0.4435168006596578
260 0.46320346320346323
270 0.5206143063285921
280 0.5555555555555556
290 0.6109049680478252
300 0.6109049680478252
310 0.6109049680478252
320 0.6109049680478252
330 0.6109049680478252
340 0.6109049680478252
350 0.6109049680478252
360 0.6109049680478252
370 0.6109049680478252
380 0.6109049680478252
390 0.6109049680478252
400 0.634714491857349
410 0.6570810142238713
420 0.6797567511853226
430 0.7028447742733457
440 0.7140795712224284
450 0.7140795712224284
460 0.7140795712224284
470 0.7140795712224284
480 0.7140795712224284
490 0.7140795712224284
500 0.7140795712224284
510 0.7140795712224284
520 0.7140795712224284
530 0.7140795712224284
540 0.7140795712224284
550 0.7140795712224284
560 0.7140795712224284
570 0.7167594310451453
580 0.7193362193362194
590 0.7204700061842919
600 0.7226345083487941
610 0.725417439703154
620 0.725417439703154
630 0.725417439703154
640 0.725417439703154
650 0.725417439703154
660 0.725417439703154
670 0.725417439703154
680 0.725417439703154
690 0.725417439703154
700 0.725417439703154
710 0.725417439703154
720 0.725417439703154
730 0.725417439703154
740 0.725417439703154
750 0.725417439703154
760 0.7256235827664399
770 0.7257266542980829
780 0.7257266542980829
790 0.7258297258297258
800 0.7261389404246547
810 0.7261389404246547
820 0.7261389404246547
830 0.7261389404246547
840 0.7261389404246547
850 0.7261389404246547
860 0.7261389404246547
870 0.7261389404246547
880 0.7261389404246547
890 0.7261389404246547
900 0.7261389404246547
910 0.7261389404246547
920 0.7261389404246547
930 0.7261389404246547
940 0.7261389404246547
950 0.7261389404246547
960 0.7261389404246547
970 0.7261389404246547
980 0.7261389404246547
990 0.7261389404246547
1000 0.7227375798804371
