# Data for router 3
0 0.0
10 0.0
20 0.0
30 0.12574726860441146
40 0.12574726860441146
50 0.12574726860441146
60 0.12574726860441146
70 0.12574726860441146
80 0.19882498453927025
90 0.25767882910740053
100 0.25767882910740053
110 0.25767882910740053
120 0.25767882910740053
130 0.25767882910740053
140 0.25767882910740053
150 0.2685013399299114
160 0.30251494537208823
170 0.3364254792826221
180 0.35858585858585856
190 0.35858585858585856
200 0.35858585858585856
210 0.35858585858585856
220 0.35858585858585856
230 0.35858585858585856
240 0.35858585858585856
250 0.35858585858585856
260 0.36446093588950734
270 0.383529169243455
280 0.39754689754689754
290 0.41805813234384664
300 0.41805813234384664
310 0.41805813234384664
320 0.41805813234384664
330 0.41805813234384664
340 0.41805813234384664
350 0.41805813234384664
360 0.41805813234384664
370 0.41805813234384664
380 0.41805813234384664
390 0.41805813234384664
400 0.4306328592042878
410 0.44258915687487116
420 0.4554730983302412
430 0.46825396825396826
440 0.4743351886209029
450 0.4743351886209029
460 0.4743351886209029
470 0.4743351886209029
480 0.4743351886209029
490 0.4743351886209029
500 0.4743351886209029
510 0.4743351886209029
520 0.4743351886209029
530 0.4743351886209029
540 0.4743351886209029
550 0.4743351886209029
560 0.4743351886209029
570 0.48804370232941663
580 0.5029890744176458
590 0.51010101010101
600 0.5226757369614512
610 0.5356627499484642
620 0.5356627499484642
630 0.5356627499484642
640 0.5356627499484642
650 0.5356627499484642
660 0.5356627499484642
670 0.5356627499484642
680 0.5356627499484642
690 0.5356627499484642
700 0.5356627499484642
710 0.5356627499484642
720 0.5356627499484642
730 0.5356627499484642
740 0.5356627499484642
750 0.5356627499484642
760 0.5380333951762524
770 0.5430839002267573
780 0.5450422593279736
790 0.5471036899608328
800 0.5520511234796949
810 0.5546279117707689
820 0.5571016285302
830 0.5571016285302
840 0.5571016285302
850 0.5571016285302
860 0.5571016285302
870 0.5571016285302
880 0.5571016285302
890 0.5571016285302
900 0.5571016285302
910 0.5571016285302
920 0.5571016285302
930 0.5571016285302
940 0.5571016285302
950 0.5571016285302
960 0.5571016285302
970 0.5571016285302
980 0.5576169861884147
990 0.5584415584415584
1000 0.567305710162853
