# Data for router 6
0 0.0
10 0.0
20 0.0
30 0.02411873840445269
40 0.02411873840445269
50 0.02411873840445269
60 0.02411873840445269
70 0.02411873840445269
80 0.056380127808699235
90 0.07946815089672232
100 0.07946815089672232
110 0.07946815089672232
120 0.07946815089672232
130 0.07946815089672232
140 0.07946815089672232
150 0.09183673469387756
160 0.13296227581941866
170 0.17450010307153163
180 0.1999587713873428
190 0.1999587713873428
200 0.1999587713873428
210 0.1999587713873428
220 0.1999587713873428
230 0.1999587713873428
240 0.1999587713873428
250 0.1999587713873428
260 0.2064522778808493
270 0.22119150690579262
280 0.23314780457637602
290 0.24963924963924963
300 0.24963924963924963
310 0.24963924963924963
320 0.24963924963924963
330 0.24963924963924963
340 0.24963924963924963
350 0.24963924963924963
360 0.24963924963924963
370 0.24963924963924963
380 0.24963924963924963
390 0.24963924963924963
400 0.26015254586683156
410 0.26922284065141205
420 0.2794269222840651
430 0.2890125747268604
440 0.2935477221191507
450 0.2935477221191507
460 0.2935477221191507
470 0.2935477221191507
480 0.2935477221191507
490 0.2935477221191507
500 0.2935477221191507
510 0.2935477221191507
520 0.2935477221191507
530 0.2935477221191507
540 0.2935477221191507
550 0.2935477221191507
560 0.2935477221191507
570 0.2987012987012987
580 0.30385487528344673
590 0.3067408781694496
600 0.31210059781488353
610 0.3172541743970315
620 0.3172541743970315
630 0.3172541743970315
640 0.3172541743970315
650 0.3172541743970315
660 0.3172541743970315
670 0.3172541743970315
680 0.3172541743970315
690 0.3172541743970315
700 0.3172541743970315
710 0.3172541743970315
720 0.3172541743970315
730 0.3172541743970315
740 0.3172541743970315
750 0.3172541743970315
760 0.3181818181818182
770 0.31983096268810557
780 0.32055246340960625
790 0.3214801071943929
800 0.3235415378272521
810 0.32395382395382394
820 0.3248814677386106
830 0.3248814677386106
840 0.3248814677386106
850 0.3248814677386106
860 0.3248814677386106
870 0.3248814677386106
880 0.3248814677386106
890 0.3248814677386106
900 0.3248814677386106
910 0.3248814677386106
920 0.3248814677386106
930 0.3248814677386106
940 0.3248814677386106
950 0.3248814677386106
960 0.3248814677386106
970 0.3248814677386106
980 0.3251906823335395
990 0.32529375386518244
1000 0.33302411873840443
