# Data for router 5
0 0.0
10 0.0
20 0.0
30 0.12760255617398475
40 0.12760255617398475
50 0.12760255617398475
60 0.12760255617398475
70 0.12760255617398475
80 0.1982065553494125
90 0.25819418676561534
100 0.25819418676561534
110 0.25819418676561534
120 0.25819418676561534
130 0.25819418676561534
140 0.25819418676561534
150 0.2681921253349825
160 0.30385487528344673
170 0.3403421974850546
180 0.3635332921047207
190 0.3635332921047207
200 0.3635332921047207
210 0.3635332921047207
220 0.3635332921047207
230 0.3635332921047207
240 0.3635332921047207
250 0.3635332921047207
260 0.37033601319315607
270 0.39043496186353327
280 0.4054834054834055
290 0.427437641723356
300 0.427437641723356
310 0.427437641723356
320 0.427437641723356
330 0.427437641723356
340 0.427437641723356
350 0.427437641723356
360 0.427437641723356
370 0.427437641723356
380 0.427437641723356
390 0.427437641723356
400 0.4393939393939394
410 0.4509379509379509
420 0.463615749330035
430 0.4777365491651206
440 0.4830962688105545
450 0.4830962688105545
460 0.4830962688105545
470 0.4830962688105545
480 0.4830962688105545
490 0.4830962688105545
500 0.4830962688105545
510 0.4830962688105545
520 0.4830962688105545
530 0.4830962688105545
540 0.4830962688105545
550 0.4830962688105545
560 0.4830962688105545
570 0.494846423417852
580 0.5111317254174397
590 0.5175221603793032
600 0.5317460317460317
610 0.5447330447330447
620 0.5447330447330447
630 0.5447330447330447
640 0.5447330447330447
650 0.5447330447330447
660 0.5447330447330447
670 0.5447330447330447
680 0.5447330447330447
690 0.5447330447330447
700 0.5447330447330447
710 0.5447330447330447
720 0.5447330447330447
730 0.5447330447330447
740 0.5447330447330447
750 0.5447330447330447
760 0.5479282622139765
770 0.5534941249226963
780 0.5562770562770563
790 0.5588538445681303
800 0.5642135642135642
810 0.5682333539476396
820 0.5714285714285714
830 0.5714285714285714
840 0.5714285714285714
850 0.5714285714285714
860 0.5714285714285714
870 0.5714285714285714
880 0.5714285714285714
890 0.5714285714285714
900 0.5714285714285714
910 0.5714285714285714
920 0.5714285714285714
930 0.5714285714285714
940 0.5714285714285714
950 0.5714285714285714
960 0.5714285714285714
970 0.5714285714285714
980 0.5720470006184292
990 0.5728715728715729
1000 0.5611214182642754
