# Data for router 2
0 0.0
10 0.0
20 0.0
30 0.02350030921459493
40 0.02350030921459493
50 0.02350030921459493
60 0.02350030921459493
70 0.02350030921459493
80 0.053906411049268195
90 0.07905586477015049
100 0.07905586477015049
110 0.07905586477015049
120 0.07905586477015049
130 0.07905586477015049
140 0.07905586477015049
150 0.09132137703566275
160 0.13234384662956092
170 0.17037724180581323
180 0.19707276850133992
190 0.19707276850133992
200 0.19707276850133992
210 0.19707276850133992
220 0.19707276850133992
230 0.19707276850133992
240 0.19707276850133992
250 0.19707276850133992
260 0.2026386312100598
270 0.21861471861471862
280 0.230571016285302
290 0.24737167594310452
300 0.24737167594310452
310 0.24737167594310452
320 0.24737167594310452
330 0.24737167594310452
340 0.24737167594310452
350 0.24737167594310452
360 0.24737167594310452
370 0.24737167594310452
380 0.24737167594310452
390 0.24737167594310452
400 0.2585034013605442
410 0.26726448155019583
420 0.2774685631828489
430 0.28715728715728717
440 0.29262007833436404
450 0.29262007833436404
460 0.29262007833436404
470 0.29262007833436404
480 0.29262007833436404
490 0.29262007833436404
500 0.29262007833436404
510 0.29262007833436404
520 0.29262007833436404
530 0.29262007833436404
540 0.29262007833436404
550 0.29262007833436404
560 0.29262007833436404
570 0.29777365491651203
580 0.30354566068851785
590 0.3060193774479489
600 0.3127190270047413
610 0.3178726035868893
620 0.3178726035868893
630 0.3178726035868893
640 0.3178726035868893
650 0.3178726035868893
660 0.3178726035868893
670 0.3178726035868893
680 0.3178726035868893
690 0.3178726035868893
700 0.3178726035868893
710 0.3178726035868893
720 0.3178726035868893
730 0.3178726035868893
740 0.3178726035868893
750 0.3178726035868893
760 0.3189033189033189
770 0.3203463203463203
780 0.321273964131107
790 0.3223046794475366
800 0.3240568954854669
810 0.3257060399917543
820 0.32653061224489793
830 0.32653061224489793
840 0.32653061224489793
850 0.32653061224489793
860 0.32653061224489793
870 0.32653061224489793
880 0.32653061224489793
890 0.32653061224489793
900 0.32653061224489793
910 0.32653061224489793
920 0.32653061224489793
930 0.32653061224489793
940 0.32653061224489793
950 0.32653061224489793
960 0.32653061224489793
970 0.32653061224489793
980 0.3266336837765409
990 0.3268398268398268
1000 0.32611832611832614
