# Data for router 4
0 0.0
10 0.0
20 0.0
30 0.46804782519068233
40 0.46804782519068233
50 0.46804782519068233
60 0.46804782519068233
70 0.46804782519068233
80 0.5588538445681303
90 0.6249226963512677
100 0.6249226963512677
110 0.6249226963512677
120 0.6249226963512677
130 0.6249226963512677
140 0.6249226963512677
150 0.6297670583384869
160 0.6464646464646465
170 0.6642960214388786
180 0.6755308183879613
190 0.6755308183879613
200 0.6755308183879613
210 0.6755308183879613
220 0.6755308183879613
230 0.6755308183879613
240 0.6755308183879613
250 0.6755308183879613
260 0.6867656153370439
270 0.7170686456400742
280 0.7391259534116676
290 0.7701504844361987
300 0.7701504844361987
310 0.7701504844361987
320 0.7701504844361987
330 0.7701504844361987
340 0.7701504844361987
350 0.7701504844361987
360 0.7701504844361987
370 0.7701504844361987
380 0.7701504844361987
390 0.7701504844361987
400 0.7930323644609358
410 0.8148835291692434
420 0.8327149041434756
430 0.8520923520923521
440 0.8635332921047206
450 0.8635332921047206
460 0.8635332921047206
470 0.8635332921047206
480 0.8635332921047206
490 0.8635332921047206
500 0.8635332921047206
510 0.8635332921047206
520 0.8635332921047206
530 0.8635332921047206
540 0.8635332921047206
550 0.8635332921047206
560 0.8635332921047206
570 0.8684807256235828
580 0.87291280148423
590 0.8759018759018758
600 0.8801278086992372
610 0.8842506699649557
620 0.8842506699649557
630 0.8842506699649557
640 0.8842506699649557
650 0.8842506699649557
660 0.8842506699649557
670 0.8842506699649557
680 0.8842506699649557
690 0.8842506699649557
700 0.8842506699649557
710 0.8842506699649557
720 0.8842506699649557
730 0.8842506699649557
740 0.8842506699649557
750 0.8842506699649557
760 0.8843537414965986
770 0.8847660276231705
780 0.8851783137497423
790 0.8853844568130282
800 0.8855905998763142
810 0.885899814471243
820 0.8861059575345289
830 0.8861059575345289
840 0.8861059575345289
850 0.8861059575345289
860 0.8861059575345289
870 0.8861059575345289
880 0.8861059575345289
890 0.8861059575345289
900 0.8861059575345289
910 0.8861059575345289
920 0.8861059575345289
930 0.8861059575345289
940 0.8861059575345289
950 0.8861059575345289
960 0.8861059575345289
970 0.8861059575345289
980 0.8861059575345289
990 0.8861059575345289
1000 0.8816738816738817
