# Data for router 0
0 0.0
10 0.0
20 0.0
30 0.02442795299938157
40 0.02442795299938157
50 0.02442795299938157
60 0.02442795299938157
70 0.02442795299938157
80 0.055040197897340756
90 0.07988043702329417
100 0.07988043702329417
110 0.07988043702329417
120 0.07988043702329417
130 0.07988043702329417
140 0.07988043702329417
150 0.09410430839002268
160 0.1357452071737786
170 0.17707689136260565
180 0.20449391877963308
190 0.20449391877963308
200 0.20449391877963308
210 0.20449391877963308
220 0.20449391877963308
230 0.20449391877963308
240 0.20449391877963308
250 0.20449391877963308
260 0.21005978148835291
270 0.22830344258915689
280 0.2394351680065966
290 0.259121830550402
300 0.259121830550402
310 0.259121830550402
320 0.259121830550402
330 0.259121830550402
340 0.259121830550402
350 0.259121830550402
360 0.259121830550402
370 0.259121830550402
380 0.259121830550402
390 0.259121830550402
400 0.2696351267779839
410 0.2821067821067821
420 0.2925170068027211
430 0.30158730158730157
440 0.30715316429602146
450 0.30715316429602146
460 0.30715316429602146
470 0.30715316429602146
480 0.30715316429602146
490 0.30715316429602146
500 0.30715316429602146
510 0.30715316429602146
520 0.30715316429602146
530 0.30715316429602146
540 0.30715316429602146
550 0.30715316429602146
560 0.30715316429602146
570 0.31065759637188206
580 0.3152958152958153
590 0.31746031746031744
600 0.3228200371057514
610 0.32632446918161206
620 0.32632446918161206
630 0.32632446918161206
640 0.32632446918161206
650 0.32632446918161206
660 0.32632446918161206
670 0.32632446918161206
680 0.32632446918161206
690 0.32632446918161206
700 0.32632446918161206
710 0.32632446918161206
720 0.32632446918161206
730 0.32632446918161206
740 0.32632446918161206
750 0.32632446918161206
760 0.32673675530818386
770 0.32756132756132755
780 0.3277674706246135
790 0.3279736136878994
800 0.3282828282828283
810 0.3285920428777572
820 0.32890125747268606
830 0.32890125747268606
840 0.32890125747268606
850 0.32890125747268606
860 0.32890125747268606
870 0.32890125747268606
880 0.32890125747268606
890 0.32890125747268606
900 0.32890125747268606
910 0.32890125747268606
920 0.32890125747268606
930 0.32890125747268606
940 0.32890125747268606
950 0.32890125747268606
960 0.32890125747268606
970 0.32890125747268606
980 0.32890125747268606
990 0.32890125747268606
1000 0.34075448361162647
