# Data for router 8
0 0.0
10 0.0
20 0.0
30 0.0
40 0.0
50 0.0
60 0.0
70 0.0
80 0.0
90 0.0
100 0.0
110 0.0
120 0.0
130 0.0
140 0.0
150 0.001443001443001443
160 0.005359719645433931
170 0.009070294784580499
180 0.013502370645227788
190 0.013502370645227788
200 0.013502370645227788
210 0.013502370645227788
220 0.013502370645227788
230 0.013502370645227788
240 0.013502370645227788
250 0.013502370645227788
260 0.013502370645227788
270 0.013708513708513708
280 0.01432694289837147
290 0.015254586683158112
300 0.015254586683158112
310 0.015254586683158112
320 0.015254586683158112
330 0.015254586683158112
340 0.015254586683158112
350 0.015254586683158112
360 0.015254586683158112
370 0.015254586683158112
380 0.015254586683158112
390 0.015254586683158112
400 0.015254586683158112
410 0.015254586683158112
420 0.015254586683158112
430 0.015254586683158112
440 0.015254586683158112
450 0.015254586683158112
460 0.015254586683158112
470 0.015254586683158112
480 0.015254586683158112
490 0.015254586683158112
500 0.015254586683158112
510 0.015254586683158112
520 0.015254586683158112
530 0.015254586683158112
540 0.015254586683158112
550 0.015254586683158112
560 0.015254586683158112
570 0.015254586683158112
580 0.015254586683158112
590 0.015254586683158112
600 0.015254586683158112
610 0.015254586683158112
620 0.015254586683158112
630 0.015254586683158112
640 0.015254586683158112
650 0.015254586683158112
660 0.015254586683158112
670 0.015254586683158112
680 0.015254586683158112
690 0.015254586683158112
700 0.015254586683158112
710 0.015254586683158112
720 0.015254586683158112
730 0.015254586683158112
740 0.015254586683158112
750 0.015254586683158112
760 0.015254586683158112
770 0.015254586683158112
780 0.015254586683158112
790 0.015254586683158112
800 0.015254586683158112
810 0.015254586683158112
820 0.015254586683158112
830 0.015254586683158112
840 0.015254586683158112
850 0.015254586683158112
860 0.015254586683158112
870 0.015254586683158112
880 0.015254586683158112
890 0.015254586683158112
900 0.015254586683158112
910 0.015254586683158112
920 0.015254586683158112
930 0.015254586683158112
940 0.015254586683158112
950 0.015254586683158112
960 0.015254586683158112
970 0.015254586683158112
980 0.015254586683158112
990 0.015254586683158112
1000 0.01906823335394764
