# Data for router 0
0 0.0
10 0.0
20 0.0
30 0.0
40 0.0
50 0.0
60 0.0
70 0.0
80 0.0
90 0.0
100 0.0
110 0.0
120 0.0
130 0.0
140 0.0
150 0.0018552875695732839
160 0.0070088641517212944
170 0.012677798392084107
180 0.016594516594516596
190 0.016594516594516596
200 0.016594516594516596
210 0.016594516594516596
220 0.016594516594516596
230 0.016594516594516596
240 0.016594516594516596
250 0.016594516594516596
260 0.016697588126159554
270 0.017831374974232116
280 0.018140589569160998
290 0.01906823335394764
300 0.01906823335394764
310 0.01906823335394764
320 0.01906823335394764
330 0.01906823335394764
340 0.01906823335394764
350 0.01906823335394764
360 0.01906823335394764
370 0.01906823335394764
380 0.01906823335394764
390 0.01906823335394764
400 0.01906823335394764
410 0.01906823335394764
420 0.01906823335394764
430 0.01906823335394764
440 0.01906823335394764
450 0.01906823335394764
460 0.01906823335394764
470 0.01906823335394764
480 0.01906823335394764
490 0.01906823335394764
500 0.01906823335394764
510 0.01906823335394764
520 0.01906823335394764
530 0.01906823335394764
540 0.01906823335394764
550 0.01906823335394764
560 0.01906823335394764
570 0.01906823335394764
580 0.01906823335394764
590 0.01906823335394764
600 0.01906823335394764
610 0.01906823335394764
620 0.01906823335394764
630 0.01906823335394764
640 0.01906823335394764
650 0.01906823335394764
660 0.01906823335394764
670 0.01906823335394764
680 0.01906823335394764
690 0.01906823335394764
700 0.01906823335394764
710 0.01906823335394764
720 0.01906823335394764
730 0.01906823335394764
740 0.01906823335394764
750 0.01906823335394764
760 0.01906823335394764
770 0.01906823335394764
780 0.01906823335394764
790 0.01906823335394764
800 0.01906823335394764
810 0.01906823335394764
820 0.01906823335394764
830 0.01906823335394764
840 0.01906823335394764
850 0.01906823335394764
860 0.01906823335394764
870 0.01906823335394764
880 0.01906823335394764
890 0.01906823335394764
900 0.01906823335394764
910 0.01906823335394764
920 0.01906823335394764
930 0.01906823335394764
940 0.01906823335394764
950 0.01906823335394764
960 0.01906823335394764
970 0.01906823335394764
980 0.01906823335394764
990 0.01906823335394764
1000 0.016285301999587713
