# Data for router 6
0 0.0
10 0.0
20 0.0
30 0.0
40 0.0
50 0.0
60 0.0
70 0.0
80 0.0
90 0.0
100 0.0
110 0.0
120 0.0
130 0.0
140 0.0
150 0.001958359101216244
160 0.005462791177076891
170 0.011337868480725623
180 0.01443001443001443
190 0.01443001443001443
200 0.01443001443001443
210 0.01443001443001443
220 0.01443001443001443
230 0.01443001443001443
240 0.01443001443001443
250 0.01443001443001443
260 0.01473922902494331
270 0.015048443619872192
280 0.015460729746444033
290 0.016182230467944755
300 0.016182230467944755
310 0.016182230467944755
320 0.016182230467944755
330 0.016182230467944755
340 0.016182230467944755
350 0.016182230467944755
360 0.016182230467944755
370 0.016182230467944755
380 0.016182230467944755
390 0.016182230467944755
400 0.016182230467944755
410 0.016182230467944755
420 0.016182230467944755
430 0.016182230467944755
440 0.016182230467944755
450 0.016182230467944755
460 0.016182230467944755
470 0.016182230467944755
480 0.016182230467944755
490 0.016182230467944755
500 0.016182230467944755
510 0.016182230467944755
520 0.016182230467944755
530 0.016182230467944755
540 0.016182230467944755
550 0.016182230467944755
560 0.016182230467944755
570 0.016182230467944755
580 0.016182230467944755
590 0.016182230467944755
600 0.016182230467944755
610 0.016182230467944755
620 0.016182230467944755
630 0.016182230467944755
640 0.016182230467944755
650 0.016182230467944755
660 0.016182230467944755
670 0.016182230467944755
680 0.016182230467944755
690 0.016182230467944755
700 0.016182230467944755
710 0.016182230467944755
720 0.016182230467944755
730 0.016182230467944755
740 0.016182230467944755
750 0.016182230467944755
760 0.016182230467944755
770 0.016182230467944755
780 0.016182230467944755
790 0.016182230467944755
800 0.016182230467944755
810 0.016182230467944755
820 0.016182230467944755
830 0.016182230467944755
840 0.016182230467944755
850 0.016182230467944755
860 0.016182230467944755
870 0.016182230467944755
880 0.016182230467944755
890 0.016182230467944755
900 0.016182230467944755
910 0.016182230467944755
920 0.016182230467944755
930 0.016182230467944755
940 0.016182230467944755
950 0.016182230467944755
960 0.016182230467944755
970 0.016182230467944755
980 0.016182230467944755
990 0.016182230467944755
1000 0.018243661100803957
