# Data for router 4
0 0.0
10 0.0
20 0.0
30 0.08596165739022882
40 0.08596165739022882
50 0.08596165739022882
60 0.08596165739022882
70 0.08596165739022882
80 0.10142238713667286
90 0.11306947021232736
100 0.11306947021232736
110 0.11306947021232736
120 0.11306947021232736
130 0.11306947021232736
140 0.11306947021232736
150 0.11513090084518655
160 0.12183055040197897
170 0.12935477221191508
180 0.134714491857349
190 0.134714491857349
200 0.134714491857349
210 0.134714491857349
220 0.134714491857349
230 0.134714491857349
240 0.134714491857349
250 0.134714491857349
260 0.14347557204700062
270 0.1689342403628118
280 0.18893011750154606
290 0.21665635951350237
300 0.21665635951350237
310 0.21665635951350237
320 0.21665635951350237
330 0.21665635951350237
340 0.21665635951350237
350 0.21665635951350237
360 0.21665635951350237
370 0.21665635951350237
380 0.21665635951350237
390 0.21665635951350237
400 0.22655122655122656
410 0.2386105957534529
420 0.2502576788291074
430 0.26015254586683156
440 0.2645846217274789
450 0.2645846217274789
460 0.2645846217274789
470 0.2645846217274789
480 0.2645846217274789
490 0.2645846217274789
500 0.2645846217274789
510 0.2645846217274789
520 0.2645846217274789
530 0.2645846217274789
540 0.2645846217274789
550 0.2645846217274789
560 0.2645846217274789
570 0.26551226551226553
580 0.2660276231704803
590 0.2665429808286951
600 0.26747062461348176
610 0.2678829107400536
620 0.2678829107400536
630 0.2678829107400536
640 0.2678829107400536
650 0.2678829107400536
660 0.2678829107400536
670 0.2678829107400536
680 0.2678829107400536
690 0.2678829107400536
700 0.2678829107400536
710 0.2678829107400536
720 0.2678829107400536
730 0.2678829107400536
740 0.2678829107400536
750 0.2678829107400536
760 0.2678829107400536
770 0.2678829107400536
780 0.2678829107400536
790 0.2678829107400536
800 0.2678829107400536
810 0.2678829107400536
820 0.2678829107400536
830 0.2678829107400536
840 0.2678829107400536
850 0.2678829107400536
860 0.2678829107400536
870 0.2678829107400536
880 0.2678829107400536
890 0.2678829107400536
900 0.2678829107400536
910 0.2678829107400536
920 0.2678829107400536
930 0.2678829107400536
940 0.2678829107400536
950 0.2678829107400536
960 0.2678829107400536
970 0.2678829107400536
980 0.2678829107400536
990 0.2678829107400536
1000 0.25901875901875904
