# Data for router 7
0 0.0
10 0.0
20 0.0
30 0.012883941455370028
40 0.012883941455370028
50 0.012883941455370028
60 0.012883941455370028
70 0.012883941455370028
80 0.016388373531230675
90 0.0191713048855906
100 0.0191713048855906
110 0.0191713048855906
120 0.0191713048855906
130 0.0191713048855906
140 0.0191713048855906
150 0.021541950113378686
160 0.025458668315811173
170 0.03195217480931767
180 0.035147392290249435
190 0.035147392290249435
200 0.035147392290249435
210 0.035147392290249435
220 0.035147392290249435
230 0.035147392290249435
240 0.035147392290249435
250 0.035147392290249435
260 0.042465471036899606
270 0.06802721088435375
280 0.08328179756751185
290 0.10946196660482375
300 0.10946196660482375
310 0.10946196660482375
320 0.10946196660482375
330 0.10946196660482375
340 0.10946196660482375
350 0.10946196660482375
360 0.10946196660482375
370 0.10946196660482375
380 0.10946196660482375
390 0.10946196660482375
400 0.113997113997114
410 0.1186353329210472
420 0.12337662337662338
430 0.12739641311069883
440 0.12997320140177282
450 0.12997320140177282
460 0.12997320140177282
470 0.12997320140177282
480 0.12997320140177282
490 0.12997320140177282
500 0.12997320140177282
510 0.12997320140177282
520 0.12997320140177282
530 0.12997320140177282
540 0.12997320140177282
550 0.12997320140177282
560 0.12997320140177282
570 0.13007627293341578
580 0.13038548752834467
590 0.13038548752834467
600 0.13048855905998763
610 0.13048855905998763
620 0.13048855905998763
630 0.13048855905998763
640 0.13048855905998763
650 0.13048855905998763
660 0.13048855905998763
670 0.13048855905998763
680 0.13048855905998763
690 0.13048855905998763
700 0.13048855905998763
710 0.13048855905998763
720 0.13048855905998763
730 0.13048855905998763
740 0.13048855905998763
750 0.13048855905998763
760 0.13048855905998763
770 0.13048855905998763
780 0.13048855905998763
790 0.13048855905998763
800 0.13048855905998763
810 0.13048855905998763
820 0.13048855905998763
830 0.13048855905998763
840 0.13048855905998763
850 0.13048855905998763
860 0.13048855905998763
870 0.13048855905998763
880 0.13048855905998763
890 0.13048855905998763
900 0.13048855905998763
910 0.13048855905998763
920 0.13048855905998763
930 0.13048855905998763
940 0.13048855905998763
950 0.13048855905998763
960 0.13048855905998763
970 0.13048855905998763
980 0.13048855905998763
990 0.13048855905998763
1000 0.13193156050298907
