# Data for router 5
0 0.0
10 0.0
20 0.0
30 0.0045351473922902496
40 0.0045351473922902496
50 0.0045351473922902496
60 0.0045351473922902496
70 0.0045351473922902496
80 0.008245722531436817
90 0.011337868480725623
100 0.011337868480725623
110 0.011337868480725623
120 0.011337868480725623
130 0.011337868480725623
140 0.011337868480725623
150 0.013708513708513708
160 0.020511234796949083
170 0.025767882910740055
180 0.02906617192331478
190 0.02906617192331478
200 0.02906617192331478
210 0.02906617192331478
220 0.02906617192331478
230 0.02906617192331478
240 0.02906617192331478
250 0.02906617192331478
260 0.0297876726448155
270 0.03298289012574727
280 0.034425891568748715
290 0.03793032364460936
300 0.03793032364460936
310 0.03793032364460936
320 0.03793032364460936
330 0.03793032364460936
340 0.03793032364460936
350 0.03793032364460936
360 0.03793032364460936
370 0.03793032364460936
380 0.03793032364460936
390 0.03793032364460936
400 0.03896103896103896
410 0.04009482580911152
420 0.04112554112554113
430 0.04225932797361369
440 0.04277468563182849
450 0.04277468563182849
460 0.04277468563182849
470 0.04277468563182849
480 0.04277468563182849
490 0.04277468563182849
500 0.04277468563182849
510 0.04277468563182849
520 0.04277468563182849
530 0.04277468563182849
540 0.04277468563182849
550 0.04277468563182849
560 0.04277468563182849
570 0.04421768707482993
580 0.046072974644403214
590 0.046897546897546896
600 0.047619047619047616
610 0.04937126365697794
620 0.04937126365697794
630 0.04937126365697794
640 0.04937126365697794
650 0.04937126365697794
660 0.04937126365697794
670 0.04937126365697794
680 0.04937126365697794
690 0.04937126365697794
700 0.04937126365697794
710 0.04937126365697794
720 0.04937126365697794
730 0.04937126365697794
740 0.04937126365697794
750 0.04937126365697794
760 0.049474335188620905
770 0.04957740672026386
780 0.04957740672026386
790 0.049783549783549784
800 0.050195835910121625
810 0.05029890744176459
820 0.050505050505050504
830 0.050505050505050504
840 0.050505050505050504
850 0.050505050505050504
860 0.050505050505050504
870 0.050505050505050504
880 0.050505050505050504
890 0.050505050505050504
900 0.050505050505050504
910 0.050505050505050504
920 0.050505050505050504
930 0.050505050505050504
940 0.050505050505050504
950 0.050505050505050504
960 0.050505050505050504
970 0.050505050505050504
980 0.050505050505050504
990 0.050505050505050504
1000 0.05442176870748299
