# Data for router 3
0 0.0
10 0.0
20 0.0
30 0.0037105751391465678
40 0.0037105751391465678
50 0.0037105751391465678
60 0.0037105751391465678
70 0.0037105751391465678
80 0.007627293341579056
90 0.011853226138940425
100 0.011853226138940425
110 0.011853226138940425
120 0.011853226138940425
130 0.011853226138940425
140 0.011853226138940425
150 0.013708513708513708
160 0.01927437641723356
170 0.027313955885384458
180 0.030715316429602145
190 0.030715316429602145
200 0.030715316429602145
210 0.030715316429602145
220 0.030715316429602145
230 0.030715316429602145
240 0.030715316429602145
250 0.030715316429602145
260 0.0313337456194599
270 0.03421974850546279
280 0.03607503607503607
290 0.03865182436611008
300 0.03865182436611008
310 0.03865182436611008
320 0.03865182436611008
330 0.03865182436611008
340 0.03865182436611008
350 0.03865182436611008
360 0.03865182436611008
370 0.03865182436611008
380 0.03865182436611008
390 0.03865182436611008
400 0.040610183467326325
410 0.04225932797361369
420 0.04380540094825809
430 0.04483611626468769
440 0.04555761698618842
450 0.04555761698618842
460 0.04555761698618842
470 0.04555761698618842
480 0.04555761698618842
490 0.04555761698618842
500 0.04555761698618842
510 0.04555761698618842
520 0.04555761698618842
530 0.04555761698618842
540 0.04555761698618842
550 0.04555761698618842
560 0.04555761698618842
570 0.046176046176046176
580 0.046897546897546896
590 0.04751597608740466
600 0.048752834467120185
610 0.0499896928468357
620 0.0499896928468357
630 0.0499896928468357
640 0.0499896928468357
650 0.0499896928468357
660 0.0499896928468357
670 0.0499896928468357
680 0.0499896928468357
690 0.0499896928468357
700 0.0499896928468357
710 0.0499896928468357
720 0.0499896928468357
730 0.0499896928468357
740 0.0499896928468357
750 0.0499896928468357
760 0.05009276437847866
770 0.050608122036693466
780 0.050608122036693466
790 0.050608122036693466
800 0.05102040816326531
810 0.05102040816326531
820 0.05102040816326531
830 0.05102040816326531
840 0.05102040816326531
850 0.05102040816326531
860 0.05102040816326531
870 0.05102040816326531
880 0.05102040816326531
890 0.05102040816326531
900 0.05102040816326531
910 0.05102040816326531
920 0.05102040816326531
930 0.05102040816326531
940 0.05102040816326531
950 0.05102040816326531
960 0.05102040816326531
970 0.05102040816326531
980 0.05102040816326531
990 0.05102040816326531
1000 0.04957740672026386
