# Data for router 2
0 0.0
10 0.0
20 0.0
30 0.0
40 0.0
50 0.0
60 0.0
70 0.0
80 0.0
90 0.0
100 0.0
110 0.0
120 0.0
130 0.0
140 0.0
150 0.0015460729746444033
160 0.0070088641517212944
170 0.013193156050298907
180 0.016594516594516596
190 0.016594516594516596
200 0.016594516594516596
210 0.016594516594516596
220 0.016594516594516596
230 0.016594516594516596
240 0.016594516594516596
250 0.016594516594516596
260 0.016697588126159554
270 0.017522160379303237
280 0.017934446505875078
290 0.018449804164089877
300 0.018449804164089877
310 0.018449804164089877
320 0.018449804164089877
330 0.018449804164089877
340 0.018449804164089877
350 0.018449804164089877
360 0.018449804164089877
370 0.018449804164089877
380 0.018449804164089877
390 0.018449804164089877
400 0.018449804164089877
410 0.018449804164089877
420 0.018449804164089877
430 0.018449804164089877
440 0.018449804164089877
450 0.018449804164089877
460 0.018449804164089877
470 0.018449804164089877
480 0.018449804164089877
490 0.018449804164089877
500 0.018449804164089877
510 0.018449804164089877
520 0.018449804164089877
530 0.018449804164089877
540 0.018449804164089877
550 0.018449804164089877
560 0.018449804164089877
570 0.018449804164089877
580 0.018449804164089877
590 0.018449804164089877
600 0.018449804164089877
610 0.018449804164089877
620 0.018449804164089877
630 0.018449804164089877
640 0.018449804164089877
650 0.018449804164089877
660 0.018449804164089877
670 0.018449804164089877
680 0.018449804164089877
690 0.018449804164089877
700 0.018449804164089877
710 0.018449804164089877
720 0.018449804164089877
730 0.018449804164089877
740 0.018449804164089877
750 0.018449804164089877
760 0.018449804164089877
770 0.018449804164089877
780 0.018449804164089877
790 0.018449804164089877
800 0.018449804164089877
810 0.018449804164089877
820 0.018449804164089877
830 0.018449804164089877
840 0.018449804164089877
850 0.018449804164089877
860 0.018449804164089877
870 0.018449804164089877
880 0.018449804164089877
890 0.018449804164089877
900 0.018449804164089877
910 0.018449804164089877
920 0.018449804164089877
930 0.018449804164089877
940 0.018449804164089877
950 0.018449804164089877
960 0.018449804164089877
970 0.018449804164089877
980 0.018449804164089877
990 0.018449804164089877
1000 0.015254586683158112
