# Data for router 1
0 0.0
10 0.0
20 0.0
30 0.01463615749330035
40 0.01463615749330035
50 0.01463615749330035
60 0.01463615749330035
70 0.01463615749330035
80 0.01855287569573284
90 0.022057307771593485
100 0.022057307771593485
110 0.022057307771593485
120 0.022057307771593485
130 0.022057307771593485
140 0.022057307771593485
150 0.02411873840445269
160 0.02886002886002886
170 0.034425891568748715
180 0.03741496598639456
190 0.03741496598639456
200 0.03741496598639456
210 0.03741496598639456
220 0.03741496598639456
230 0.03741496598639456
240 0.03741496598639456
250 0.03741496598639456
260 0.04658833230261802
270 0.07431457431457432
280 0.09410430839002268
290 0.12286126571840858
300 0.12286126571840858
310 0.12286126571840858
320 0.12286126571840858
330 0.12286126571840858
340 0.12286126571840858
350 0.12286126571840858
360 0.12286126571840858
370 0.12286126571840858
380 0.12286126571840858
390 0.12286126571840858
400 0.12626262626262627
410 0.12945784374355804
420 0.1341991341991342
430 0.13687899402185116
440 0.13894042465471038
450 0.13894042465471038
460 0.13894042465471038
470 0.13894042465471038
480 0.13894042465471038
490 0.13894042465471038
500 0.13894042465471038
510 0.13894042465471038
520 0.13894042465471038
530 0.13894042465471038
540 0.13894042465471038
550 0.13894042465471038
560 0.13894042465471038
570 0.13904349618635334
580 0.1391465677179963
590 0.13924963924963926
600 0.1393527107812822
610 0.1393527107812822
620 0.1393527107812822
630 0.1393527107812822
640 0.1393527107812822
650 0.1393527107812822
660 0.1393527107812822
670 0.1393527107812822
680 0.1393527107812822
690 0.1393527107812822
700 0.1393527107812822
710 0.1393527107812822
720 0.1393527107812822
730 0.1393527107812822
740 0.1393527107812822
750 0.1393527107812822
760 0.1393527107812822
770 0.1393527107812822
780 0.1393527107812822
790 0.1393527107812822
800 0.1393527107812822
810 0.1393527107812822
820 0.1393527107812822
830 0.1393527107812822
840 0.1393527107812822
850 0.1393527107812822
860 0.1393527107812822
870 0.1393527107812822
880 0.1393527107812822
890 0.1393527107812822
900 0.1393527107812822
910 0.1393527107812822
920 0.1393527107812822
930 0.1393527107812822
940 0.1393527107812822
950 0.1393527107812822
960 0.1393527107812822
970 0.1393527107812822
980 0.1393527107812822
990 0.1393527107812822
1000 0.1331684188827046
