# Data for router 5
0 0.0
10 0.0
20 0.0
30 0.12440733869305298
40 0.12440733869305298
50 0.12440733869305298
60 0.12440733869305298
70 0.12440733869305298
80 0.19707276850133992
90 0.2526283240568955
100 0.2526283240568955
110 0.2526283240568955
120 0.2526283240568955
130 0.2526283240568955
140 0.2526283240568955
150 0.2649969078540507
160 0.3023088023088023
170 0.3349824778396207
180 0.3573490002061431
190 0.3573490002061431
200 0.3573490002061431
210 0.3573490002061431
220 0.3573490002061431
230 0.3573490002061431
240 0.3573490002061431
250 0.3573490002061431
260 0.3643578643578644
270 0.38569367140795713
280 0.40228818800247373
290 0.424860853432282
300 0.424860853432282
310 0.424860853432282
320 0.424860853432282
330 0.424860853432282
340 0.424860853432282
350 0.424860853432282
360 0.424860853432282
370 0.424860853432282
380 0.424860853432282
390 0.424860853432282
400 0.43836322407750977
410 0.4498041640898784
420 0.46351267779839206
430 0.4779426922284065
440 0.48350855493712636
450 0.48350855493712636
460 0.48350855493712636
470 0.48350855493712636
480 0.48350855493712636
490 0.48350855493712636
500 0.48350855493712636
510 0.48350855493712636
520 0.48350855493712636
530 0.48350855493712636
540 0.48350855493712636
550 0.48350855493712636
560 0.48350855493712636
570 0.4957740672026386
580 0.5088641517212946
590 0.5159760874046588
600 0.5306122448979592
610 0.5450422593279736
620 0.5450422593279736
630 0.5450422593279736
640 0.5450422593279736
650 0.5450422593279736
660 0.5450422593279736
670 0.5450422593279736
680 0.5450422593279736
690 0.5450422593279736
700 0.5450422593279736
710 0.5450422593279736
720 0.5450422593279736
730 0.5450422593279736
740 0.5450422593279736
750 0.5450422593279736
760 0.5480313337456194
770 0.5538033395176253
780 0.556998556998557
790 0.5601937744794888
800 0.5659657802514946
810 0.5693671407957123
820 0.5722531436817151
830 0.5722531436817151
840 0.5722531436817151
850 0.5722531436817151
860 0.5722531436817151
870 0.5722531436817151
880 0.5722531436817151
890 0.5722531436817151
900 0.5722531436817151
910 0.5722531436817151
920 0.5722531436817151
930 0.5722531436817151
940 0.5722531436817151
950 0.5722531436817151
960 0.5722531436817151
970 0.5722531436817151
980 0.5728715728715729
990 0.5733869305297876
1000 0.5697794269222841
