# Data for router 4
0 0.0
10 0.0
20 0.0
30 0.4729952587095444
40 0.4729952587095444
50 0.4729952587095444
60 0.4729952587095444
70 0.4729952587095444
80 0.55431869717584
90 0.6273964131106988
100 0.6273964131106988
110 0.6273964131106988
120 0.6273964131106988
130 0.6273964131106988
140 0.6273964131106988
150 0.6330653473510617
160 0.6511028653885796
170 0.6664605236033807
180 0.6770768913626056
190 0.6770768913626056
200 0.6770768913626056
210 0.6770768913626056
220 0.6770768913626056
230 0.6770768913626056
240 0.6770768913626056
250 0.6770768913626056
260 0.6876932591218305
270 0.7164502164502164
280 0.738404452690167
290 0.7695320552463409
300 0.7695320552463409
310 0.7695320552463409
320 0.7695320552463409
330 0.7695320552463409
340 0.7695320552463409
350 0.7695320552463409
360 0.7695320552463409
370 0.7695320552463409
380 0.7695320552463409
390 0.7695320552463409
400 0.7881880024737168
410 0.8103483817769532
420 0.8308596165739023
430 0.8518862090290662
440 0.8614718614718615
450 0.8614718614718615
460 0.8614718614718615
470 0.8614718614718615
480 0.8614718614718615
490 0.8614718614718615
500 0.8614718614718615
510 0.8614718614718615
520 0.8614718614718615
530 0.8614718614718615
540 0.8614718614718615
550 0.8614718614718615
560 0.8614718614718615
570 0.8645640074211502
580 0.8688930117501547
590 0.8725005153576583
600 0.8777571634714492
610 0.8826015254586683
620 0.8826015254586683
630 0.8826015254586683
640 0.8826015254586683
650 0.8826015254586683
660 0.8826015254586683
670 0.8826015254586683
680 0.8826015254586683
690 0.8826015254586683
700 0.8826015254586683
710 0.8826015254586683
720 0.8826015254586683
730 0.8826015254586683
740 0.8826015254586683
750 0.8826015254586683
760 0.8829107400535972
770 0.883323026180169
780 0.883323026180169
790 0.8835291692434549
800 0.8840445269016698
810 0.8842506699649557
820 0.8844568130282416
830 0.8844568130282416
840 0.8844568130282416
850 0.8844568130282416
860 0.8844568130282416
870 0.8844568130282416
880 0.8844568130282416
890 0.8844568130282416
900 0.8844568130282416
910 0.8844568130282416
920 0.8844568130282416
930 0.8844568130282416
940 0.8844568130282416
950 0.8844568130282416
960 0.8844568130282416
970 0.8844568130282416
980 0.8844568130282416
990 0.8844568130282416
1000 0.8795093795093795
