# Data for router 8
0 0.0
10 0.0
20 0.0
30 0.021232735518449803
40 0.021232735518449803
50 0.021232735518449803
60 0.021232735518449803
70 0.021232735518449803
80 0.050195835910121625
90 0.07493300350443208
100 0.07493300350443208
110 0.07493300350443208
120 0.07493300350443208
130 0.07493300350443208
140 0.07493300350443208
150 0.09235209235209235
160 0.12966398680684396
170 0.16903731189445476
180 0.19800041228612658
190 0.19800041228612658
200 0.19800041228612658
210 0.19800041228612658
220 0.19800041228612658
230 0.19800041228612658
240 0.19800041228612658
250 0.19800041228612658
260 0.20439084724799012
270 0.22077922077922077
280 0.22995258709544425
290 0.24726860441146156
300 0.24726860441146156
310 0.24726860441146156
320 0.24726860441146156
330 0.24726860441146156
340 0.24726860441146156
350 0.24726860441146156
360 0.24726860441146156
370 0.24726860441146156
380 0.24726860441146156
390 0.24726860441146156
400 0.25706039991754276
410 0.26860441146155434
420 0.27880849309420735
430 0.2881880024737168
440 0.2947845804988662
450 0.2947845804988662
460 0.2947845804988662
470 0.2947845804988662
480 0.2947845804988662
490 0.2947845804988662
500 0.2947845804988662
510 0.2947845804988662
520 0.2947845804988662
530 0.2947845804988662
540 0.2947845804988662
550 0.2947845804988662
560 0.2947845804988662
570 0.3019995877138734
580 0.30869923727066584
590 0.3122036693465265
600 0.3172541743970315
610 0.32333539476396617
620 0.32333539476396617
630 0.32333539476396617
640 0.32333539476396617
650 0.32333539476396617
660 0.32333539476396617
670 0.32333539476396617
680 0.32333539476396617
690 0.32333539476396617
700 0.32333539476396617
710 0.32333539476396617
720 0.32333539476396617
730 0.32333539476396617
740 0.32333539476396617
750 0.32333539476396617
760 0.323850752422181
770 0.3260152545866832
780 0.32704596990311274
790 0.3274582560296846
800 0.33013811585240155
810 0.33127190270047413
820 0.3324056895485467
830 0.3324056895485467
840 0.3324056895485467
850 0.3324056895485467
860 0.3324056895485467
870 0.3324056895485467
880 0.3324056895485467
890 0.3324056895485467
900 0.3324056895485467
910 0.3324056895485467
920 0.3324056895485467
930 0.3324056895485467
940 0.3324056895485467
950 0.3324056895485467
960 0.3324056895485467
970 0.3324056895485467
980 0.3324056895485467
990 0.3325087610801897
1000 0.33199340342197486
