# Data for router 2
0 0.0
10 0.0
20 0.0
30 0.025149453720882294
40 0.025149453720882294
50 0.025149453720882294
60 0.025149453720882294
70 0.025149453720882294
80 0.053494124922696354
90 0.07957122242836528
100 0.07957122242836528
110 0.07957122242836528
120 0.07957122242836528
130 0.07957122242836528
140 0.07957122242836528
150 0.09101216244073387
160 0.13285920428777573
170 0.1756338899196042
180 0.20202020202020202
190 0.20202020202020202
200 0.20202020202020202
210 0.20202020202020202
220 0.20202020202020202
230 0.20202020202020202
240 0.20202020202020202
250 0.20202020202020202
260 0.20737992166563596
270 0.2240775097917955
280 0.23356009070294784
290 0.2529375386518244
300 0.2529375386518244
310 0.2529375386518244
320 0.2529375386518244
330 0.2529375386518244
340 0.2529375386518244
350 0.2529375386518244
360 0.2529375386518244
370 0.2529375386518244
380 0.2529375386518244
390 0.2529375386518244
400 0.26231704803133377
410 0.2717996289424861
420 0.28148835291692437
430 0.29117707689136263
440 0.2963306534735106
450 0.2963306534735106
460 0.2963306534735106
470 0.2963306534735106
480 0.2963306534735106
490 0.2963306534735106
500 0.2963306534735106
510 0.2963306534735106
520 0.2963306534735106
530 0.2963306534735106
540 0.2963306534735106
550 0.2963306534735106
560 0.2963306534735106
570 0.30076272933415793
580 0.30612244897959184
590 0.3084930942073799
600 0.3139558853844568
610 0.3194186765615337
620 0.3194186765615337
630 0.3194186765615337
640 0.3194186765615337
650 0.3194186765615337
660 0.3194186765615337
670 0.3194186765615337
680 0.3194186765615337
690 0.3194186765615337
700 0.3194186765615337
710 0.3194186765615337
720 0.3194186765615337
730 0.3194186765615337
740 0.3194186765615337
750 0.3194186765615337
760 0.3201401772830344
770 0.32158317872603587
780 0.3228200371057514
790 0.323850752422181
800 0.32529375386518244
810 0.3266336837765409
820 0.3269428983714698
830 0.3269428983714698
840 0.3269428983714698
850 0.3269428983714698
860 0.3269428983714698
870 0.3269428983714698
880 0.3269428983714698
890 0.3269428983714698
900 0.3269428983714698
910 0.3269428983714698
920 0.3269428983714698
930 0.3269428983714698
940 0.3269428983714698
950 0.3269428983714698
960 0.3269428983714698
970 0.3269428983714698
980 0.3271490414347557
990 0.32756132756132755
1000 0.3253968253968254
