# Data for router 1
0 0.0
10 0.0
20 0.0
30 0.2696351267779839
40 0.2696351267779839
50 0.2696351267779839
60 0.2696351267779839
70 0.2696351267779839
80 0.31694495980210263
90 0.3551844980416409
100 0.3551844980416409
110 0.3551844980416409
120 0.3551844980416409
130 0.3551844980416409
140 0.3551844980416409
150 0.3629148629148629
160 0.3880643166357452
170 0.41589363017934444
180 0.43279736136878993
190 0.43279736136878993
200 0.43279736136878993
210 0.43279736136878993
220 0.43279736136878993
230 0.43279736136878993
240 0.43279736136878993
250 0.43279736136878993
260 0.4522778808493094
270 0.5124716553287982
280 0.5538033395176253
290 0.6137909709338281
300 0.6137909709338281
310 0.6137909709338281
320 0.6137909709338281
330 0.6137909709338281
340 0.6137909709338281
350 0.6137909709338281
360 0.6137909709338281
370 0.6137909709338281
380 0.6137909709338281
390 0.6137909709338281
400 0.6358482787054216
410 0.6587301587301587
420 0.678726035868893
430 0.7015048443619872
440 0.7137703566274994
450 0.7137703566274994
460 0.7137703566274994
470 0.7137703566274994
480 0.7137703566274994
490 0.7137703566274994
500 0.7137703566274994
510 0.7137703566274994
520 0.7137703566274994
530 0.7137703566274994
540 0.7137703566274994
550 0.7137703566274994
560 0.7137703566274994
570 0.7167594310451453
580 0.7196454339311482
590 0.7209853638425067
600 0.7239744382601525
610 0.7275819418676561
620 0.7275819418676561
630 0.7275819418676561
640 0.7275819418676561
650 0.7275819418676561
660 0.7275819418676561
670 0.7275819418676561
680 0.7275819418676561
690 0.7275819418676561
700 0.7275819418676561
710 0.7275819418676561
720 0.7275819418676561
730 0.7275819418676561
740 0.7275819418676561
750 0.7275819418676561
760 0.7278911564625851
770 0.727994227994228
780 0.727994227994228
790 0.727994227994228
800 0.7282003710575139
810 0.7283034425891569
820 0.7284065141207998
830 0.7284065141207998
840 0.7284065141207998
850 0.7284065141207998
860 0.7284065141207998
870 0.7284065141207998
880 0.7284065141207998
890 0.7284065141207998
900 0.7284065141207998
910 0.7284065141207998
920 0.7284065141207998
930 0.7284065141207998
940 0.7284065141207998
950 0.7284065141207998
960 0.7284065141207998
970 0.7284065141207998
980 0.7284065141207998
990 0.7284065141207998
1000 0.7241805813234384
