# Data for router 6
0 0.0
10 0.0
20 0.02329416615130901
30 0.02329416615130901
40 0.02329416615130901
50 0.11492475778190064
60 0.11492475778190064
70 0.11492475778190064
80 0.11492475778190064
90 0.11492475778190064
100 0.12791177076891364
110 0.12791177076891364
120 0.12791177076891364
130 0.12791177076891364
140 0.12791177076891364
150 0.12791177076891364
160 0.12791177076891364
170 0.12791177076891364
180 0.12791177076891364
190 0.12791177076891364
200 0.12791177076891364
210 0.12791177076891364
220 0.12791177076891364
230 0.12791177076891364
240 0.12791177076891364
250 0.12791177076891364
260 0.12791177076891364
270 0.12791177076891364
280 0.12791177076891364
290 0.12791177076891364
300 0.12791177076891364
310 0.12791177076891364
320 0.12791177076891364
330 0.12791177076891364
340 0.12791177076891364
350 0.12791177076891364
360 0.12791177076891364
370 0.12791177076891364
380 0.12791177076891364
390 0.12791177076891364
400 0.12791177076891364
410 0.12791177076891364
420 0.12791177076891364
430 0.12791177076891364
440 0.12791177076891364
450 0.12791177076891364
460 0.12791177076891364
470 0.12791177076891364
480 0.12791177076891364
490 0.12791177076891364
500 0.12791177076891364
510 0.12791177076891364
520 0.12791177076891364
530 0.12791177076891364
540 0.12791177076891364
550 0.12791177076891364
560 0.12791177076891364
570 0.12791177076891364
580 0.12791177076891364
590 0.12791177076891364
600 0.12791177076891364
610 0.12791177076891364
620 0.12791177076891364
630 0.12791177076891364
640 0.12791177076891364
650 0.12791177076891364
660 0.12791177076891364
670 0.12791177076891364
680 0.12791177076891364
690 0.12791177076891364
700 0.12791177076891364
710 0.12791177076891364
720 0.12791177076891364
730 0.12791177076891364
740 0.12791177076891364
750 0.12791177076891364
760 0.12791177076891364
770 0.12791177076891364
780 0.12791177076891364
790 0.12791177076891364
800 0.12791177076891364
810 0.12791177076891364
820 0.12791177076891364
830 0.12791177076891364
840 0.12791177076891364
850 0.12791177076891364
860 0.12791177076891364
870 0.12791177076891364
880 0.12791177076891364
890 0.12791177076891364
900 0.12791177076891364
910 0.12791177076891364
920 0.12791177076891364
930 0.12791177076891364
940 0.12791177076891364
950 0.12791177076891364
960 0.12791177076891364
970 0.12791177076891364
980 0.12791177076891364
990 0.12791177076891364
1000 0.12914862914862915
