# Data for router 0
0 0.0
10 0.0
20 0.023088023088023088
30 0.023088023088023088
40 0.023088023088023088
50 0.12090290661719233
60 0.12090290661719233
70 0.12090290661719233
80 0.12090290661719233
90 0.12090290661719233
100 0.13296227581941866
110 0.13461142032570603
120 0.13461142032570603
130 0.13461142032570603
140 0.13461142032570603
150 0.13461142032570603
160 0.13461142032570603
170 0.13461142032570603
180 0.13461142032570603
190 0.13461142032570603
200 0.13461142032570603
210 0.13461142032570603
220 0.13461142032570603
230 0.13461142032570603
240 0.13461142032570603
250 0.13461142032570603
260 0.13461142032570603
270 0.13461142032570603
280 0.13461142032570603
290 0.13461142032570603
300 0.13461142032570603
310 0.13461142032570603
320 0.13461142032570603
330 0.13461142032570603
340 0.13461142032570603
350 0.13461142032570603
360 0.13461142032570603
370 0.13461142032570603
380 0.13461142032570603
390 0.13461142032570603
400 0.13461142032570603
410 0.13461142032570603
420 0.13461142032570603
430 0.13461142032570603
440 0.13461142032570603
450 0.13461142032570603
460 0.13461142032570603
470 0.13461142032570603
480 0.13461142032570603
490 0.13461142032570603
500 0.13461142032570603
510 0.13461142032570603
520 0.13461142032570603
530 0.13461142032570603
540 0.13461142032570603
550 0.13461142032570603
560 0.13461142032570603
570 0.13461142032570603
580 0.13461142032570603
590 0.13461142032570603
600 0.13461142032570603
610 0.13461142032570603
620 0.13461142032570603
630 0.13461142032570603
640 0.13461142032570603
650 0.13461142032570603
660 0.13461142032570603
670 0.13461142032570603
680 0.13461142032570603
690 0.13461142032570603
700 0.13461142032570603
710 0.13461142032570603
720 0.13461142032570603
730 0.13461142032570603
740 0.13461142032570603
750 0.13461142032570603
760 0.13461142032570603
770 0.13461142032570603
780 0.13461142032570603
790 0.13461142032570603
800 0.13461142032570603
810 0.13461142032570603
820 0.13461142032570603
830 0.13461142032570603
840 0.13461142032570603
850 0.13461142032570603
860 0.13461142032570603
870 0.13461142032570603
880 0.13461142032570603
890 0.13461142032570603
900 0.13461142032570603
910 0.13461142032570603
920 0.13461142032570603
930 0.13461142032570603
940 0.13461142032570603
950 0.13461142032570603
960 0.13461142032570603
970 0.13461142032570603
980 0.13461142032570603
990 0.13461142032570603
1000 0.13038548752834467
