# Data for router 3
0 0.0
10 0.004432075860647289
20 0.1264687693259122
30 0.1264687693259122
40 0.13512677798392084
50 0.4035250463821892
60 0.4035250463821892
70 0.4035250463821892
80 0.4035250463821892
90 0.4035250463821892
100 0.4571222428365285
110 0.466398680684395
120 0.466398680684395
130 0.466398680684395
140 0.466398680684395
150 0.466398680684395
160 0.466398680684395
170 0.4706246134817563
180 0.4873222016079159
190 0.4873222016079159
200 0.4873222016079159
210 0.4873222016079159
220 0.4873222016079159
230 0.4873222016079159
240 0.4873222016079159
250 0.4873222016079159
260 0.4873222016079159
270 0.4946402803545661
280 0.4958771387342816
290 0.4958771387342816
300 0.4958771387342816
310 0.4958771387342816
320 0.4958771387342816
330 0.4958771387342816
340 0.4958771387342816
350 0.4958771387342816
360 0.4958771387342816
370 0.4958771387342816
380 0.4958771387342816
390 0.49670171098742527
400 0.4969078540507112
410 0.4971139971139971
420 0.4971139971139971
430 0.4971139971139971
440 0.4971139971139971
450 0.4971139971139971
460 0.4971139971139971
470 0.4971139971139971
480 0.4971139971139971
490 0.4971139971139971
500 0.4971139971139971
510 0.4971139971139971
520 0.4971139971139971
530 0.4971139971139971
540 0.4971139971139971
550 0.4972170686456401
560 0.4972170686456401
570 0.4972170686456401
580 0.4972170686456401
590 0.4972170686456401
600 0.4972170686456401
610 0.4972170686456401
620 0.4972170686456401
630 0.4972170686456401
640 0.4972170686456401
650 0.4972170686456401
660 0.4972170686456401
670 0.4972170686456401
680 0.4972170686456401
690 0.4972170686456401
700 0.4972170686456401
710 0.4972170686456401
720 0.4972170686456401
730 0.4972170686456401
740 0.4972170686456401
750 0.4972170686456401
760 0.4972170686456401
770 0.4972170686456401
780 0.4972170686456401
790 0.4972170686456401
800 0.4972170686456401
810 0.4972170686456401
820 0.4972170686456401
830 0.4972170686456401
840 0.4972170686456401
850 0.4972170686456401
860 0.4972170686456401
870 0.4972170686456401
880 0.4972170686456401
890 0.4972170686456401
900 0.4972170686456401
910 0.4972170686456401
920 0.4972170686456401
930 0.4972170686456401
940 0.4972170686456401
950 0.4972170686456401
960 0.4972170686456401
970 0.4972170686456401
980 0.4972170686456401
990 0.4972170686456401
1000 0.49958771387342815
