# Data for router 2
0 0.0
10 0.0
20 0.02401566687280973
30 0.02401566687280973
40 0.02401566687280973
50 0.1150278293135436
60 0.1150278293135436
70 0.1150278293135436
80 0.1150278293135436
90 0.1150278293135436
100 0.1150278293135436
110 0.12945784374355804
120 0.12945784374355804
130 0.12945784374355804
140 0.12945784374355804
150 0.12945784374355804
160 0.12945784374355804
170 0.12945784374355804
180 0.12945784374355804
190 0.12945784374355804
200 0.12945784374355804
210 0.12945784374355804
220 0.12945784374355804
230 0.12945784374355804
240 0.12945784374355804
250 0.12945784374355804
260 0.12945784374355804
270 0.12945784374355804
280 0.12945784374355804
290 0.12945784374355804
300 0.12945784374355804
310 0.12945784374355804
320 0.12945784374355804
330 0.12945784374355804
340 0.12945784374355804
350 0.12945784374355804
360 0.12945784374355804
370 0.12945784374355804
380 0.12945784374355804
390 0.12945784374355804
400 0.12945784374355804
410 0.12945784374355804
420 0.12945784374355804
430 0.12945784374355804
440 0.12945784374355804
450 0.12945784374355804
460 0.12945784374355804
470 0.12945784374355804
480 0.12945784374355804
490 0.12945784374355804
500 0.12945784374355804
510 0.12945784374355804
520 0.12945784374355804
530 0.12945784374355804
540 0.12945784374355804
550 0.12945784374355804
560 0.12945784374355804
570 0.12945784374355804
580 0.12945784374355804
590 0.12945784374355804
600 0.12945784374355804
610 0.12945784374355804
620 0.12945784374355804
630 0.12945784374355804
640 0.12945784374355804
650 0.12945784374355804
660 0.12945784374355804
670 0.12945784374355804
680 0.12945784374355804
690 0.12945784374355804
700 0.12945784374355804
710 0.12945784374355804
720 0.12945784374355804
730 0.12945784374355804
740 0.12945784374355804
750 0.12945784374355804
760 0.12945784374355804
770 0.12945784374355804
780 0.12945784374355804
790 0.12945784374355804
800 0.12945784374355804
810 0.12945784374355804
820 0.12945784374355804
830 0.12945784374355804
840 0.12945784374355804
850 0.12945784374355804
860 0.12945784374355804
870 0.12945784374355804
880 0.12945784374355804
890 0.12945784374355804
900 0.12945784374355804
910 0.12945784374355804
920 0.12945784374355804
930 0.12945784374355804
940 0.12945784374355804
950 0.12945784374355804
960 0.12945784374355804
970 0.12945784374355804
980 0.12945784374355804
990 0.12945784374355804
1000 0.12337662337662338
