# Data for router 4
0 0.0
10 0.025252525252525252
20 0.4748505462791177
30 0.4748505462791177
40 0.49360956503813647
50 0.852298495155638
60 0.852298495155638
70 0.852298495155638
80 0.852298495155638
90 0.852298495155638
100 0.8985776128633272
110 0.9391877963306535
120 0.9391877963306535
130 0.9391877963306535
140 0.9391877963306535
150 0.9391877963306535
160 0.9391877963306535
170 0.940527726242012
180 0.9489795918367347
190 0.9528963100391672
200 0.9528963100391672
210 0.9528963100391672
220 0.9528963100391672
230 0.9528963100391672
240 0.9528963100391672
250 0.9528963100391672
260 0.9528963100391672
270 0.9528963100391672
280 0.9529993815708101
290 0.9529993815708101
300 0.9529993815708101
310 0.9529993815708101
320 0.9529993815708101
330 0.9529993815708101
340 0.9529993815708101
350 0.9529993815708101
360 0.9529993815708101
370 0.9529993815708101
380 0.9529993815708101
390 0.9529993815708101
400 0.9529993815708101
410 0.9529993815708101
420 0.9529993815708101
430 0.9529993815708101
440 0.9529993815708101
450 0.9529993815708101
460 0.9529993815708101
470 0.9529993815708101
480 0.9529993815708101
490 0.9529993815708101
500 0.9529993815708101
510 0.9529993815708101
520 0.9529993815708101
530 0.9529993815708101
540 0.9529993815708101
550 0.9529993815708101
560 0.9529993815708101
570 0.9529993815708101
580 0.9529993815708101
590 0.9529993815708101
600 0.9529993815708101
610 0.9529993815708101
620 0.9529993815708101
630 0.9529993815708101
640 0.9529993815708101
650 0.9529993815708101
660 0.9529993815708101
670 0.9529993815708101
680 0.9529993815708101
690 0.9529993815708101
700 0.9529993815708101
710 0.9529993815708101
720 0.9529993815708101
730 0.9529993815708101
740 0.9529993815708101
750 0.9529993815708101
760 0.9529993815708101
770 0.9529993815708101
780 0.9529993815708101
790 0.9529993815708101
800 0.9529993815708101
810 0.9529993815708101
820 0.9529993815708101
830 0.9529993815708101
840 0.9529993815708101
850 0.9529993815708101
860 0.9529993815708101
870 0.9529993815708101
880 0.9529993815708101
890 0.9529993815708101
900 0.9529993815708101
910 0.9529993815708101
920 0.9529993815708101
930 0.9529993815708101
940 0.9529993815708101
950 0.9529993815708101
960 0.9529993815708101
970 0.9529993815708101
980 0.9529993815708101
990 0.9529993815708101
1000 0.9527932385075242
