# Data for router 1
0 0.0
10 0.0
20 0.27190270047412907
30 0.27190270047412907
40 0.27190270047412907
50 0.5773036487322202
60 0.5773036487322202
70 0.5773036487322202
80 0.5773036487322202
90 0.5773036487322202
100 0.6358482787054216
110 0.733250876108019
120 0.733250876108019
130 0.733250876108019
140 0.733250876108019
150 0.733250876108019
160 0.733250876108019
170 0.7335600907029478
180 0.740981240981241
190 0.7525252525252525
200 0.7525252525252525
210 0.7525252525252525
220 0.7525252525252525
230 0.7525252525252525
240 0.7525252525252525
250 0.7525252525252525
260 0.7525252525252525
270 0.7525252525252525
280 0.7525252525252525
290 0.7530406101834674
300 0.7530406101834674
310 0.7530406101834674
320 0.7530406101834674
330 0.7530406101834674
340 0.7530406101834674
350 0.7530406101834674
360 0.7530406101834674
370 0.7530406101834674
380 0.7530406101834674
390 0.7530406101834674
400 0.7530406101834674
410 0.7530406101834674
420 0.7530406101834674
430 0.7530406101834674
440 0.7530406101834674
450 0.7530406101834674
460 0.7530406101834674
470 0.7530406101834674
480 0.7530406101834674
490 0.7530406101834674
500 0.7530406101834674
510 0.7530406101834674
520 0.7530406101834674
530 0.7530406101834674
540 0.7530406101834674
550 0.7530406101834674
560 0.7530406101834674
570 0.7530406101834674
580 0.7530406101834674
590 0.7530406101834674
600 0.7530406101834674
610 0.7530406101834674
620 0.7530406101834674
630 0.7530406101834674
640 0.7530406101834674
650 0.7530406101834674
660 0.7530406101834674
670 0.7530406101834674
680 0.7530406101834674
690 0.7530406101834674
700 0.7530406101834674
710 0.7530406101834674
720 0.7530406101834674
730 0.7530406101834674
740 0.7530406101834674
750 0.7530406101834674
760 0.7530406101834674
770 0.7530406101834674
780 0.7530406101834674
790 0.7530406101834674
800 0.7530406101834674
810 0.7530406101834674
820 0.7530406101834674
830 0.7530406101834674
840 0.7530406101834674
850 0.7530406101834674
860 0.7530406101834674
870 0.7530406101834674
880 0.7530406101834674
890 0.7530406101834674
900 0.7530406101834674
910 0.7530406101834674
920 0.7530406101834674
930 0.7530406101834674
940 0.7530406101834674
950 0.7530406101834674
960 0.7530406101834674
970 0.7530406101834674
980 0.7530406101834674
990 0.7530406101834674
1000 0.7607709750566893
