# Data for router 7
0 0.0
10 0.0
20 0.27231498660070086
30 0.27231498660070086
40 0.27231498660070086
50 0.5820449391877963
60 0.5820449391877963
70 0.5820449391877963
80 0.5820449391877963
90 0.5820449391877963
100 0.668418882704597
110 0.7342815914244486
120 0.7342815914244486
130 0.7342815914244486
140 0.7342815914244486
150 0.7342815914244486
160 0.7342815914244486
170 0.7394351680065966
180 0.7541743970315399
190 0.7556173984745413
200 0.7556173984745413
210 0.7556173984745413
220 0.7556173984745413
230 0.7556173984745413
240 0.7556173984745413
250 0.7556173984745413
260 0.7556173984745413
270 0.7557204700061843
280 0.7561327561327561
290 0.7561327561327561
300 0.7561327561327561
310 0.7561327561327561
320 0.7561327561327561
330 0.7561327561327561
340 0.7561327561327561
350 0.7561327561327561
360 0.7561327561327561
370 0.7561327561327561
380 0.7561327561327561
390 0.7561327561327561
400 0.7561327561327561
410 0.7561327561327561
420 0.7561327561327561
430 0.7561327561327561
440 0.7561327561327561
450 0.7561327561327561
460 0.7561327561327561
470 0.7561327561327561
480 0.7561327561327561
490 0.7561327561327561
500 0.7561327561327561
510 0.7561327561327561
520 0.7561327561327561
530 0.7561327561327561
540 0.7561327561327561
550 0.7561327561327561
560 0.7561327561327561
570 0.7561327561327561
580 0.7561327561327561
590 0.7561327561327561
600 0.7561327561327561
610 0.7561327561327561
620 0.7561327561327561
630 0.7561327561327561
640 0.7561327561327561
650 0.7561327561327561
660 0.7561327561327561
670 0.7561327561327561
680 0.7561327561327561
690 0.7561327561327561
700 0.7561327561327561
710 0.7561327561327561
720 0.7561327561327561
730 0.7561327561327561
740 0.7561327561327561
750 0.7561327561327561
760 0.7561327561327561
770 0.7561327561327561
780 0.7561327561327561
790 0.7561327561327561
800 0.7561327561327561
810 0.7561327561327561
820 0.7561327561327561
830 0.7561327561327561
840 0.7561327561327561
850 0.7561327561327561
860 0.7561327561327561
870 0.7561327561327561
880 0.7561327561327561
890 0.7561327561327561
900 0.7561327561327561
910 0.7561327561327561
920 0.7561327561327561
930 0.7561327561327561
940 0.7561327561327561
950 0.7561327561327561
960 0.7561327561327561
970 0.7561327561327561
980 0.7561327561327561
990 0.7561327561327561
1000 0.7577819006390435
