# Data for router 5
0 0.0
10 0.0
20 0.11873840445269017
30 0.11873840445269017
40 0.11884147598433313
50 0.40032982890125746
60 0.40032982890125746
70 0.40032982890125746
80 0.40032982890125746
90 0.40032982890125746
100 0.4227994227994228
110 0.46485260770975056
120 0.46485260770975056
130 0.46485260770975056
140 0.46485260770975056
150 0.46485260770975056
160 0.46485260770975056
170 0.46650175221603796
180 0.48402391259534117
190 0.4864976293547722
200 0.4864976293547722
210 0.4864976293547722
220 0.4864976293547722
230 0.4864976293547722
240 0.4864976293547722
250 0.4864976293547722
260 0.4864976293547722
270 0.4898989898989899
280 0.4940218511647083
290 0.4945372088229231
300 0.4945372088229231
310 0.4945372088229231
320 0.4945372088229231
330 0.4945372088229231
340 0.4945372088229231
350 0.4945372088229231
360 0.4945372088229231
370 0.4945372088229231
380 0.4945372088229231
390 0.4952587095444238
400 0.4954648526077097
410 0.4957740672026386
420 0.4957740672026386
430 0.4957740672026386
440 0.4957740672026386
450 0.4957740672026386
460 0.4957740672026386
470 0.4957740672026386
480 0.4957740672026386
490 0.4957740672026386
500 0.4957740672026386
510 0.4957740672026386
520 0.4957740672026386
530 0.4957740672026386
540 0.4957740672026386
550 0.4957740672026386
560 0.4957740672026386
570 0.4957740672026386
580 0.4957740672026386
590 0.4957740672026386
600 0.4957740672026386
610 0.4957740672026386
620 0.4957740672026386
630 0.4957740672026386
640 0.4957740672026386
650 0.4957740672026386
660 0.4957740672026386
670 0.4957740672026386
680 0.4957740672026386
690 0.4957740672026386
700 0.4957740672026386
710 0.4957740672026386
720 0.4957740672026386
730 0.4957740672026386
740 0.4957740672026386
750 0.4957740672026386
760 0.4957740672026386
770 0.4957740672026386
780 0.4957740672026386
790 0.4957740672026386
800 0.4957740672026386
810 0.4957740672026386
820 0.4957740672026386
830 0.4957740672026386
840 0.4957740672026386
850 0.4957740672026386
860 0.4957740672026386
870 0.4957740672026386
880 0.4957740672026386
890 0.4957740672026386
900 0.4957740672026386
910 0.4957740672026386
920 0.4957740672026386
930 0.4957740672026386
940 0.4957740672026386
950 0.4957740672026386
960 0.4957740672026386
970 0.4957740672026386
980 0.4957740672026386
990 0.4957740672026386
1000 0.4958771387342816
