Analysis results for NoiseBurstyMode.modest
Experiment DUR=10000, Mvar=3, Nvar=7, Startvar=0

+ State space exploration
  Min. state size: 32 bytes
  States:          6510039
  Transitions:     6510039
  Branches:        231132002
  Rate:            2199 states/s
  Time:            2989.7 s

+ Property p1
  Probability: 0.9999983692787311
  Bounds:      [0.9999983692787311, 1]
  CDF:         { (0, 0), ..., (3, 0), (4, 0.08446469128275759), (5, 0.33370778694154224), (6, 0.5229555115243275), (7, 0.5875346463671416), (8, 0.6072546152818469), (9, 0.6108072203687708), (10, 0.6110781817737057), ..., (13, 0.6110781817737057), (14, 0.6436487153893313), (15, 0.7390948043921846), (16, 0.8075637383604306), (17, 0.8324847716053847), (18, 0.8398007590822787), (19, 0.8410738022932682), (20, 0.8411678523998223), ..., (23, 0.8411678523998223), (24, 0.8544559310428799), (25, 0.8933554923874691), (26, 0.920713395760595), (27, 0.930886696273958), (28, 0.9338360074232276), (29, 0.9343439709361777), (30, 0.9343810431284681), ..., (33, 0.9343810431284681), (34, 0.9398720708133368), (35, 0.9559343021471906), (36, 0.9671494403136336), (37, 0.9713481501363329), (38, 0.9725599269270737), (39, 0.9727677112076243), (40, 0.9727827767142855), ..., (43, 0.9727827767142855), (44, 0.9750602492672596), (45, 0.9817190802201909), (46, 0.9863549655563598), (47, 0.988094205461761), (48, 0.9885951911333174), (49, 0.9886808936631671), (50, 0.9886870846426943), ..., (53, 0.9886870846426943), (54, 0.9896335886362757), (55, 0.9924002484444954), (56, 0.9943239965842592), (57, 0.9950462162422831), (58, 0.9952540608409608), (59, 0.9952895719157713), (60, 0.9952921321632222), ..., (63, 0.9952921321632222), (64, 0.9956859748453571), (65, 0.9968370412202838), (66, 0.9976369754595009), (67, 0.997937359291408), (68, 0.9980237680133763), (69, 0.9980385220205905), (70, 0.9980395847211392), ..., (73, 0.9980395847211392), (74, 0.9982035748603606), (75, 0.998682832389513), (76, 0.999015811925728), (77, 0.9991408601868909), (78, 0.9991768244434809), (79, 0.9991829633920268), (80, 0.9991834053695071), ..., (83, 0.9991834053695071), (84, 0.9992517117954879), (85, 0.9994513302867226), (86, 0.9995900068580957), (87, 0.9996420877533587), (88, 0.9996570650070281), (89, 0.9996596212141526), (90, 0.9996598052127387), ..., (93, 0.9996598052127387), (94, 0.9996882613434909), (95, 0.9997714204346869), (96, 0.9998291890383221), (97, 0.9998508847371456), (98, 0.9998571236623972), (99, 0.9998581884118777), (100, 0.9998582650468996), ..., (103, 0.9998582650468996), (104, 0.9998701206072427), (105, 0.9999047666512666), (106, 0.9999288339323975), (107, 0.9999378727491275), (108, 0.9999404719510772), (109, 0.9999409155252472), (110, 0.9999409474501324), ..., (113, 0.9999409474501324), (114, 0.9999458869437895), (115, 0.9999603218178126), (116, 0.9999703490851701), (117, 0.9999741149814376), (118, 0.9999751978941794), (119, 0.9999753826996194), (120, 0.9999753960002007), ..., (123, 0.9999753960002007), (124, 0.9999774540169815), (125, 0.9999834682333337), (126, 0.9999876460272753), (127, 0.9999892150646921), (128, 0.999989666252105), (129, 0.9999897432495191), (130, 0.9999897487910392), ..., (133, 0.9999897487910392), (134, 0.9999906062592616), (135, 0.9999931120683793), (136, 0.9999948527336074), (137, 0.9999955064686521), (138, 0.999995694454357), (139, 0.9999957265350014), (140, 0.999995728843845), ..., (143, 0.999995728843845), (144, 0.9999960861070509), (145, 0.9999971301495146), (146, 0.9999978553951622), (147, 0.999998127772984), (148, 0.999998206096926), (149, 0.9999982194632628), (150, 0.9999982204252368), ..., (153, 0.9999982204252368), (154, 0.9999983692787311) }
  Time:        837.4 s

  + Value iteration
    Final error: 0
    Iterations:  309
    Time:        836.1 s
