Analysis results for BurstyMode.modest
Experiment DUR=10000, Mvar=3, Nvar=7, Startvar=0

+ State space exploration
  Min. state size: 24 bytes
  States:          15154425
  Transitions:     15154425
  Branches:        657525826
  Rate:            1479 states/s
  Time:            10336.2 s

+ Property p1
  Probability: 0.9999991946936615
  Bounds:      [0.9999991946936615, 1]
  CDF:         { (0, 0), (1, 0), (2, 0.2743484224965706), (3, 0.5590535920262081), (4, 0.6110781817737059), ..., (11, 0.6110781817737059), (12, 0.7177782690785878), (13, 0.8258496044081112), (14, 0.8411678523998224), ..., (21, 0.8411678523998224), (22, 0.884960884456006), (23, 0.9286822945212145), (24, 0.9343810431284687), ..., (31, 0.9343810431284687), (32, 0.9525189845439731), (33, 0.9704628805073188), (34, 0.9727827767142857), ..., (41, 0.9727827767142857), (42, 0.9803112038457635), (43, 0.9877210298529808), (44, 0.9886870846426948), ..., (51, 0.9886870846426948), (52, 0.9918164921600208), (53, 0.9948885961267847), (54, 0.995292132163223), ..., (61, 0.995292132163223), (62, 0.9965943484418395), (63, 0.9978711439583927), (64, 0.9980395847211397), ..., (71, 0.9980395847211397), (72, 0.9985818121385045), (73, 0.9991131575321854), (74, 0.9991834053695078), ..., (81, 0.9991834053695078), (82, 0.9994092580446727), (83, 0.9996305234872829), (84, 0.9996598052127396), ..., (91, 0.9996598052127396), (92, 0.9997538942712418), (93, 0.9998460624430681), (94, 0.9998582650469001), ..., (101, 0.9998582650469001), (102, 0.9998974649603385), (103, 0.9999358628127701), (104, 0.9999409474501331), ..., (111, 0.9999409474501331), (112, 0.9999572796743292), (113, 0.9999732774120111), (114, 0.9999753960002015), ..., (121, 0.9999753960002015), (122, 0.9999822007436981), (123, 0.999988866068511), (124, 0.9999897487910399), ..., (131, 0.9999897487910399), (132, 0.9999925839724941), (133, 0.9999953610553803), (134, 0.9999957288438454), ..., (141, 0.9999957288438454), (142, 0.9999969101191014), (143, 0.9999980671858527), (144, 0.999998220425237), ..., (151, 0.999998220425237), (152, 0.9999987126028392), (153, 0.9999991946936615) }
  Time:        911.3 s

  + Value iteration
    Final error: 0
    Iterations:  307
    Time:        907.2 s

+ Property p2
  Probability: 0.9999989294275908
  Bounds:      [0.9999989294275908, 1]
  CDF:         { (0, 0), (1, 0), (2, 0.02194787379972565), (3, 0.18222154481870997), (4, 0.22009592786405272), ..., (11, 0.22009592786405272), (12, 0.3358972994327103), (13, 0.5041338911717491), (14, 0.5319008919525885), ..., (21, 0.5319008919525885), (22, 0.6206959255604363), (23, 0.7301379759161397), (24, 0.7459154231796558), ..., (31, 0.7459154231796558), (32, 0.7994793426738863), (33, 0.8610666388694753), (34, 0.8696173418195834), ..., (41, 0.8696173418195834), (42, 0.8987658019175598), (43, 0.9310159005735658), (44, 0.9354568886614669), ..., (51, 0.9354568886614669), (52, 0.9504364592999899), (53, 0.9666193857618269), (54, 0.9688421813789552), ..., (61, 0.9688421813789552), (62, 0.976264441598094), (63, 0.9841560200392421), (64, 0.9852373847871969), ..., (71, 0.9852373847871969), (72, 0.9888224897115733), (73, 0.9925912384185042), (74, 0.9931062569291709), ..., (81, 0.9931062569291709), (82, 0.9948054618038178), (83, 0.9965765835271887), (84, 0.9968179526246771), ..., (91, 0.9968179526246771), (92, 0.9976115979261226), (93, 0.9984333716556879), (94, 0.9985450801946346), ..., (101, 0.9985450801946346), (102, 0.9989114625435871), (103, 0.9992888166691587), (104, 0.9993399983157633), ..., (111, 0.9993399983157633), (112, 0.999507533412045), (113, 0.9996793317221685), (114, 0.9997025882583412), ..., (121, 0.9997025882583412), (122, 0.9997785929872304), (123, 0.999856246270108), (124, 0.9998667407832983), ..., (131, 0.9998667407832983), (132, 0.9999009920356634), (133, 0.9999358770812377), (134, 0.9999405848562888), ..., (141, 0.9999405848562888), (142, 0.9999559322421172), (143, 0.9999715216097838), (144, 0.9999736227739815), ..., (151, 0.9999736227739815), (152, 0.999980465833342), (153, 0.9999874005165297), (154, 0.9999883341587104), ..., (161, 0.9999883341587104), (162, 0.9999913722173764), (163, 0.9999944446197868), (164, 0.9999948578672864), ..., (171, 0.9999948578672864), (172, 0.9999962015455861), (173, 0.999997557937076), (174, 0.9999977402184712), ..., (181, 0.9999977402184712), (182, 0.9999983325070516), (183, 0.9999989294275908) }
  Time:        1342.5 s

  + Value iteration
    Final error: 0
    Iterations:  367
    Time:        1338.8 s

+ Property p3
  Probability: 0.999998565733825
  Bounds:      [0.999998565733825, 1]
  CDF:         { (0, 0), ..., (2, 0), (3, 0.03450241889504197), (4, 0.04314307703018772), ..., (11, 0.04314307703018772), (12, 0.1002710416794709), (13, 0.22227079053476817), (14, 0.24477523136341908), ..., (21, 0.24477523136341908), (22, 0.33078993579873256), (23, 0.46243752656422016), (24, 0.48304699808913626), ..., (31, 0.48304699808913626), (32, 0.5599237541121868), (33, 0.6628640960624688), (34, 0.6780590823990031), ..., (41, 0.6780590823990031), (42, 0.7333653307876673), (43, 0.8022093836605171), (44, 0.812159548101587), ..., (51, 0.812159548101587), (52, 0.8474655812791195), (53, 0.889456442792127), (54, 0.8954612505916812), ..., (61, 0.8954612505916812), (62, 0.9163547458093166), (63, 0.9404484592866034), (64, 0.9438666820775086), ..., (71, 0.9438666820775086), (72, 0.9555977571248362), (73, 0.9688279425380132), (74, 0.9706921290127889), ..., (81, 0.9706921290127889), (82, 0.9770282925827044), (83, 0.9840550479238631), (84, 0.9850392568136919), ..., (91, 0.9850392568136919), (92, 0.9883609466639811), (93, 0.9919964882333587), (94, 0.9925030975954114), ..., (101, 0.9925030975954114), (102, 0.9942037160314121), (103, 0.9960453721480858), (104, 0.99630088388773), ..., (111, 0.99630088388773), (112, 0.9971549490347662), (113, 0.9980717925656538), (114, 0.9981985211305558), ..., (121, 0.9981985211305558), (122, 0.9986206458201514), (123, 0.9990704871885967), (124, 0.9991324664988981), ..., (131, 0.9991324664988981), (132, 0.9993383153206841), (133, 0.999556314696666), (134, 0.9995862676829288), ..., (141, 0.9995862676829288), (142, 0.9996855032082823), (143, 0.9997900322837892), (144, 0.9998043599292012), ..., (151, 0.9998043599292012), (152, 0.9998517269735353), (153, 0.9999013874815927), (154, 0.9999081799822778), ..., (161, 0.9999081799822778), (162, 0.9999305942764043), (163, 0.9999539972832984), (164, 0.9999571923306326), ..., (171, 0.9999571923306326), (172, 0.9999677183486045), (173, 0.9999786686686721), (174, 0.9999801611489368), ..., (181, 0.9999801611489368), (182, 0.9999850709915159), (183, 0.9999901621614409), (184, 0.9999908550298775), ..., (191, 0.9999908550298775), (192, 0.9999931314348968), (193, 0.9999954850298662), (194, 0.9999958049049751), ..., (201, 0.9999958049049751), (202, 0.9999968546316347), (203, 0.9999979370975557), (204, 0.9999980840353678), ..., (211, 0.9999980840353678), (212, 0.999998565733825) }
  Time:        1668.2 s

  + Value iteration
    Final error: 0
    Iterations:  425
    Time:        1663.8 s

+ Property p4
  Probability: 0.9999985313341405
  Bounds:      [0.9999985313341405, 1]
  CDF:         { (0, 0), ..., (2, 0), (3, 0.0033719641503007856), (4, 0.004275168833417067), ..., (11, 0.004275168833417067), (12, 0.018822256971545975), (13, 0.07104175015827284), (14, 0.08162794919840446), ..., (21, 0.08162794919840446), (22, 0.13295947312955425), (23, 0.23259740495079909), (24, 0.2493717884024153), ..., (31, 0.2493717884024153), (32, 0.3198374630693452), (33, 0.43050402536444854), (34, 0.44776224281996846), ..., (41, 0.44776224281996846), (42, 0.5157697287637699), (43, 0.611312447246651), (44, 0.6257423304751504), ..., (51, 0.6257423304751504), (52, 0.6800867369943467), (53, 0.7513590756788211), (54, 0.761935829126989), ..., (61, 0.761935829126989), (62, 0.8005229289744642), (63, 0.8488295827243756), (64, 0.8559074529691992), ..., (71, 0.8559074529691992), (72, 0.8811679486221138), (73, 0.9117489717656939), (74, 0.9161831001812408), ..., (81, 0.9161831001812408), (82, 0.9317640086419772), (83, 0.9501550942253557), (84, 0.9527983261815274), ..., (91, 0.9527983261815274), (92, 0.9619806143189769), (93, 0.9726061866126171), (94, 0.9741219885445572), ..., (101, 0.9741219885445572), (102, 0.9793417590385199), (103, 0.985286238732061), (104, 0.9861289152693714), ..., (111, 0.9861289152693714), (112, 0.989010629082056), (113, 0.992249532495524), (114, 0.9927062099268327), ..., (121, 0.9927062099268327), (122, 0.9942590937256965), (123, 0.9959853052346871), (124, 0.9962275767494044), ..., (131, 0.9962275767494044), (132, 0.9970475193840767), (133, 0.9979504638917212), (134, 0.998076686373901), ..., (141, 0.998076686373901), (142, 0.9985021711345861), (143, 0.9989669530239194), (144, 0.9990316990885224), ..., (151, 0.9990316990885224), (152, 0.999249206005239), (153, 0.9994851346240383), (154, 0.9995179000354215), ..., (161, 0.9995179000354215), (162, 0.9996276449869546), (163, 0.9997459507899951), (164, 0.9997623364316585), ..., (171, 0.9997623364316585), (172, 0.9998170760331909), (173, 0.9998757634044422), (174, 0.9998838721128551), ..., (181, 0.9998838721128551), (182, 0.9999108986909735), (183, 0.9999397332386999), (184, 0.9999437086083096), ..., (191, 0.9999437086083096), (192, 0.9999569315538405), (193, 0.999970977375255), (194, 0.9999729100591803), ..., (201, 0.9999729100591803), (202, 0.9999793268179438), (203, 0.9999861159983171), (204, 0.999987048521226), ..., (211, 0.999987048521226), (212, 0.9999901395113295), (213, 0.9999933981921003), (214, 0.9999938450619372), ..., (221, 0.9999938450619372), (222, 0.9999953240688739), (223, 0.9999968782280633), (224, 0.9999970910378585), ..., (231, 0.9999970910378585), (232, 0.9999977944186462), (233, 0.9999985313341405) }
  Time:        2041.9 s

  + Value iteration
    Final error: 0
    Iterations:  467
    Time:        2038.0 s

+ Property p5
  Probability: 0.9999985849973594
  Bounds:      [0.9999985849973594, 1]
  CDF:         { (0, 0), ..., (11, 0), (12, 0.002025953769316521), (13, 0.01634842389903728), (14, 0.019486733818898035), ..., (21, 0.019486733818898035), (22, 0.040223040861445986), (23, 0.09283089925828601), (24, 0.1022897176150684), ..., (31, 0.1022897176150684), (32, 0.14816170500260653), (33, 0.23355694804362304), (34, 0.24756370033271172), ..., (41, 0.24756370033271172), (42, 0.308113829453906), (43, 0.4045930789166287), (44, 0.41976966179088265), ..., (51, 0.41976966179088265), (52, 0.48094425962312115), (53, 0.5696482253511319), (54, 0.5832739450504841), ..., (61, 0.5832739450504841), (62, 0.6357007648796178), (63, 0.707063121362393), (64, 0.7178398553026586), ..., (71, 0.7178398553026586), (72, 0.758009132447834), (73, 0.8102628047097956), (74, 0.8180466166883729), ..., (81, 0.8180466166883729), (82, 0.8464167919771964), (83, 0.882082462189907), (84, 0.8873351519209836), ..., (91, 0.8873351519209836), (92, 0.9061666608791572), (93, 0.9292170282385303), (94, 0.9325794710003642), ..., (101, 0.9325794710003642), (102, 0.944482902930349), (103, 0.9587435372464013), (104, 0.9608070356623342), ..., (111, 0.9608070356623342), (112, 0.9680393988178567), (113, 0.9765522656128335), (114, 0.9777756164267974), ..., (121, 0.9777756164267974), (122, 0.9820286621539952), (123, 0.9869612043044536), (124, 0.9876658622896634), ..., (131, 0.9876658622896634), (132, 0.9900991953615212), (133, 0.9928860254023515), (134, 0.9932821151815643), ..., (141, 0.9932821151815643), (142, 0.9946421463186683), (143, 0.9961829818418501), (144, 0.9964010014951377), ..., (151, 0.9964010014951377), (152, 0.9971459743529565), (153, 0.9979820730787072), (154, 0.9980999108819837), ..., (161, 0.9980999108819837), (162, 0.9985008735619441), (163, 0.9989471763343003), (164, 0.9990098575162164), ..., (171, 0.9990098575162164), (172, 0.9992223589553764), (173, 0.999457164630317), (174, 0.9994900391024324), ..., (181, 0.9994900391024324), (182, 0.9996011300377209), (183, 0.9997230827810225), (184, 0.9997401091435081), ..., (191, 0.9997401091435081), (192, 0.9997974804466776), (193, 0.9998600936063136), (194, 0.9998688131474216), ..., (201, 0.9998688131474216), (202, 0.999898118855778), (203, 0.9999299337053336), (204, 0.9999343540583784), ..., (211, 0.9999343540583784), (212, 0.9999491763035384), (213, 0.9999651907634821), (214, 0.9999674111390224), ..., (221, 0.9999674111390224), (222, 0.9999748409604966), (223, 0.9999828334597831), (224, 0.999983939473847), ..., (231, 0.999983939473847), (232, 0.999987633421312), (233, 0.9999915912992172), (234, 0.9999921380279134), ..., (241, 0.9999921380279134), (242, 0.9999939608837762), (243, 0.9999959068403383), (244, 0.9999961752101766), ..., (251, 0.9999961752101766), (252, 0.9999970685726957), (253, 0.9999980190519445), (254, 0.999998149936152), ..., (261, 0.999998149936152), (262, 0.9999985849973594) }
  Time:        2520.2 s

  + Value iteration
    Final error: 0
    Iterations:  525
    Time:        2516.5 s

+ Property p6
  Probability: 0.9999988061006031
  Bounds:      [0.9999988061006031, 1]
  CDF:         { (0, 0), ..., (11, 0), (12, 9.383086602835812E-05), (13, 0.0026247924676598795), (14, 0.0032200403234425167), ..., (21, 0.0032200403234425167), (22, 0.009076000806664), (23, 0.029410139024433814), (24, 0.03329571777633848), ..., (31, 0.03329571777633848), (32, 0.055646360814659394), (33, 0.10568996255443158), (34, 0.11429511459270852), ..., (41, 0.11429511459270852), (42, 0.15565308117165028), (43, 0.23088982268820973), (44, 0.24318546779198622), ..., (51, 0.24318546779198622), (52, 0.2966695680659134), (53, 0.3827198534343966), (54, 0.39637433134218486), ..., (61, 0.39637433134218486), (62, 0.45209598999931144), (63, 0.5347412050418511), (64, 0.547583388623123), ..., (71, 0.547583388623123), (72, 0.5977841665637004), (73, 0.6680495649588246), (74, 0.6787879363460779), ..., (81, 0.6787879363460779), (82, 0.7195140703246037), (83, 0.7740947144370434), (84, 0.7823222370290335), ..., (91, 0.7823222370290335), (92, 0.8128402587001211), (93, 0.8523791824994948), (94, 0.8582711143445808), ..., (101, 0.8582711143445808), (102, 0.8797581824848728), (103, 0.9068510609270657), (104, 0.9108492747847234), ..., (111, 0.9108492747847234), (112, 0.9252363388605378), (113, 0.9429770517736722), (114, 0.94557352922241), ..., (121, 0.94557352922241), (122, 0.9548158866796225), (123, 0.9660022119072917), (124, 0.9676277899956877), ..., (131, 0.9676277899956877), (132, 0.9733625224526361), (133, 0.9801944827867637), (134, 0.9811811755641413), ..., (141, 0.9811811755641413), (142, 0.9846359028497809), (143, 0.9886959960722408), (144, 0.9892792044085854), ..., (151, 0.9892792044085854), (152, 0.9913081218577043), (153, 0.9936645222123422), (154, 0.9940013938836633), ..., (161, 0.9940013938836633), (162, 0.9951668534797931), (163, 0.9965064497489243), (164, 0.996697148443918), ..., (171, 0.996697148443918), (172, 0.9973537201928827), (173, 0.9981014951790077), (174, 0.9982075419246317), ..., (181, 0.9982075419246317), (182, 0.9985711113597413), (183, 0.9989818095332936), (184, 0.9990398548019426), ..., (191, 0.9990398548019426), (192, 0.9992381092823909), (193, 0.9994604259916692), (194, 0.9994917498436648), ..., (201, 0.9994917498436648), (202, 0.9995983785627085), (203, 0.9997171603250032), (204, 0.9997338494604513), ..., (211, 0.9997338494604513), (212, 0.9997904897351221), (213, 0.9998532083080593), (214, 0.9998619978714823), ..., (221, 0.9998619978714823), (222, 0.9998917473344738), (223, 0.9999245098958711), (224, 0.9999290905636373), ..., (231, 0.9999290905636373), (232, 0.9999445563136883), (233, 0.9999615036072618), (234, 0.9999638679623384), ..., (241, 0.9999638679623384), (242, 0.999971832868626), (243, 0.999980520841417), (244, 0.9999817305043025), ..., (251, 0.9999817305043025), (252, 0.9999857971969767), (253, 0.9999902143687381), (254, 0.9999908282549451), ..., (261, 0.9999908282549451), (262, 0.9999928881588429), (263, 0.9999951168708218), (264, 0.9999954260800645), ..., (271, 0.9999954260800645), (272, 0.9999964618376042), (273, 0.9999975784252644), (274, 0.9999977330922405), ..., (281, 0.9999977330922405), (282, 0.9999982503499196), (283, 0.9999988061006031) }
  Time:        3055.3 s

  + Value iteration
    Final error: 0
    Iterations:  567
    Time:        3054.1 s

+ Property p7
  Probability: 0.9999986097684879
  Bounds:      [0.9999986097684879, 1]
  CDF:         { (0, 0), ..., (12, 0), (13, 0.0002697189853056485), (14, 0.000337168389632669), ..., (21, 0.000337168389632669), (22, 0.0014906128436039643), (23, 0.0073658649381949885), (24, 0.008554631447380725), ..., (31, 0.008554631447380725), (32, 0.016930188959638232), (33, 0.03992771476214403), (34, 0.04406332109852508), ..., (41, 0.04406332109852508), (42, 0.06648016010760047), (43, 0.11343534536803596), (44, 0.12139208303305778), ..., (51, 0.12139208303305778), (52, 0.15905687778712682), (53, 0.22660015127017513), (54, 0.2376536705668467), ..., (61, 0.2376536705668467), (62, 0.285765696932494), (63, 0.36373022614123174), (64, 0.3761789201026862), ..., (71, 0.3761789201026862), (72, 0.42742177246497853), (73, 0.5047302663826744), (74, 0.5168373320553921), ..., (81, 0.5168373320553921), (82, 0.5647653715349403), (83, 0.633321406670881), (84, 0.6438881535585013), ..., (91, 0.6438881535585013), (92, 0.6845400209269275), (93, 0.7403342179060741), (94, 0.7488202030530665), ..., (101, 0.7488202030530665), (102, 0.780764412459362), (103, 0.823182260913202), (104, 0.8295616209742299), ..., (111, 0.8295616209742299), (112, 0.8531682959253906), (113, 0.8836780130042254), (114, 0.8882226698921579), ..., (121, 0.8882226698921579), (122, 0.904809312846985), (123, 0.9257674154498808), (124, 0.9288636144386279), ..., (131, 0.9288636144386279), (132, 0.9400358350325322), (133, 0.9538847683285324), (134, 0.9559160843160254), ..., (141, 0.9559160843160254), (142, 0.9631761399045498), (143, 0.972028796999773), (144, 0.9733191367661254), ..., (151, 0.9733191367661254), (152, 0.9778935837424068), (153, 0.9833923959104679), (154, 0.9841894484139149), ..., (161, 0.9841894484139149), (162, 0.9869954312693697), (163, 0.9903264453207925), (164, 0.9908068950427659), ..., (171, 0.9908068950427659), (172, 0.9924880422087691), (173, 0.9944617779668945), (174, 0.9947452029010346), ..., (181, 0.9947452029010346), (182, 0.9957316628430175), (183, 0.9968784452087583), (184, 0.997042465763706), ..., (191, 0.997042465763706), (192, 0.9976106530053539), (193, 0.9982653727018626), (194, 0.9983586775985902), ..., (201, 0.9983586775985902), (202, 0.9986805427392254), (203, 0.9990484839146363), (204, 0.9991007476569049), ..., (211, 0.9991007476569049), (212, 0.9992803599659367), (213, 0.9994842076296464), (214, 0.9995130761085202), ..., (221, 0.9995130761085202), (222, 0.9996119513165522), (223, 0.9997234328958395), (224, 0.999739177255222), ..., (231, 0.999739177255222), (232, 0.999792936790808), (233, 0.9998531874624019), (234, 0.9998616750116737), ..., (241, 0.9998616750116737), (242, 0.9998905751699478), (243, 0.999922786722713), (244, 0.9999273137649393), ..., (251, 0.9999273137649393), (252, 0.9999426891056659), (253, 0.9999597393329025), (254, 0.9999621303913228), ..., (261, 0.9999621303913228), (262, 0.9999702322490003), (263, 0.9999791745931744), (264, 0.9999804261058114), ..., (271, 0.9999804261058114), (272, 0.9999846576111063), (273, 0.9999893078148278), (274, 0.9999899574051321), ..., (281, 0.9999899574051321), (282, 0.99999214938294), (283, 0.9999945485293145), (284, 0.999994883079985), ..., (291, 0.999994883079985), (292, 0.9999960099123845), (293, 0.9999972386042224), (294, 0.9999974096587058), ..., (301, 0.9999974096587058), (302, 0.9999979848200973), (303, 0.9999986097684879) }
  Time:        3718.7 s

  + Value iteration
    Final error: 0
    Iterations:  607
    Time:        3714.8 s

+ Property p8
  Probability: 0.9999984659561663
  Bounds:      [0.9999984659561663, 1]
  CDF:         { (0, 0), ..., (12, 0), (13, 1.4011678981267659E-05), (14, 1.7743894857601508E-05), ..., (21, 1.7743894857601508E-05), (22, 0.00016932557153541457), (23, 0.0014403967987260153), (24, 0.001712001797716903), ..., (31, 0.001712001797716903), (32, 0.004153888669816584), (33, 0.012593182386493958), (34, 0.014177437837890645), ..., (41, 0.014177437837890645), (42, 0.02401879767210887), (43, 0.04800954347254978), (44, 0.052218363920214), ..., (51, 0.052218363920214), (52, 0.07409328726890538), (53, 0.11806002749494514), (54, 0.1254707278431669), ..., (61, 0.1254707278431669), (62, 0.16007485062971194), (63, 0.22154247040563912), (64, 0.23161591142784654), ..., (71, 0.23161591142784654), (72, 0.27546004178290484), (73, 0.34690686423103495), (74, 0.35836137656258105), ..., (81, 0.35836137656258105), (82, 0.4058389829347021), (83, 0.47842578863851193), (84, 0.4898556900884667), ..., (91, 0.4898556900884667), (92, 0.5355739069802262), (93, 0.6021135074437854), (94, 0.612435051078326), ..., (101, 0.612435051078326), (102, 0.6526195867289837), (103, 0.7088562109566026), (104, 0.717469619006494), ..., (111, 0.717469619006494), (112, 0.7503011780363429), (113, 0.794799659595771), (114, 0.8015418296555455), ..., (121, 0.8015418296555455), (122, 0.8268064595347375), (123, 0.8601479655172175), (124, 0.8651527822476477), ..., (131, 0.8651527822476477), (132, 0.8836461114604474), (133, 0.9075069774995166), (134, 0.9110597287118307), ..., (141, 0.9110597287118307), (142, 0.9240345369407154), (143, 0.9404542595438251), (144, 0.9428817183315921), ..., (151, 0.9428817183315921), (152, 0.9516591697966936), (153, 0.9625821561688165), (154, 0.9641868502180778), ..., (161, 0.9641868502180778), (162, 0.9699399095163551), (163, 0.9769947096412576), (164, 0.9780253308666149), ..., (171, 0.9780253308666149), (172, 0.9816929642001759), (173, 0.9861324204345506), (174, 0.986777717651748), ..., (181, 0.986777717651748), (182, 0.9890592508167155), (183, 0.9917891697931388), (184, 0.9921841816490657), ..., (191, 0.9921841816490657), (192, 0.9935728155728888), (193, 0.9952172371322073), (194, 0.9954542043427389), ..., (201, 0.9954542043427389), (202, 0.9962830099550664), (203, 0.9972553666961883), (204, 0.9973949633251037), ..., (211, 0.9973949633251037), (212, 0.99788098895716), (213, 0.9984463964127345), (214, 0.998527291835676), ..., (221, 0.998527291835676), (222, 0.9988077876620988), (223, 0.9991315961653332), (224, 0.9991777795256944), ..., (231, 0.9991777795256944), (232, 0.9993373220478077), (233, 0.9995202099916713), (234, 0.9995462190437807), ..., (241, 0.9995462190437807), (242, 0.9996357660541029), (243, 0.9997377561760645), (244, 0.9997522217210261), ..., (251, 0.9997522217210261), (252, 0.9998018723851743), (253, 0.9998580873721661), (254, 0.9998660407329687), ..., (261, 0.9998660407329687), (262, 0.9998932625264793), (263, 0.9999239146148773), (264, 0.9999282413091384), ..., (271, 0.9999282413091384), (272, 0.9999430118605027), (273, 0.9999595593049639), (274, 0.9999618900383389), ..., (281, 0.9999618900383389), (282, 0.9999698277409823), (283, 0.9999786784077096), (284, 0.9999799225338751), ..., (291, 0.9999799225338751), (292, 0.9999841502514187), (293, 0.999988843505803), (294, 0.9999895019890083), ..., (301, 0.9999895019890083), (302, 0.9999917350202905), (303, 0.9999942037642284), (304, 0.9999945495276906), ..., (311, 0.9999945495276906), (312, 0.9999957198347977), (313, 0.9999970087021504), (314, 0.9999971889165468), ..., (321, 0.9999971889165468), (322, 0.999997797803563), (323, 0.9999984659561663) }
  Time:        4209.6 s

  + Value iteration
    Final error: 0
    Iterations:  647
    Time:        4205.7 s

+ Property p9
  Probability: 0.9999983756409768
  Bounds:      [0.9999983756409768, 1]
  CDF:         { (0, 0), ..., (21, 0), (22, 1.1925351016111799E-05), (23, 0.00021432762325757212), (24, 0.00025991055661652644), ..., (31, 0.00025991055661652644), (32, 0.0008133786231468835), (33, 0.0033078157850824582), (34, 0.0037959906587979684), ..., (41, 0.0037959906587979684), (42, 0.007337156399482086), (43, 0.017519139361792037), (44, 0.019366269991630634), ..., (51, 0.019366269991630634), (52, 0.030009415827188177), (53, 0.054147426147387184), (54, 0.05833324193040813), ..., (61, 0.05833324193040813), (62, 0.07942914098005135), (63, 0.12066649275960543), (64, 0.12759604448236514), ..., (71, 0.12759604448236514), (72, 0.1596214883483092), (73, 0.2161315424838196), (74, 0.2253983387177182), ..., (81, 0.2253983387177182), (82, 0.26574092986139225), (83, 0.3317765987435061), (84, 0.3423917194327206), ..., (91, 0.3423917194327206), (92, 0.3866440833090217), (93, 0.45502425284200243), (94, 0.4658350034423908), ..., (101, 0.4658350034423908), (102, 0.5094508116796082), (103, 0.5738367246084172), (104, 0.583873998127105), ..., (111, 0.583873998127105), (112, 0.6233461715549853), (113, 0.6794877702430803), (114, 0.6881354530910256), ..., (121, 0.6881354530910256), (122, 0.7214518014237085), (123, 0.7673962276013435), (124, 0.7744003524265777), ..., (131, 0.7744003524265777), (132, 0.800934180359295), (133, 0.836582772951153), (134, 0.8419685745353189), ..., (141, 0.8419685745353189), (142, 0.8620870670890752), (143, 0.8885192814205002), (144, 0.8924811895666567), ..., (151, 0.8924811895666567), (152, 0.9071057870528904), (153, 0.9259516099308273), (154, 0.9287566753487866), ..., (161, 0.9287566753487866), (162, 0.9390059839522814), (163, 0.9519918218526461), (164, 0.953912632873946), ..., (171, 0.953912632873946), (172, 0.9608692816422267), (173, 0.9695525591090692), (174, 0.9708297730895438), ..., (181, 0.9708297730895438), (182, 0.9754199016657797), (183, 0.9810736398916786), (184, 0.9819010454489319), ..., (191, 0.9819010454489319), (192, 0.9848544492324783), (193, 0.988449176484935), (194, 0.9889728438114992), ..., (201, 0.9889728438114992), (202, 0.990830796364877), (203, 0.993068095483585), (204, 0.9933926570181497), ..., (211, 0.9933926570181497), (212, 0.9945379860811749), (213, 0.9959038472438202), (214, 0.9961012335503592), ..., (221, 0.9961012335503592), (222, 0.9967944068516882), (223, 0.9976137869409493), (224, 0.9977317832495131), ..., (231, 0.9977317832495131), (232, 0.9981443443994618), (233, 0.9986281045653154), (234, 0.9986975437838881), ..., (241, 0.9986975437838881), (242, 0.9989393656366952), (243, 0.9992208311088395), (244, 0.9992611118270968), ..., (251, 0.9992611118270968), (252, 0.9994008810149788), (253, 0.9995624595930431), (254, 0.9995855189581944), ..., (261, 0.9995855189581944), (262, 0.9996652667414601), (263, 0.9997568802146364), (264, 0.9997699208462036), ..., (271, 0.9997699208462036), (272, 0.9998148827132238), (273, 0.9998662343284948), (274, 0.9998735262968208), ..., (281, 0.9998735262968208), (282, 0.9998985971250757), (283, 0.9999270762569443), (284, 0.9999311111966296), ..., (291, 0.9999311111966296), (292, 0.9999449478572684), (293, 0.9999605864776877), (294, 0.9999627974848136), ..., (301, 0.9999627974848136), (302, 0.9999703612301374), (303, 0.9999788698265317), (304, 0.999980070395502), ..., (311, 0.999980070395502), (312, 0.9999841682825124), (313, 0.9999887577863364), (314, 0.9999894041597652), ..., (321, 0.9999894041597652), (322, 0.9999916058115583), (323, 0.9999940614124005), (324, 0.9999944066441735), ..., (331, 0.9999944066441735), (332, 0.9999955802651443), (333, 0.999996884177238), (334, 0.9999970671891066), ..., (341, 0.9999970671891066), (342, 0.9999976882044871), (343, 0.9999983756409768) }
  Time:        4817.7 s

  + Value iteration
    Final error: 0
    Iterations:  687
    Time:        4813.9 s

+ Property p10
  Probability: 0.9999983348372805
  Bounds:      [0.9999983348372805, 1]
  CDF:         { (0, 0), ..., (21, 0), (22, 3.9069388037729786E-07), (23, 2.309818942689801E-05), (24, 2.8481593882646274E-05), ..., (31, 2.8481593882646274E-05), (32, 0.00012469534117452166), (33, 0.0007190562208951371), (34, 0.0008402084306186979), ..., (41, 0.0008402084306186979), (42, 0.0018902070130740831), (43, 0.005511820547946758), (44, 0.006190589046350294), ..., (51, 0.006190589046350294), (52, 0.010573694125766298), (53, 0.02188177666706414), (54, 0.023897480524869032), ..., (61, 0.023897480524869032), (62, 0.03493352306611051), (63, 0.05878325724059234), (64, 0.06288931505173259), ..., (71, 0.06288931505173259), (72, 0.08312799291775813), (73, 0.12191016411904028), (74, 0.12841034898886675), ..., (81, 0.12841034898886675), (82, 0.1582282138347297), (83, 0.21058656165041356), (84, 0.2191728846646578), ..., (91, 0.2191728846646578), (92, 0.25657141193984906), (93, 0.3180114350129235), (94, 0.327905658251997), ..., (101, 0.327905658251997), (102, 0.36935301698947587), (103, 0.4339587994954426), (104, 0.44420434178235163), ..., (111, 0.44420434178235163), (112, 0.4858402509168289), (113, 0.5480323760415564), (114, 0.557766636068093), ..., (121, 0.557766636068093), (122, 0.5963757740580505), (123, 0.6520465303685598), (124, 0.6606619794669859), ..., (131, 0.6606619794669859), (132, 0.694161709402701), (133, 0.7410494540500583), (134, 0.7482344313280911), ..., (141, 0.7482344313280911), (142, 0.7757139833500002), (143, 0.8132099906185042), (144, 0.8189061788913012), ..., (151, 0.8189061788913012), (152, 0.8403895593430964), (153, 0.86906602830767), (154, 0.8733890495234249), ..., (161, 0.8733890495234249), (162, 0.889499786896436), (163, 0.9105953246299836), (164, 0.9137537738359022), ..., (171, 0.9137537738359022), (172, 0.9254034223128901), (173, 0.9404012394255157), (174, 0.9426329435334675), ..., (181, 0.9426329435334675), (182, 0.950790426816963), (183, 0.9611354686136614), (184, 0.9626662919857281), ..., (191, 0.9626662919857281), (192, 0.9682175888168403), (193, 0.975163367254509), (194, 0.9761860025736462), ..., (201, 0.9761860025736462), (202, 0.9798683998820644), (203, 0.9844202995496858), (204, 0.9850874020595382), ..., (211, 0.9850874020595382), (212, 0.9874745076607805), (213, 0.9903930777802358), (214, 0.9908190079683561), ..., (221, 0.9908190079683561), (222, 0.9923345422133943), (223, 0.9941691063754187), (224, 0.9944358029100783), ..., (231, 0.9944358029100783), (232, 0.9953799330368204), (233, 0.9965124460961046), (234, 0.996676495368294), ..., (241, 0.996676495368294), (242, 0.9972545673615373), (243, 0.9979422150153509), (244, 0.9980414944773155), ..., (251, 0.9980414944773155), (252, 0.998389863072541), (253, 0.9988010929590418), (254, 0.9988602823206825), ..., (261, 0.9988602823206825), (262, 0.9990671779898508), (263, 0.9993096794113508), (264, 0.9993444835743127), ..., (271, 0.9993444835743127), (272, 0.9994657119562913), (273, 0.9996068719354047), (274, 0.9996270774287763), ..., (281, 0.9996270774287763), (282, 0.9996972276592587), (283, 0.9997784141196546), (284, 0.9997900060935103), ..., (291, 0.9997900060935103), (292, 0.9998301307251509), (293, 0.99987630442432), (294, 0.9998828817936497), ..., (301, 0.9998828817936497), (302, 0.9999055854453656), (303, 0.9999315734029779), (304, 0.9999352672179289), ..., (311, 0.9999352672179289), (312, 0.9999479844961353), (313, 0.9999624692571767), (314, 0.9999645238034381), ..., (321, 0.9999645238034381), (322, 0.9999715802738529), (323, 0.9999795800804996), (324, 0.9999807125774041), ..., (331, 0.9999807125774041), (332, 0.9999845934610238), (333, 0.9999889739168629), (334, 0.999989592897161), ..., (341, 0.999989592897161), (342, 0.9999917095772488), (343, 0.9999940888916268), (344, 0.9999944245152698), ..., (351, 0.9999944245152698), (352, 0.9999955699563235), (353, 0.9999968525200837), (354, 0.9999970331387672), ..., (361, 0.9999970331387672), (362, 0.9999976484240723), (363, 0.9999983348372805) }
  Time:        5552.3 s

  + Value iteration
    Final error: 0
    Iterations:  727
    Time:        5549.3 s

+ Property p11
  Probability: 0.9999983367767987
  Bounds:      [0.9999983367767987, 1]
  CDF:         { (0, 0), ..., (22, 0), (23, 1.6294095383197555E-06), (24, 2.0356113116729652E-06), ..., (31, 2.0356113116729652E-06), (32, 1.4479828253571003E-05), (33, 0.00012786401633349624), (34, 0.0001519213608472302), ..., (41, 0.0001519213608472302), (42, 0.0004084226956352345), (43, 0.0014927834374121648), (44, 0.001702608277126238), ..., (51, 0.001702608277126238), (52, 0.0032400895670641116), (53, 0.007796667320253703), (54, 0.008630975022795095), ..., (61, 0.008630975022795095), (62, 0.013628533377959847), (63, 0.025633347096447462), (64, 0.027749390421669084), ..., (71, 0.027749390421669084), (72, 0.03892500042648844), (73, 0.0622594036294169), (74, 0.06625427977007674), ..., (81, 0.06625427977007674), (82, 0.08562824343524855), (83, 0.12220407526191723), (84, 0.1283196751673426), ..., (91, 0.1283196751673426), (92, 0.15622060878646551), (93, 0.20502990235721297), (94, 0.21303211191114763), ..., (101, 0.21303211191114763), (102, 0.2479073665117112), (103, 0.3053745761951891), (104, 0.31464108207694785), ..., (111, 0.31464108207694785), (112, 0.35361828246457927), (113, 0.4148152103811049), (114, 0.4245440758824054), ..., (121, 0.4245440758824054), (122, 0.46432407531428854), (123, 0.5243385498596694), (124, 0.5337632074174267), ..., (131, 0.5337632074174267), (132, 0.5714199888460815), (133, 0.626357376057996), (134, 0.6348930098528427), ..., (141, 0.6348930098528427), (142, 0.6683500029650709), (143, 0.7157835241272047), (144, 0.7230843110013888), ..., (151, 0.7230843110013888), (152, 0.7512421588845044), (153, 0.7901884318060601), (154, 0.7961331243039094), ..., (161, 0.7961331243039094), (162, 0.8187463287827343), (163, 0.8493562472522719), (164, 0.8539938366084732), ..., (171, 0.8539938366084732), (172, 0.8714257961338692), (173, 0.8945782753111196), (174, 0.8980626264595228), ..., (181, 0.8980626264595228), (182, 0.9110242911321372), (183, 0.9279516835290942), (184, 0.9304838276188226), ..., (191, 0.9304838276188226), (192, 0.9398176125909218), (193, 0.9518248316181279), (194, 0.9536111355633147), ..., (201, 0.9536111355633147), (202, 0.9601425750340444), (203, 0.9684316795499923), (204, 0.969658677189692), ..., (211, 0.969658677189692), (212, 0.9741128041601301), (213, 0.9796967161666597), (214, 0.9805194890223163), ..., (221, 0.9805194890223163), (222, 0.983486965692732), (223, 0.9871659333759253), (224, 0.9877057329791865), ..., (231, 0.9877057329791865), (232, 0.9896412843873066), (233, 0.9920166337139895), (234, 0.9923638023765611), ..., (241, 0.9923638023765611), (242, 0.9936020726687218), (243, 0.9951076068760473), (244, 0.9953268547979932), ..., (251, 0.9953268547979932), (252, 0.9961051056645764), (253, 0.9970432527656119), (254, 0.9971794158779057), ..., (261, 0.9971794158779057), (262, 0.9976606239505112), (263, 0.998236125579973), (264, 0.9983193937364606), ..., (271, 0.9983193937364606), (272, 0.9986124829062819), (273, 0.9989604434218025), (274, 0.9990106425691884), ..., (281, 0.9990106425691884), (282, 0.9991866795915744), (283, 0.9993942558222042), (284, 0.9994241206037442), ..., (291, 0.9994241206037442), (292, 0.9995284910424993), (293, 0.9996507829893566), (294, 0.9996683326465257), ..., (301, 0.9996683326465257), (302, 0.9997294701082171), (303, 0.999800682807344), (304, 0.9998108777380613), ..., (311, 0.9998108777380613), (312, 0.9998462890573193), (313, 0.9998873082456134), (314, 0.999893167347172), ..., (321, 0.999893167347172), (322, 0.9999134626860051), (323, 0.9999368502984796), (324, 0.9999401838166395), ..., (331, 0.9999401838166395), (332, 0.9999517012364343), (333, 0.9999649088850755), (334, 0.9999667876247382), ..., (341, 0.9999667876247382), (342, 0.9999732631956351), (343, 0.9999806550464605), (344, 0.9999817045055011), ..., (351, 0.9999817045055011), (352, 0.9999853136255976), (353, 0.9999894156170317), (354, 0.99998999694549), ..., (361, 0.99998999694549), (362, 0.9999919919376847), (363, 0.9999942501091634), (364, 0.9999945695852039), ..., (371, 0.9999945695852039), (372, 0.9999956637830786), (373, 0.9999968975396547), (374, 0.9999970718015404), ..., (381, 0.9999970718015404), (382, 0.9999976675288265), (383, 0.9999983367767987) }
  Time:        6379.1 s

  + Value iteration
    Final error: 0
    Iterations:  767
    Time:        6375.4 s

+ Property p12
  Probability: 0.9999983735261068
  Bounds:      [0.9999983735261068, 1]
  CDF:         { (0, 0), ..., (22, 0), (23, 5.7776920515337746E-08), (24, 7.293806527464563E-08), ..., (31, 7.293806527464563E-08), (32, 1.2016731771819303E-06), (33, 1.824035201604548E-05), (34, 2.2002214172343828E-05), ..., (41, 2.2002214172343828E-05), (42, 7.332171872631802E-05), (43, 0.0003467657392321395), (44, 0.0004013684098329568), ..., (51, 0.0004013684098329568), (52, 0.0008620949520539695), (53, 0.002449318263012575), (54, 0.0027476717360589375), ..., (61, 0.0027476717360589375), (62, 0.004718399069656463), (63, 0.010013871535443475), (64, 0.010968975645326645), ..., (71, 0.010968975645326645), (72, 0.01640095797756164), (73, 0.02880701474025334), (74, 0.030975291786886246), ..., (81, 0.030975291786886246), (82, 0.04213144268106392), (83, 0.0648333031400036), (84, 0.06870150535478584), ..., (91, 0.06870150535478584), (92, 0.08723491140891519), (93, 0.12182072340921814), (94, 0.12759078109255775), ..., (101, 0.12759078109255775), (102, 0.15380668126189456), (103, 0.19953217321993044), (104, 0.20702596317653954), ..., (111, 0.20702596317653954), (112, 0.23970516603018582), (113, 0.2936892563345646), (114, 0.3024027808598594), ..., (121, 0.3024027808598594), (122, 0.33918199298831897), (123, 0.39728188644505524), (124, 0.40653713535455815), ..., (131, 0.40653713535455815), (132, 0.44458045739875607), (133, 0.5024657838774396), (134, 0.5115815861897348), ..., (141, 0.5115815861897348), (142, 0.5482371944720948), (143, 0.6022590675943296), (144, 0.6106809086062952), ..., (151, 0.6106809086062952), (152, 0.6439254093969246), (153, 0.6915903439817409), (154, 0.6989548293219218), ..., (161, 0.6989548293219218), (162, 0.7275706444894227), (163, 0.7676269556664612), (164, 0.7737664835889758), ..., (171, 0.7737664835889758), (172, 0.7973003473981898), (173, 0.8295553760876284), (174, 0.834463695956749), ..., (181, 0.834463695956749), (182, 0.853056701295154), (183, 0.8780676779058921), (184, 0.8818489414463786), ..., (191, 0.8818489414463786), (192, 0.8960244623382029), (193, 0.9147772433649896), (194, 0.9175956305629268), ..., (201, 0.9175956305629268), (202, 0.928064711536482), (203, 0.9417078985704965), (204, 0.9437473017525585), ..., (211, 0.9437473017525585), (212, 0.9512609956932205), (213, 0.9609208152727965), (214, 0.9623576401103937), ..., (221, 0.9623576401103937), (222, 0.9676125654642835), (223, 0.9742857117085566), (224, 0.9752737745846789), ..., (231, 0.9752737745846789), (232, 0.9788636173948303), (233, 0.9833713353768729), (234, 0.9840359676299585), ..., (241, 0.9840359676299585), (242, 0.9864363041491334), (243, 0.9894194866437761), (244, 0.9898576236019878), ..., (251, 0.9898576236019878), (252, 0.9914313742392885), (253, 0.9933688193860102), (254, 0.9936523402591129), ..., (261, 0.9936523402591129), (262, 0.9946656720097862), (263, 0.9959023266441225), (264, 0.9960826854309024), ..., (271, 0.9960826854309024), (272, 0.9967243742970398), (273, 0.9975011692822159), (274, 0.9976141034765351), ..., (281, 0.9976141034765351), (282, 0.9980142250100044), (283, 0.9984949651148968), (284, 0.9985646513663368), ..., (291, 0.9985646513663368), (292, 0.9988105937685745), (293, 0.9991040298743212), (294, 0.9991464475965914), ..., (301, 0.9991464475965914), (302, 0.9992956165993334), (303, 0.999472433170382), (304, 0.9994979264637734), ..., (311, 0.9994979264637734), (312, 0.9995872804457098), (313, 0.999692550621706), (314, 0.9997076912295475), ..., (321, 0.9997076912295475), (322, 0.9997605952033628), (323, 0.9998225667588364), (324, 0.9998314592925119), ..., (331, 0.9998314592925119), (332, 0.9998624418900521), (333, 0.9998985400515931), (334, 0.9999037085995548), ..., (341, 0.9999037085995548), (342, 0.999921667914822), (343, 0.9999424867947805), (344, 0.9999454614861017), ..., (351, 0.9999454614861017), (352, 0.9999557716603282), (353, 0.9999676665194958), (354, 0.9999693627766004), ..., (361, 0.9999693627766004), (362, 0.9999752280179866), (363, 0.9999819642931732), (364, 0.9999829231266804), ..., (371, 0.9999829231266804), (372, 0.9999862311520348), (373, 0.9999900142620872), (374, 0.9999905517928495), ..., (381, 0.9999905517928495), (382, 0.9999924024092621), (383, 0.9999945102607712), (384, 0.9999948092547095), ..., (391, 0.9999948092547095), (392, 0.9999958365949275), (393, 0.9999970022528233), (394, 0.9999971673333822), ..., (401, 0.9999971673333822), (402, 0.9999977334864205), (403, 0.9999983735261068) }
  Time:        7252.6 s

  + Value iteration
    Final error: 0
    Iterations:  807
    Time:        7248.6 s
