Analysis results for BurstyMode.modest
Experiment DUR=10000, Mvar=3, Nvar=7, Startvar=0

+ State space exploration
  Min. state size: 24 bytes
  States:          6528822
  Transitions:     6528822
  Branches:        269198586
  Rate:            1568 states/s
  Time:            4199.0 s

+ Property p1
  Probability: 0.9999991946936615
  Bounds:      [0.9999991946936615, 1]
  CDF:         { (0, 0), (1, 0), (2, 0.2743484224965706), (3, 0.5590535920262081), (4, 0.6110781817737059), ..., (11, 0.6110781817737059), (12, 0.7177782690785878), (13, 0.8258496044081112), (14, 0.8411678523998224), ..., (21, 0.8411678523998224), (22, 0.884960884456006), (23, 0.9286822945212145), (24, 0.9343810431284687), ..., (31, 0.9343810431284687), (32, 0.9525189845439731), (33, 0.9704628805073188), (34, 0.9727827767142857), ..., (41, 0.9727827767142857), (42, 0.9803112038457635), (43, 0.9877210298529808), (44, 0.9886870846426948), ..., (51, 0.9886870846426948), (52, 0.9918164921600208), (53, 0.9948885961267847), (54, 0.995292132163223), ..., (61, 0.995292132163223), (62, 0.9965943484418395), (63, 0.9978711439583927), (64, 0.9980395847211397), ..., (71, 0.9980395847211397), (72, 0.9985818121385045), (73, 0.9991131575321854), (74, 0.9991834053695078), ..., (81, 0.9991834053695078), (82, 0.9994092580446727), (83, 0.9996305234872829), (84, 0.9996598052127396), ..., (91, 0.9996598052127396), (92, 0.9997538942712418), (93, 0.9998460624430681), (94, 0.9998582650469001), ..., (101, 0.9998582650469001), (102, 0.9998974649603385), (103, 0.9999358628127701), (104, 0.9999409474501331), ..., (111, 0.9999409474501331), (112, 0.9999572796743292), (113, 0.9999732774120111), (114, 0.9999753960002015), ..., (121, 0.9999753960002015), (122, 0.9999822007436981), (123, 0.999988866068511), (124, 0.9999897487910399), ..., (131, 0.9999897487910399), (132, 0.9999925839724941), (133, 0.9999953610553803), (134, 0.9999957288438454), ..., (141, 0.9999957288438454), (142, 0.9999969101191014), (143, 0.9999980671858527), (144, 0.999998220425237), ..., (151, 0.999998220425237), (152, 0.9999987126028392), (153, 0.9999991946936615) }
  Time:        387.5 s

  + Value iteration
    Final error: 0
    Iterations:  307
    Time:        386.1 s

+ Property p2
  Probability: 0.9999989294275908
  Bounds:      [0.9999989294275908, 1]
  CDF:         { (0, 0), (1, 0), (2, 0.02194787379972565), (3, 0.18222154481870997), (4, 0.22009592786405272), ..., (11, 0.22009592786405272), (12, 0.3358972994327103), (13, 0.5041338911717491), (14, 0.5319008919525885), ..., (21, 0.5319008919525885), (22, 0.6206959255604363), (23, 0.7301379759161397), (24, 0.7459154231796558), ..., (31, 0.7459154231796558), (32, 0.7994793426738863), (33, 0.8610666388694753), (34, 0.8696173418195834), ..., (41, 0.8696173418195834), (42, 0.8987658019175598), (43, 0.9310159005735658), (44, 0.9354568886614669), ..., (51, 0.9354568886614669), (52, 0.9504364592999899), (53, 0.9666193857618269), (54, 0.9688421813789552), ..., (61, 0.9688421813789552), (62, 0.976264441598094), (63, 0.9841560200392421), (64, 0.9852373847871969), ..., (71, 0.9852373847871969), (72, 0.9888224897115733), (73, 0.9925912384185042), (74, 0.9931062569291709), ..., (81, 0.9931062569291709), (82, 0.9948054618038178), (83, 0.9965765835271887), (84, 0.9968179526246771), ..., (91, 0.9968179526246771), (92, 0.9976115979261226), (93, 0.9984333716556879), (94, 0.9985450801946346), ..., (101, 0.9985450801946346), (102, 0.9989114625435871), (103, 0.9992888166691587), (104, 0.9993399983157633), ..., (111, 0.9993399983157633), (112, 0.999507533412045), (113, 0.9996793317221685), (114, 0.9997025882583412), ..., (121, 0.9997025882583412), (122, 0.9997785929872304), (123, 0.999856246270108), (124, 0.9998667407832983), ..., (131, 0.9998667407832983), (132, 0.9999009920356634), (133, 0.9999358770812377), (134, 0.9999405848562888), ..., (141, 0.9999405848562888), (142, 0.9999559322421172), (143, 0.9999715216097838), (144, 0.9999736227739815), ..., (151, 0.9999736227739815), (152, 0.999980465833342), (153, 0.9999874005165297), (154, 0.9999883341587104), ..., (161, 0.9999883341587104), (162, 0.9999913722173764), (163, 0.9999944446197868), (164, 0.9999948578672864), ..., (171, 0.9999948578672864), (172, 0.9999962015455861), (173, 0.999997557937076), (174, 0.9999977402184712), ..., (181, 0.9999977402184712), (182, 0.9999983325070516), (183, 0.9999989294275908) }
  Time:        657.1 s

  + Value iteration
    Final error: 0
    Iterations:  367
    Time:        655.6 s

+ Property p3
  Probability: 0.999998565733825
  Bounds:      [0.999998565733825, 1]
  CDF:         { (0, 0), ..., (2, 0), (3, 0.03450241889504197), (4, 0.04314307703018772), ..., (11, 0.04314307703018772), (12, 0.1002710416794709), (13, 0.22227079053476817), (14, 0.24477523136341908), ..., (21, 0.24477523136341908), (22, 0.33078993579873256), (23, 0.46243752656422016), (24, 0.48304699808913626), ..., (31, 0.48304699808913626), (32, 0.5599237541121868), (33, 0.6628640960624688), (34, 0.6780590823990031), ..., (41, 0.6780590823990031), (42, 0.7333653307876673), (43, 0.8022093836605171), (44, 0.812159548101587), ..., (51, 0.812159548101587), (52, 0.8474655812791195), (53, 0.889456442792127), (54, 0.8954612505916812), ..., (61, 0.8954612505916812), (62, 0.9163547458093166), (63, 0.9404484592866034), (64, 0.9438666820775086), ..., (71, 0.9438666820775086), (72, 0.9555977571248362), (73, 0.9688279425380132), (74, 0.9706921290127889), ..., (81, 0.9706921290127889), (82, 0.9770282925827044), (83, 0.9840550479238631), (84, 0.9850392568136919), ..., (91, 0.9850392568136919), (92, 0.9883609466639811), (93, 0.9919964882333587), (94, 0.9925030975954114), ..., (101, 0.9925030975954114), (102, 0.9942037160314121), (103, 0.9960453721480858), (104, 0.99630088388773), ..., (111, 0.99630088388773), (112, 0.9971549490347662), (113, 0.9980717925656538), (114, 0.9981985211305558), ..., (121, 0.9981985211305558), (122, 0.9986206458201514), (123, 0.9990704871885967), (124, 0.9991324664988981), ..., (131, 0.9991324664988981), (132, 0.9993383153206841), (133, 0.999556314696666), (134, 0.9995862676829288), ..., (141, 0.9995862676829288), (142, 0.9996855032082823), (143, 0.9997900322837892), (144, 0.9998043599292012), ..., (151, 0.9998043599292012), (152, 0.9998517269735353), (153, 0.9999013874815927), (154, 0.9999081799822778), ..., (161, 0.9999081799822778), (162, 0.9999305942764043), (163, 0.9999539972832984), (164, 0.9999571923306326), ..., (171, 0.9999571923306326), (172, 0.9999677183486045), (173, 0.9999786686686721), (174, 0.9999801611489368), ..., (181, 0.9999801611489368), (182, 0.9999850709915159), (183, 0.9999901621614409), (184, 0.9999908550298775), ..., (191, 0.9999908550298775), (192, 0.9999931314348968), (193, 0.9999954850298662), (194, 0.9999958049049751), ..., (201, 0.9999958049049751), (202, 0.9999968546316347), (203, 0.9999979370975557), (204, 0.9999980840353678), ..., (211, 0.9999980840353678), (212, 0.999998565733825) }
  Time:        989.1 s

  + Value iteration
    Final error: 0
    Iterations:  425
    Time:        987.6 s

+ Property p4
  Probability: 0.9999985313341405
  Bounds:      [0.9999985313341405, 1]
  CDF:         { (0, 0), ..., (2, 0), (3, 0.0033719641503007856), (4, 0.004275168833417067), ..., (11, 0.004275168833417067), (12, 0.018822256971545975), (13, 0.07104175015827284), (14, 0.08162794919840446), ..., (21, 0.08162794919840446), (22, 0.13295947312955425), (23, 0.23259740495079909), (24, 0.2493717884024153), ..., (31, 0.2493717884024153), (32, 0.3198374630693452), (33, 0.43050402536444854), (34, 0.44776224281996846), ..., (41, 0.44776224281996846), (42, 0.5157697287637699), (43, 0.611312447246651), (44, 0.6257423304751504), ..., (51, 0.6257423304751504), (52, 0.6800867369943467), (53, 0.7513590756788211), (54, 0.761935829126989), ..., (61, 0.761935829126989), (62, 0.8005229289744642), (63, 0.8488295827243756), (64, 0.8559074529691992), ..., (71, 0.8559074529691992), (72, 0.8811679486221138), (73, 0.9117489717656939), (74, 0.9161831001812408), ..., (81, 0.9161831001812408), (82, 0.9317640086419772), (83, 0.9501550942253557), (84, 0.9527983261815274), ..., (91, 0.9527983261815274), (92, 0.9619806143189769), (93, 0.9726061866126171), (94, 0.9741219885445572), ..., (101, 0.9741219885445572), (102, 0.9793417590385199), (103, 0.985286238732061), (104, 0.9861289152693714), ..., (111, 0.9861289152693714), (112, 0.989010629082056), (113, 0.992249532495524), (114, 0.9927062099268327), ..., (121, 0.9927062099268327), (122, 0.9942590937256965), (123, 0.9959853052346871), (124, 0.9962275767494044), ..., (131, 0.9962275767494044), (132, 0.9970475193840767), (133, 0.9979504638917212), (134, 0.998076686373901), ..., (141, 0.998076686373901), (142, 0.9985021711345861), (143, 0.9989669530239194), (144, 0.9990316990885224), ..., (151, 0.9990316990885224), (152, 0.999249206005239), (153, 0.9994851346240383), (154, 0.9995179000354215), ..., (161, 0.9995179000354215), (162, 0.9996276449869546), (163, 0.9997459507899951), (164, 0.9997623364316585), ..., (171, 0.9997623364316585), (172, 0.9998170760331909), (173, 0.9998757634044422), (174, 0.9998838721128551), ..., (181, 0.9998838721128551), (182, 0.9999108986909735), (183, 0.9999397332386999), (184, 0.9999437086083096), ..., (191, 0.9999437086083096), (192, 0.9999569315538405), (193, 0.999970977375255), (194, 0.9999729100591803), ..., (201, 0.9999729100591803), (202, 0.9999793268179438), (203, 0.9999861159983171), (204, 0.999987048521226), ..., (211, 0.999987048521226), (212, 0.9999901395113295), (213, 0.9999933981921003), (214, 0.9999938450619372), ..., (221, 0.9999938450619372), (222, 0.9999953240688739), (223, 0.9999968782280633), (224, 0.9999970910378585), ..., (231, 0.9999970910378585), (232, 0.9999977944186462), (233, 0.9999985313341405) }
  Time:        1338.8 s

  + Value iteration
    Final error: 0
    Iterations:  467
    Time:        1337.3 s

+ Property p5
  Probability: 0.9999985849973594
  Bounds:      [0.9999985849973594, 1]
  CDF:         { (0, 0), ..., (11, 0), (12, 0.002025953769316521), (13, 0.01634842389903728), (14, 0.019486733818898035), ..., (21, 0.019486733818898035), (22, 0.040223040861445986), (23, 0.09283089925828601), (24, 0.1022897176150684), ..., (31, 0.1022897176150684), (32, 0.14816170500260653), (33, 0.23355694804362304), (34, 0.24756370033271172), ..., (41, 0.24756370033271172), (42, 0.308113829453906), (43, 0.4045930789166287), (44, 0.41976966179088265), ..., (51, 0.41976966179088265), (52, 0.48094425962312115), (53, 0.5696482253511319), (54, 0.5832739450504841), ..., (61, 0.5832739450504841), (62, 0.6357007648796178), (63, 0.707063121362393), (64, 0.7178398553026586), ..., (71, 0.7178398553026586), (72, 0.758009132447834), (73, 0.8102628047097956), (74, 0.8180466166883729), ..., (81, 0.8180466166883729), (82, 0.8464167919771964), (83, 0.882082462189907), (84, 0.8873351519209836), ..., (91, 0.8873351519209836), (92, 0.9061666608791572), (93, 0.9292170282385303), (94, 0.9325794710003642), ..., (101, 0.9325794710003642), (102, 0.944482902930349), (103, 0.9587435372464013), (104, 0.9608070356623342), ..., (111, 0.9608070356623342), (112, 0.9680393988178567), (113, 0.9765522656128335), (114, 0.9777756164267974), ..., (121, 0.9777756164267974), (122, 0.9820286621539952), (123, 0.9869612043044536), (124, 0.9876658622896634), ..., (131, 0.9876658622896634), (132, 0.9900991953615212), (133, 0.9928860254023515), (134, 0.9932821151815643), ..., (141, 0.9932821151815643), (142, 0.9946421463186683), (143, 0.9961829818418501), (144, 0.9964010014951377), ..., (151, 0.9964010014951377), (152, 0.9971459743529565), (153, 0.9979820730787072), (154, 0.9980999108819837), ..., (161, 0.9980999108819837), (162, 0.9985008735619441), (163, 0.9989471763343003), (164, 0.9990098575162164), ..., (171, 0.9990098575162164), (172, 0.9992223589553764), (173, 0.999457164630317), (174, 0.9994900391024324), ..., (181, 0.9994900391024324), (182, 0.9996011300377209), (183, 0.9997230827810225), (184, 0.9997401091435081), ..., (191, 0.9997401091435081), (192, 0.9997974804466776), (193, 0.9998600936063136), (194, 0.9998688131474216), ..., (201, 0.9998688131474216), (202, 0.999898118855778), (203, 0.9999299337053336), (204, 0.9999343540583784), ..., (211, 0.9999343540583784), (212, 0.9999491763035384), (213, 0.9999651907634821), (214, 0.9999674111390224), ..., (221, 0.9999674111390224), (222, 0.9999748409604966), (223, 0.9999828334597831), (224, 0.999983939473847), ..., (231, 0.999983939473847), (232, 0.999987633421312), (233, 0.9999915912992172), (234, 0.9999921380279134), ..., (241, 0.9999921380279134), (242, 0.9999939608837762), (243, 0.9999959068403383), (244, 0.9999961752101766), ..., (251, 0.9999961752101766), (252, 0.9999970685726957), (253, 0.9999980190519445), (254, 0.999998149936152), ..., (261, 0.999998149936152), (262, 0.9999985849973594) }
  Time:        1764.8 s

  + Value iteration
    Final error: 0
    Iterations:  525
    Time:        1763.3 s
