# Data for router 8
0 0.0
1 0.0
2 0.0
3 0.0
4 0.0
5 0.0
6 0.0
7 0.0
8 0.0
9 0.0
10 0.0
11 0.0
12 0.0
13 0.0
14 0.0
15 0.0
16 0.0
17 0.0
18 0.0
19 0.0
20 0.0
21 0.008245722531436817
22 0.017419088847660275
23 0.02504638218923933
24 0.03525046382189239
25 0.04349618635332921
26 0.05308183879612451
27 0.060812203669346525
28 0.06926406926406926
29 0.07812822098536384
30 0.08658008658008658
31 0.09606266749123892
32 0.10420531849103278
33 0.10420531849103278
34 0.10420531849103278
35 0.10420531849103278
36 0.10420531849103278
37 0.10420531849103278
38 0.10420531849103278
39 0.10420531849103278
40 0.10420531849103278
41 0.10420531849103278
42 0.10420531849103278
43 0.10420531849103278
44 0.10420531849103278
45 0.10420531849103278
46 0.10420531849103278
47 0.10420531849103278
48 0.10420531849103278
49 0.10420531849103278
50 0.10420531849103278
51 0.10420531849103278
52 0.10420531849103278
53 0.10420531849103278
54 0.10420531849103278
55 0.10420531849103278
56 0.10420531849103278
57 0.10420531849103278
58 0.10420531849103278
59 0.10420531849103278
60 0.10420531849103278
61 0.10420531849103278
62 0.10420531849103278
63 0.10420531849103278
64 0.10420531849103278
65 0.10420531849103278
66 0.10420531849103278
67 0.10420531849103278
68 0.10420531849103278
69 0.10420531849103278
70 0.10420531849103278
71 0.10420531849103278
72 0.10420531849103278
73 0.10420531849103278
74 0.13141620284477426
75 0.13141620284477426
76 0.15367965367965367
77 0.15367965367965367
78 0.1756338899196042
79 0.1756338899196042
80 0.1989280560709132
81 0.1989280560709132
82 0.22387136672850957
83 0.22387136672850957
84 0.24654710368996083
85 0.24654710368996083
86 0.26953205524634094
87 0.26953205524634094
88 0.2950937950937951
89 0.2950937950937951
90 0.3166357452071738
91 0.3166357452071738
92 0.33848690991548136
93 0.33848690991548136
94 0.36384250669964957
95 0.36384250669964957
96 0.3878581735724593
97 0.3878581735724593
98 0.3878581735724593
99 0.3878581735724593
100 0.38363224077509794
101 0.38363224077509794
102 0.38363224077509794
103 0.38363224077509794
104 0.38363224077509794
105 0.38363224077509794
106 0.38363224077509794
107 0.38363224077509794
108 0.38363224077509794
109 0.38363224077509794
110 0.38363224077509794
111 0.38363224077509794
112 0.38363224077509794
113 0.38363224077509794
114 0.38363224077509794
115 0.38363224077509794
116 0.38363224077509794
117 0.38363224077509794
118 0.38363224077509794
119 0.38363224077509794
120 0.38363224077509794
121 0.38363224077509794
122 0.38363224077509794
123 0.38363224077509794
124 0.38363224077509794
125 0.38363224077509794
126 0.38363224077509794
127 0.38363224077509794
128 0.38363224077509794
129 0.38363224077509794
130 0.38363224077509794
131 0.38363224077509794
132 0.38363224077509794
133 0.38363224077509794
134 0.38363224077509794
135 0.38363224077509794
136 0.38363224077509794
137 0.38363224077509794
138 0.38363224077509794
139 0.38363224077509794
140 0.38363224077509794
141 0.38363224077509794
142 0.38363224077509794
143 0.38363224077509794
144 0.38363224077509794
145 0.38363224077509794
146 0.38363224077509794
147 0.38363224077509794
148 0.38363224077509794
149 0.38363224077509794
150 0.38363224077509794
151 0.38363224077509794
152 0.38363224077509794
153 0.38363224077509794
154 0.38363224077509794
155 0.38363224077509794
156 0.38363224077509794
157 0.38363224077509794
158 0.38363224077509794
159 0.38950731807874667
160 0.38950731807874667
161 0.38950731807874667
162 0.39600082457225316
163 0.39600082457225316
164 0.39600082457225316
165 0.4033189033189033
166 0.4033189033189033
167 0.4033189033189033
168 0.4095031952174809
169 0.4095031952174809
170 0.4095031952174809
171 0.4166151309008452
172 0.4166151309008452
173 0.4166151309008452
174 0.42145949288806434
175 0.42145949288806434
176 0.42145949288806434
177 0.4280560709132138
178 0.4280560709132138
179 0.4280560709132138
180 0.43413729128014844
181 0.43413729128014844
182 0.43413729128014844
183 0.4409400123685838
184 0.4409400123685838
185 0.4409400123685838
186 0.44702123273551847
187 0.44702123273551847
188 0.44702123273551847
189 0.4537208822923109
190 0.4537208822923109
191 0.4537208822923109
192 0.4595959595959596
193 0.4595959595959596
194 0.4595959595959596
195 0.4595959595959596
196 0.4595959595959596
197 0.4595959595959596
198 0.4595959595959596
199 0.4595959595959596
200 0.4660894660894661
201 0.4660894660894661
202 0.4660894660894661
203 0.4660894660894661
204 0.4660894660894661
205 0.4660894660894661
206 0.4660894660894661
207 0.4660894660894661
208 0.4660894660894661
209 0.4660894660894661
210 0.4660894660894661
211 0.4660894660894661
212 0.4660894660894661
213 0.4660894660894661
214 0.4660894660894661
215 0.4660894660894661
216 0.4660894660894661
217 0.4660894660894661
218 0.4660894660894661
219 0.4660894660894661
220 0.4660894660894661
221 0.4660894660894661
222 0.4660894660894661
223 0.4660894660894661
224 0.4660894660894661
225 0.4660894660894661
226 0.4660894660894661
227 0.4660894660894661
228 0.4660894660894661
229 0.4660894660894661
230 0.4660894660894661
231 0.4660894660894661
232 0.4660894660894661
233 0.4660894660894661
234 0.4660894660894661
235 0.4660894660894661
236 0.4660894660894661
237 0.4660894660894661
238 0.4660894660894661
239 0.4660894660894661
240 0.4660894660894661
241 0.4660894660894661
242 0.4660894660894661
243 0.4660894660894661
244 0.4660894660894661
245 0.4660894660894661
246 0.4660894660894661
247 0.4660894660894661
248 0.4660894660894661
249 0.4660894660894661
250 0.4660894660894661
251 0.4660894660894661
252 0.4660894660894661
253 0.4660894660894661
254 0.4660894660894661
255 0.4660894660894661
256 0.4660894660894661
257 0.4660894660894661
258 0.4660894660894661
259 0.4660894660894661
260 0.4660894660894661
261 0.4660894660894661
262 0.4660894660894661
263 0.4660894660894661
264 0.4660894660894661
265 0.4660894660894661
266 0.4660894660894661
267 0.4660894660894661
268 0.4660894660894661
269 0.4660894660894661
270 0.4660894660894661
271 0.4660894660894661
272 0.4660894660894661
273 0.4660894660894661
274 0.4660894660894661
275 0.4660894660894661
276 0.4684601113172542
277 0.4684601113172542
278 0.4684601113172542
279 0.4684601113172542
280 0.47052154195011336
281 0.47052154195011336
282 0.47052154195011336
283 0.47052154195011336
284 0.47278911564625853
285 0.47278911564625853
286 0.47278911564625853
287 0.47278911564625853
288 0.47577819006390437
289 0.47577819006390437
290 0.47577819006390437
291 0.47577819006390437
292 0.4780457637600495
293 0.4780457637600495
294 0.4780457637600495
295 0.4780457637600495
296 0.48093176664605236
297 0.48093176664605236
298 0.48093176664605236
299 0.48093176664605236
300 0.48124098124098125
301 0.48124098124098125
302 0.48124098124098125
303 0.48124098124098125
304 0.4830962688105545
305 0.4830962688105545
306 0.4830962688105545
307 0.4830962688105545
308 0.4859822716965574
309 0.4859822716965574
310 0.4859822716965574
311 0.4859822716965574
312 0.48969284683570397
313 0.48969284683570397
314 0.48969284683570397
315 0.48969284683570397
316 0.49196042053184913
317 0.49196042053184913
318 0.49196042053184913
319 0.49196042053184913
320 0.494846423417852
321 0.494846423417852
322 0.494846423417852
323 0.494846423417852
324 0.494846423417852
325 0.494846423417852
326 0.494846423417852
327 0.494846423417852
328 0.494846423417852
329 0.494846423417852
330 0.494846423417852
331 0.494846423417852
332 0.494846423417852
333 0.494846423417852
334 0.494846423417852
335 0.494846423417852
336 0.494846423417852
337 0.494846423417852
338 0.494846423417852
339 0.494846423417852
340 0.494846423417852
341 0.494846423417852
342 0.494846423417852
343 0.494846423417852
344 0.494846423417852
345 0.494846423417852
346 0.494846423417852
347 0.494846423417852
348 0.494846423417852
349 0.494846423417852
350 0.494846423417852
