# Data for router 2
0 0.0
1 0.0
2 0.0
3 0.0
4 0.0
5 0.0
6 0.0
7 0.0
8 0.0
9 0.0
10 0.0
11 0.0
12 0.0
13 0.0
14 0.0
15 0.0
16 0.0
17 0.0
18 0.0
19 0.0
20 0.0
21 0.0013399299113584827
22 0.0024737167594310453
23 0.0036075036075036075
24 0.005050505050505051
25 0.006287363430220573
26 0.0074211502782931356
27 0.00937950937950938
28 0.01030715316429602
29 0.011234796949082663
30 0.013296227581941867
31 0.015151515151515152
32 0.016182230467944755
33 0.016182230467944755
34 0.016182230467944755
35 0.016182230467944755
36 0.016182230467944755
37 0.016182230467944755
38 0.016182230467944755
39 0.016182230467944755
40 0.016182230467944755
41 0.016182230467944755
42 0.016182230467944755
43 0.016182230467944755
44 0.016182230467944755
45 0.016182230467944755
46 0.016182230467944755
47 0.016182230467944755
48 0.016182230467944755
49 0.016182230467944755
50 0.016182230467944755
51 0.016182230467944755
52 0.016182230467944755
53 0.016182230467944755
54 0.016182230467944755
55 0.016182230467944755
56 0.016182230467944755
57 0.016182230467944755
58 0.016182230467944755
59 0.016182230467944755
60 0.016182230467944755
61 0.016182230467944755
62 0.016182230467944755
63 0.016182230467944755
64 0.016182230467944755
65 0.016182230467944755
66 0.016182230467944755
67 0.016182230467944755
68 0.016182230467944755
69 0.016182230467944755
70 0.016182230467944755
71 0.016182230467944755
72 0.016182230467944755
73 0.016182230467944755
74 0.02277880849309421
75 0.02277880849309421
76 0.0292723149866007
77 0.0292723149866007
78 0.03494124922696351
79 0.03494124922696351
80 0.040610183467326325
81 0.040610183467326325
82 0.046176046176046176
83 0.046176046176046176
84 0.05225726654298083
85 0.05225726654298083
86 0.05895691609977324
87 0.05895691609977324
88 0.06627499484642342
89 0.06627499484642342
90 0.07215007215007214
91 0.07215007215007214
92 0.07833436404864977
93 0.07833436404864977
94 0.08585858585858586
95 0.08585858585858586
96 0.09224902082044939
97 0.09224902082044939
98 0.09224902082044939
99 0.09224902082044939
100 0.08441558441558442
101 0.08441558441558442
102 0.08441558441558442
103 0.08441558441558442
104 0.08441558441558442
105 0.08441558441558442
106 0.08441558441558442
107 0.08441558441558442
108 0.08441558441558442
109 0.08441558441558442
110 0.08441558441558442
111 0.08441558441558442
112 0.08441558441558442
113 0.08441558441558442
114 0.08441558441558442
115 0.08441558441558442
116 0.08441558441558442
117 0.08441558441558442
118 0.08441558441558442
119 0.08441558441558442
120 0.08441558441558442
121 0.08441558441558442
122 0.08441558441558442
123 0.08441558441558442
124 0.08441558441558442
125 0.08441558441558442
126 0.08441558441558442
127 0.08441558441558442
128 0.08441558441558442
129 0.08441558441558442
130 0.08441558441558442
131 0.08441558441558442
132 0.08441558441558442
133 0.08441558441558442
134 0.08441558441558442
135 0.08441558441558442
136 0.08441558441558442
137 0.08441558441558442
138 0.08441558441558442
139 0.08441558441558442
140 0.08441558441558442
141 0.08441558441558442
142 0.08441558441558442
143 0.08441558441558442
144 0.08441558441558442
145 0.08441558441558442
146 0.08441558441558442
147 0.08441558441558442
148 0.08441558441558442
149 0.08441558441558442
150 0.08441558441558442
151 0.08441558441558442
152 0.08441558441558442
153 0.08441558441558442
154 0.08441558441558442
155 0.08441558441558442
156 0.08441558441558442
157 0.08441558441558442
158 0.08441558441558442
159 0.08503401360544217
160 0.08503401360544217
161 0.08503401360544217
162 0.08596165739022882
163 0.08596165739022882
164 0.08596165739022882
165 0.08699237270665842
166 0.08699237270665842
167 0.08699237270665842
168 0.08822923108637394
169 0.08822923108637394
170 0.08822923108637394
171 0.08936301793444651
172 0.08936301793444651
173 0.08936301793444651
174 0.09080601937744795
175 0.09080601937744795
176 0.09080601937744795
177 0.09214594928880643
178 0.09214594928880643
179 0.09214594928880643
180 0.09317666460523603
181 0.09317666460523603
182 0.09317666460523603
183 0.09451659451659451
184 0.09451659451659451
185 0.09451659451659451
186 0.0953411667697382
187 0.0953411667697382
188 0.0953411667697382
189 0.09668109668109669
190 0.09668109668109669
191 0.09668109668109669
192 0.09781488352916924
193 0.09781488352916924
194 0.09781488352916924
195 0.09781488352916924
196 0.09781488352916924
197 0.09781488352916924
198 0.09781488352916924
199 0.09781488352916924
200 0.10863739435168007
201 0.10863739435168007
202 0.10863739435168007
203 0.10863739435168007
204 0.10863739435168007
205 0.10863739435168007
206 0.10863739435168007
207 0.10863739435168007
208 0.10863739435168007
209 0.10863739435168007
210 0.10863739435168007
211 0.10863739435168007
212 0.10863739435168007
213 0.10863739435168007
214 0.10863739435168007
215 0.10863739435168007
216 0.10863739435168007
217 0.10863739435168007
218 0.10863739435168007
219 0.10863739435168007
220 0.10863739435168007
221 0.10863739435168007
222 0.10863739435168007
223 0.10863739435168007
224 0.10863739435168007
225 0.10863739435168007
226 0.10863739435168007
227 0.10863739435168007
228 0.10863739435168007
229 0.10863739435168007
230 0.10863739435168007
231 0.10863739435168007
232 0.10863739435168007
233 0.10863739435168007
234 0.10863739435168007
235 0.10863739435168007
236 0.10863739435168007
237 0.10863739435168007
238 0.10863739435168007
239 0.10863739435168007
240 0.10863739435168007
241 0.10863739435168007
242 0.10863739435168007
243 0.10863739435168007
244 0.10863739435168007
245 0.10863739435168007
246 0.10863739435168007
247 0.10863739435168007
248 0.10863739435168007
249 0.10863739435168007
250 0.10863739435168007
251 0.10863739435168007
252 0.10863739435168007
253 0.10863739435168007
254 0.10863739435168007
255 0.10863739435168007
256 0.10863739435168007
257 0.10863739435168007
258 0.10863739435168007
259 0.10863739435168007
260 0.10863739435168007
261 0.10863739435168007
262 0.10863739435168007
263 0.10863739435168007
264 0.10863739435168007
265 0.10863739435168007
266 0.10863739435168007
267 0.10863739435168007
268 0.10863739435168007
269 0.10863739435168007
270 0.10863739435168007
271 0.10863739435168007
272 0.10863739435168007
273 0.10863739435168007
274 0.10863739435168007
275 0.10863739435168007
276 0.10863739435168007
277 0.10863739435168007
278 0.10863739435168007
279 0.10863739435168007
280 0.10863739435168007
281 0.10863739435168007
282 0.10863739435168007
283 0.10863739435168007
284 0.10863739435168007
285 0.10863739435168007
286 0.10863739435168007
287 0.10863739435168007
288 0.10863739435168007
289 0.10863739435168007
290 0.10863739435168007
291 0.10863739435168007
292 0.10863739435168007
293 0.10863739435168007
294 0.10863739435168007
295 0.10863739435168007
296 0.10863739435168007
297 0.10863739435168007
298 0.10863739435168007
299 0.10863739435168007
300 0.11059575345289631
301 0.11059575345289631
302 0.11059575345289631
303 0.11059575345289631
304 0.11059575345289631
305 0.11059575345289631
306 0.11059575345289631
307 0.11059575345289631
308 0.11059575345289631
309 0.11059575345289631
310 0.11059575345289631
311 0.11059575345289631
312 0.11059575345289631
313 0.11059575345289631
314 0.11059575345289631
315 0.11059575345289631
316 0.11059575345289631
317 0.11059575345289631
318 0.11059575345289631
319 0.11059575345289631
320 0.11059575345289631
321 0.11059575345289631
322 0.11059575345289631
323 0.11059575345289631
324 0.11059575345289631
325 0.11059575345289631
326 0.11059575345289631
327 0.11059575345289631
328 0.11059575345289631
329 0.11059575345289631
330 0.11059575345289631
331 0.11059575345289631
332 0.11059575345289631
333 0.11059575345289631
334 0.11059575345289631
335 0.11059575345289631
336 0.11059575345289631
337 0.11059575345289631
338 0.11059575345289631
339 0.11059575345289631
340 0.11059575345289631
341 0.11059575345289631
342 0.11059575345289631
343 0.11059575345289631
344 0.11059575345289631
345 0.11059575345289631
346 0.11059575345289631
347 0.11059575345289631
348 0.11059575345289631
349 0.11059575345289631
350 0.11059575345289631
