# Data for router 10
0 0.0
1 0.0
2 0.0
3 0.0
4 0.0
5 0.0
6 0.0
7 0.0
8 0.0
9 0.0
10 0.0
11 0.0
12 0.0
13 0.0
14 0.0
15 0.0
16 0.0
17 0.0
18 0.0
19 0.0
20 0.0
21 0.018140589569160998
22 0.03844568130282416
23 0.05926613069470212
24 0.07936507936507936
25 0.10049474335188621
26 0.11894454751597609
27 0.1370851370851371
28 0.15615337043908473
29 0.173572459286745
30 0.19294990723562153
31 0.21459492888064316
32 0.23325087610801898
33 0.23325087610801898
34 0.23325087610801898
35 0.23325087610801898
36 0.23325087610801898
37 0.23325087610801898
38 0.23325087610801898
39 0.23325087610801898
40 0.23325087610801898
41 0.23325087610801898
42 0.23325087610801898
43 0.23325087610801898
44 0.23325087610801898
45 0.23325087610801898
46 0.23325087610801898
47 0.23325087610801898
48 0.23325087610801898
49 0.23325087610801898
50 0.23325087610801898
51 0.23325087610801898
52 0.23325087610801898
53 0.23325087610801898
54 0.23325087610801898
55 0.23325087610801898
56 0.23325087610801898
57 0.23325087610801898
58 0.23325087610801898
59 0.23325087610801898
60 0.23325087610801898
61 0.23325087610801898
62 0.23325087610801898
63 0.23325087610801898
64 0.23325087610801898
65 0.23325087610801898
66 0.23325087610801898
67 0.23325087610801898
68 0.23325087610801898
69 0.23325087610801898
70 0.23325087610801898
71 0.23325087610801898
72 0.23325087610801898
73 0.23325087610801898
74 0.25736961451247165
75 0.25736961451247165
76 0.2774685631828489
77 0.2774685631828489
78 0.3011750154607297
79 0.3011750154607297
80 0.3235415378272521
81 0.3235415378272521
82 0.3435374149659864
83 0.3435374149659864
84 0.36672850958565245
85 0.36672850958565245
86 0.39053803339517623
87 0.39053803339517623
88 0.41280148423005564
89 0.41280148423005564
90 0.4332096474953618
91 0.4332096474953618
92 0.4557823129251701
93 0.4557823129251701
94 0.47732426303854875
95 0.47732426303854875
96 0.4989692846835704
97 0.4989692846835704
98 0.4989692846835704
99 0.4989692846835704
100 0.5006184291898578
101 0.5006184291898578
102 0.5006184291898578
103 0.5006184291898578
104 0.5006184291898578
105 0.5006184291898578
106 0.5006184291898578
107 0.5006184291898578
108 0.5006184291898578
109 0.5006184291898578
110 0.5006184291898578
111 0.5006184291898578
112 0.5006184291898578
113 0.5006184291898578
114 0.5006184291898578
115 0.5006184291898578
116 0.5006184291898578
117 0.5006184291898578
118 0.5006184291898578
119 0.5006184291898578
120 0.5006184291898578
121 0.5006184291898578
122 0.5006184291898578
123 0.5006184291898578
124 0.5006184291898578
125 0.5006184291898578
126 0.5006184291898578
127 0.5006184291898578
128 0.5006184291898578
129 0.5006184291898578
130 0.5006184291898578
131 0.5006184291898578
132 0.5006184291898578
133 0.5006184291898578
134 0.5006184291898578
135 0.5006184291898578
136 0.5006184291898578
137 0.5006184291898578
138 0.5006184291898578
139 0.5006184291898578
140 0.5006184291898578
141 0.5006184291898578
142 0.5006184291898578
143 0.5006184291898578
144 0.5006184291898578
145 0.5006184291898578
146 0.5006184291898578
147 0.5006184291898578
148 0.5006184291898578
149 0.5006184291898578
150 0.5006184291898578
151 0.5006184291898578
152 0.5006184291898578
153 0.5006184291898578
154 0.5006184291898578
155 0.5006184291898578
156 0.5006184291898578
157 0.5006184291898578
158 0.5006184291898578
159 0.5144300144300145
160 0.5144300144300145
161 0.5144300144300145
162 0.5271078128220985
163 0.5271078128220985
164 0.5271078128220985
165 0.5430839002267573
166 0.5430839002267573
167 0.5430839002267573
168 0.5577200577200577
169 0.5577200577200577
170 0.5577200577200577
171 0.5730777159348588
172 0.5730777159348588
173 0.5730777159348588
174 0.585549371263657
175 0.585549371263657
176 0.585549371263657
177 0.5983302411873841
178 0.5983302411873841
179 0.5983302411873841
180 0.6128633271490415
181 0.6128633271490415
182 0.6128633271490415
183 0.6262626262626263
184 0.6262626262626263
185 0.6262626262626263
186 0.6396619253762111
187 0.6396619253762111
188 0.6396619253762111
189 0.6530612244897959
190 0.6530612244897959
191 0.6530612244897959
192 0.6675943104514533
193 0.6675943104514533
194 0.6675943104514533
195 0.6675943104514533
196 0.6675943104514533
197 0.6675943104514533
198 0.6675943104514533
199 0.6675943104514533
200 0.6632653061224489
201 0.6632653061224489
202 0.6632653061224489
203 0.6632653061224489
204 0.6632653061224489
205 0.6632653061224489
206 0.6632653061224489
207 0.6632653061224489
208 0.6632653061224489
209 0.6632653061224489
210 0.6632653061224489
211 0.6632653061224489
212 0.6632653061224489
213 0.6632653061224489
214 0.6632653061224489
215 0.6632653061224489
216 0.6632653061224489
217 0.6632653061224489
218 0.6632653061224489
219 0.6632653061224489
220 0.6632653061224489
221 0.6632653061224489
222 0.6632653061224489
223 0.6632653061224489
224 0.6632653061224489
225 0.6632653061224489
226 0.6632653061224489
227 0.6632653061224489
228 0.6632653061224489
229 0.6632653061224489
230 0.6632653061224489
231 0.6632653061224489
232 0.6632653061224489
233 0.6632653061224489
234 0.6632653061224489
235 0.6632653061224489
236 0.6632653061224489
237 0.6632653061224489
238 0.6632653061224489
239 0.6632653061224489
240 0.6632653061224489
241 0.6632653061224489
242 0.6632653061224489
243 0.6632653061224489
244 0.6632653061224489
245 0.6632653061224489
246 0.6632653061224489
247 0.6632653061224489
248 0.6632653061224489
249 0.6632653061224489
250 0.6632653061224489
251 0.6632653061224489
252 0.6632653061224489
253 0.6632653061224489
254 0.6632653061224489
255 0.6632653061224489
256 0.6632653061224489
257 0.6632653061224489
258 0.6632653061224489
259 0.6632653061224489
260 0.6632653061224489
261 0.6632653061224489
262 0.6632653061224489
263 0.6632653061224489
264 0.6632653061224489
265 0.6632653061224489
266 0.6632653061224489
267 0.6632653061224489
268 0.6632653061224489
269 0.6632653061224489
270 0.6632653061224489
271 0.6632653061224489
272 0.6632653061224489
273 0.6632653061224489
274 0.6632653061224489
275 0.6632653061224489
276 0.6652236652236653
277 0.6652236652236653
278 0.6652236652236653
279 0.6652236652236653
280 0.6672850958565244
281 0.6672850958565244
282 0.6672850958565244
283 0.6672850958565244
284 0.6699649556792414
285 0.6699649556792414
286 0.6699649556792414
287 0.6699649556792414
288 0.6717171717171717
289 0.6717171717171717
290 0.6717171717171717
291 0.6717171717171717
292 0.673778602350031
293 0.673778602350031
294 0.673778602350031
295 0.673778602350031
296 0.676149247577819
297 0.676149247577819
298 0.676149247577819
299 0.676149247577819
300 0.6798598227169655
301 0.6798598227169655
302 0.6798598227169655
303 0.6798598227169655
304 0.6817151102865389
305 0.6817151102865389
306 0.6817151102865389
307 0.6817151102865389
308 0.6834673263244692
309 0.6834673263244692
310 0.6834673263244692
311 0.6834673263244692
312 0.6853226138940425
313 0.6853226138940425
314 0.6853226138940425
315 0.6853226138940425
316 0.6872809729952587
317 0.6872809729952587
318 0.6872809729952587
319 0.6872809729952587
320 0.6892393320964749
321 0.6892393320964749
322 0.6892393320964749
323 0.6892393320964749
324 0.6892393320964749
325 0.6892393320964749
326 0.6892393320964749
327 0.6892393320964749
328 0.6892393320964749
329 0.6892393320964749
330 0.6892393320964749
331 0.6892393320964749
332 0.6892393320964749
333 0.6892393320964749
334 0.6892393320964749
335 0.6892393320964749
336 0.6892393320964749
337 0.6892393320964749
338 0.6892393320964749
339 0.6892393320964749
340 0.6892393320964749
341 0.6892393320964749
342 0.6892393320964749
343 0.6892393320964749
344 0.6892393320964749
345 0.6892393320964749
346 0.6892393320964749
347 0.6892393320964749
348 0.6892393320964749
349 0.6892393320964749
350 0.6892393320964749
