# Data for router 1
0 0.0
1 0.0
2 0.0
3 0.0
4 0.0
5 0.0
6 0.0
7 0.0
8 0.0
9 0.0
10 0.0
11 0.0
12 0.0
13 0.0
14 0.0
15 0.0
16 0.0
17 0.0
18 0.0
19 0.0
20 0.0
21 0.01948051948051948
22 0.03896103896103896
23 0.05514326942898371
24 0.07462378890950319
25 0.09513502370645228
26 0.11172954030096888
27 0.13069470212327355
28 0.15089672232529375
29 0.17089259946402804
30 0.189136260564832
31 0.20871985157699444
32 0.22727272727272727
33 0.22727272727272727
34 0.22727272727272727
35 0.22727272727272727
36 0.22727272727272727
37 0.22727272727272727
38 0.22727272727272727
39 0.22727272727272727
40 0.22727272727272727
41 0.22727272727272727
42 0.22727272727272727
43 0.22727272727272727
44 0.22727272727272727
45 0.22727272727272727
46 0.22727272727272727
47 0.22727272727272727
48 0.22727272727272727
49 0.22727272727272727
50 0.22727272727272727
51 0.22727272727272727
52 0.22727272727272727
53 0.22727272727272727
54 0.22727272727272727
55 0.22727272727272727
56 0.22727272727272727
57 0.22727272727272727
58 0.22727272727272727
59 0.22727272727272727
60 0.22727272727272727
61 0.22727272727272727
62 0.22727272727272727
63 0.22727272727272727
64 0.22727272727272727
65 0.22727272727272727
66 0.22727272727272727
67 0.22727272727272727
68 0.22727272727272727
69 0.22727272727272727
70 0.22727272727272727
71 0.22727272727272727
72 0.22727272727272727
73 0.22727272727272727
74 0.24891774891774893
75 0.24891774891774893
76 0.26973819830962686
77 0.26973819830962686
78 0.2896310039167182
79 0.2896310039167182
80 0.3130282415996702
81 0.3130282415996702
82 0.33745619459905174
83 0.33745619459905174
84 0.36178107606679033
85 0.36178107606679033
86 0.3866213151927438
87 0.3866213151927438
88 0.4085755514326943
89 0.4085755514326943
90 0.4320758606472892
91 0.4320758606472892
92 0.4557823129251701
93 0.4557823129251701
94 0.47897340754483614
95 0.47897340754483614
96 0.5008245722531437
97 0.5008245722531437
98 0.5008245722531437
99 0.5008245722531437
100 0.49938157081014223
101 0.49938157081014223
102 0.49938157081014223
103 0.49938157081014223
104 0.49938157081014223
105 0.49938157081014223
106 0.49938157081014223
107 0.49938157081014223
108 0.49938157081014223
109 0.49938157081014223
110 0.49938157081014223
111 0.49938157081014223
112 0.49938157081014223
113 0.49938157081014223
114 0.49938157081014223
115 0.49938157081014223
116 0.49938157081014223
117 0.49938157081014223
118 0.49938157081014223
119 0.49938157081014223
120 0.49938157081014223
121 0.49938157081014223
122 0.49938157081014223
123 0.49938157081014223
124 0.49938157081014223
125 0.49938157081014223
126 0.49938157081014223
127 0.49938157081014223
128 0.49938157081014223
129 0.49938157081014223
130 0.49938157081014223
131 0.49938157081014223
132 0.49938157081014223
133 0.49938157081014223
134 0.49938157081014223
135 0.49938157081014223
136 0.49938157081014223
137 0.49938157081014223
138 0.49938157081014223
139 0.49938157081014223
140 0.49938157081014223
141 0.49938157081014223
142 0.49938157081014223
143 0.49938157081014223
144 0.49938157081014223
145 0.49938157081014223
146 0.49938157081014223
147 0.49938157081014223
148 0.49938157081014223
149 0.49938157081014223
150 0.49938157081014223
151 0.49938157081014223
152 0.49938157081014223
153 0.49938157081014223
154 0.49938157081014223
155 0.49938157081014223
156 0.49938157081014223
157 0.49938157081014223
158 0.49938157081014223
159 0.5115440115440115
160 0.5115440115440115
161 0.5115440115440115
162 0.5247371675943104
163 0.5247371675943104
164 0.5247371675943104
165 0.5377241805813234
166 0.5377241805813234
167 0.5377241805813234
168 0.5512265512265512
169 0.5512265512265512
170 0.5512265512265512
171 0.564728921871779
172 0.564728921871779
173 0.564728921871779
174 0.5789527932385076
175 0.5789527932385076
176 0.5789527932385076
177 0.5942073799216656
178 0.5942073799216656
179 0.5942073799216656
180 0.6068851783137498
181 0.6068851783137498
182 0.6068851783137498
183 0.619150690579262
184 0.619150690579262
185 0.619150690579262
186 0.632137703566275
187 0.632137703566275
188 0.632137703566275
189 0.6464646464646465
190 0.6464646464646465
191 0.6464646464646465
192 0.6597608740465883
193 0.6597608740465883
194 0.6597608740465883
195 0.6597608740465883
196 0.6597608740465883
197 0.6597608740465883
198 0.6597608740465883
199 0.6597608740465883
200 0.6623376623376623
201 0.6623376623376623
202 0.6623376623376623
203 0.6623376623376623
204 0.6623376623376623
205 0.6623376623376623
206 0.6623376623376623
207 0.6623376623376623
208 0.6623376623376623
209 0.6623376623376623
210 0.6623376623376623
211 0.6623376623376623
212 0.6623376623376623
213 0.6623376623376623
214 0.6623376623376623
215 0.6623376623376623
216 0.6623376623376623
217 0.6623376623376623
218 0.6623376623376623
219 0.6623376623376623
220 0.6623376623376623
221 0.6623376623376623
222 0.6623376623376623
223 0.6623376623376623
224 0.6623376623376623
225 0.6623376623376623
226 0.6623376623376623
227 0.6623376623376623
228 0.6623376623376623
229 0.6623376623376623
230 0.6623376623376623
231 0.6623376623376623
232 0.6623376623376623
233 0.6623376623376623
234 0.6623376623376623
235 0.6623376623376623
236 0.6623376623376623
237 0.6623376623376623
238 0.6623376623376623
239 0.6623376623376623
240 0.6623376623376623
241 0.6623376623376623
242 0.6623376623376623
243 0.6623376623376623
244 0.6623376623376623
245 0.6623376623376623
246 0.6623376623376623
247 0.6623376623376623
248 0.6623376623376623
249 0.6623376623376623
250 0.6623376623376623
251 0.6623376623376623
252 0.6623376623376623
253 0.6623376623376623
254 0.6623376623376623
255 0.6623376623376623
256 0.6623376623376623
257 0.6623376623376623
258 0.6623376623376623
259 0.6623376623376623
260 0.6623376623376623
261 0.6623376623376623
262 0.6623376623376623
263 0.6623376623376623
264 0.6623376623376623
265 0.6623376623376623
266 0.6623376623376623
267 0.6623376623376623
268 0.6623376623376623
269 0.6623376623376623
270 0.6623376623376623
271 0.6623376623376623
272 0.6623376623376623
273 0.6623376623376623
274 0.6623376623376623
275 0.6623376623376623
276 0.6639868068439497
277 0.6639868068439497
278 0.6639868068439497
279 0.6639868068439497
280 0.6658420944135229
281 0.6658420944135229
282 0.6658420944135229
283 0.6658420944135229
284 0.6682127396413111
285 0.6682127396413111
286 0.6682127396413111
287 0.6682127396413111
288 0.6698618841475984
289 0.6698618841475984
290 0.6698618841475984
291 0.6698618841475984
292 0.6718202432488147
293 0.6718202432488147
294 0.6718202432488147
295 0.6718202432488147
296 0.6741908884766028
297 0.6741908884766028
298 0.6741908884766028
299 0.6741908884766028
300 0.676355390641105
301 0.676355390641105
302 0.676355390641105
303 0.676355390641105
304 0.6782106782106783
305 0.6782106782106783
306 0.6782106782106783
307 0.6782106782106783
308 0.6804782519068233
309 0.6804782519068233
310 0.6804782519068233
311 0.6804782519068233
312 0.6819212533498248
313 0.6819212533498248
314 0.6819212533498248
315 0.6819212533498248
316 0.6836734693877551
317 0.6836734693877551
318 0.6836734693877551
319 0.6836734693877551
320 0.6857349000206143
321 0.6857349000206143
322 0.6857349000206143
323 0.6857349000206143
324 0.6857349000206143
325 0.6857349000206143
326 0.6857349000206143
327 0.6857349000206143
328 0.6857349000206143
329 0.6857349000206143
330 0.6857349000206143
331 0.6857349000206143
332 0.6857349000206143
333 0.6857349000206143
334 0.6857349000206143
335 0.6857349000206143
336 0.6857349000206143
337 0.6857349000206143
338 0.6857349000206143
339 0.6857349000206143
340 0.6857349000206143
341 0.6857349000206143
342 0.6857349000206143
343 0.6857349000206143
344 0.6857349000206143
345 0.6857349000206143
346 0.6857349000206143
347 0.6857349000206143
348 0.6857349000206143
349 0.6857349000206143
350 0.6857349000206143
