# Data for router 5
0 0.0
1 0.0
2 0.0
3 0.0
4 0.0
5 0.0
6 0.0
7 0.0
8 0.0
9 0.0
10 0.0
11 0.0
12 0.0
13 0.0
14 0.0
15 0.0
16 0.0
17 0.0
18 0.0
19 0.0
20 0.0
21 0.008039579468150896
22 0.015563801278086993
23 0.023809523809523808
24 0.031849103277674706
25 0.039888682745825604
26 0.049886621315192746
27 0.05741084312512884
28 0.06627499484642342
29 0.07503607503607504
30 0.08400329828901257
31 0.09152752009894867
32 0.09905174190888477
33 0.09905174190888477
34 0.09905174190888477
35 0.09905174190888477
36 0.09905174190888477
37 0.09905174190888477
38 0.09905174190888477
39 0.09905174190888477
40 0.09905174190888477
41 0.09905174190888477
42 0.09905174190888477
43 0.09905174190888477
44 0.09905174190888477
45 0.09905174190888477
46 0.09905174190888477
47 0.09905174190888477
48 0.09905174190888477
49 0.09905174190888477
50 0.09905174190888477
51 0.09905174190888477
52 0.09905174190888477
53 0.09905174190888477
54 0.09905174190888477
55 0.09905174190888477
56 0.09905174190888477
57 0.09905174190888477
58 0.09905174190888477
59 0.09905174190888477
60 0.09905174190888477
61 0.09905174190888477
62 0.09905174190888477
63 0.09905174190888477
64 0.09905174190888477
65 0.09905174190888477
66 0.09905174190888477
67 0.09905174190888477
68 0.09905174190888477
69 0.09905174190888477
70 0.09905174190888477
71 0.09905174190888477
72 0.09905174190888477
73 0.09905174190888477
74 0.11904761904761904
75 0.11904761904761904
76 0.14460935889507318
77 0.14460935889507318
78 0.16841888270459698
79 0.16841888270459698
80 0.19181612038754897
81 0.19181612038754897
82 0.215007215007215
83 0.215007215007215
84 0.23654916512059368
85 0.23654916512059368
86 0.2622139764996908
87 0.2622139764996908
88 0.2829313543599258
89 0.2829313543599258
90 0.30571016285302
91 0.30571016285302
92 0.32807668521954236
93 0.32807668521954236
94 0.35219542362399503
95 0.35219542362399503
96 0.3767264481550196
97 0.3767264481550196
98 0.3767264481550196
99 0.3767264481550196
100 0.3837353123067409
101 0.3837353123067409
102 0.3837353123067409
103 0.3837353123067409
104 0.3837353123067409
105 0.3837353123067409
106 0.3837353123067409
107 0.3837353123067409
108 0.3837353123067409
109 0.3837353123067409
110 0.3837353123067409
111 0.3837353123067409
112 0.3837353123067409
113 0.3837353123067409
114 0.3837353123067409
115 0.3837353123067409
116 0.3837353123067409
117 0.3837353123067409
118 0.3837353123067409
119 0.3837353123067409
120 0.3837353123067409
121 0.3837353123067409
122 0.3837353123067409
123 0.3837353123067409
124 0.3837353123067409
125 0.3837353123067409
126 0.3837353123067409
127 0.3837353123067409
128 0.3837353123067409
129 0.3837353123067409
130 0.3837353123067409
131 0.3837353123067409
132 0.3837353123067409
133 0.3837353123067409
134 0.3837353123067409
135 0.3837353123067409
136 0.3837353123067409
137 0.3837353123067409
138 0.3837353123067409
139 0.3837353123067409
140 0.3837353123067409
141 0.3837353123067409
142 0.3837353123067409
143 0.3837353123067409
144 0.3837353123067409
145 0.3837353123067409
146 0.3837353123067409
147 0.3837353123067409
148 0.3837353123067409
149 0.3837353123067409
150 0.3837353123067409
151 0.3837353123067409
152 0.3837353123067409
153 0.3837353123067409
154 0.3837353123067409
155 0.3837353123067409
156 0.3837353123067409
157 0.3837353123067409
158 0.3837353123067409
159 0.3897134611420326
160 0.3897134611420326
161 0.3897134611420326
162 0.39527932385075243
163 0.39527932385075243
164 0.39527932385075243
165 0.40166975881261596
166 0.40166975881261596
167 0.40166975881261596
168 0.40764790764790765
169 0.40764790764790765
170 0.40764790764790765
171 0.41362605648319933
172 0.41362605648319933
173 0.41362605648319933
174 0.4215625644197073
175 0.4215625644197073
176 0.4215625644197073
177 0.42784992784992787
178 0.42784992784992787
179 0.42784992784992787
180 0.4348587920016491
181 0.4348587920016491
182 0.4348587920016491
183 0.4411461554318697
184 0.4411461554318697
185 0.4411461554318697
186 0.44825809111523396
187 0.44825809111523396
188 0.44825809111523396
189 0.45423623995052564
190 0.45423623995052564
191 0.45423623995052564
192 0.4605236033807462
193 0.4605236033807462
194 0.4605236033807462
195 0.4605236033807462
196 0.4605236033807462
197 0.4605236033807462
198 0.4605236033807462
199 0.4605236033807462
200 0.4649556792413935
201 0.4649556792413935
202 0.4649556792413935
203 0.4649556792413935
204 0.4649556792413935
205 0.4649556792413935
206 0.4649556792413935
207 0.4649556792413935
208 0.4649556792413935
209 0.4649556792413935
210 0.4649556792413935
211 0.4649556792413935
212 0.4649556792413935
213 0.4649556792413935
214 0.4649556792413935
215 0.4649556792413935
216 0.4649556792413935
217 0.4649556792413935
218 0.4649556792413935
219 0.4649556792413935
220 0.4649556792413935
221 0.4649556792413935
222 0.4649556792413935
223 0.4649556792413935
224 0.4649556792413935
225 0.4649556792413935
226 0.4649556792413935
227 0.4649556792413935
228 0.4649556792413935
229 0.4649556792413935
230 0.4649556792413935
231 0.4649556792413935
232 0.4649556792413935
233 0.4649556792413935
234 0.4649556792413935
235 0.4649556792413935
236 0.4649556792413935
237 0.4649556792413935
238 0.4649556792413935
239 0.4649556792413935
240 0.4649556792413935
241 0.4649556792413935
242 0.4649556792413935
243 0.4649556792413935
244 0.4649556792413935
245 0.4649556792413935
246 0.4649556792413935
247 0.4649556792413935
248 0.4649556792413935
249 0.4649556792413935
250 0.4649556792413935
251 0.4649556792413935
252 0.4649556792413935
253 0.4649556792413935
254 0.4649556792413935
255 0.4649556792413935
256 0.4649556792413935
257 0.4649556792413935
258 0.4649556792413935
259 0.4649556792413935
260 0.4649556792413935
261 0.4649556792413935
262 0.4649556792413935
263 0.4649556792413935
264 0.4649556792413935
265 0.4649556792413935
266 0.4649556792413935
267 0.4649556792413935
268 0.4649556792413935
269 0.4649556792413935
270 0.4649556792413935
271 0.4649556792413935
272 0.4649556792413935
273 0.4649556792413935
274 0.4649556792413935
275 0.4649556792413935
276 0.4676355390641105
277 0.4676355390641105
278 0.4676355390641105
279 0.4676355390641105
280 0.4696969696969697
281 0.4696969696969697
282 0.4696969696969697
283 0.4696969696969697
284 0.4717584003298289
285 0.4717584003298289
286 0.4717584003298289
287 0.4717584003298289
288 0.4746444032158318
289 0.4746444032158318
290 0.4746444032158318
291 0.4746444032158318
292 0.4762935477221191
293 0.4762935477221191
294 0.4762935477221191
295 0.4762935477221191
296 0.47897340754483614
297 0.47897340754483614
298 0.47897340754483614
299 0.47897340754483614
300 0.48773448773448774
301 0.48773448773448774
302 0.48773448773448774
303 0.48773448773448774
304 0.4897959183673469
305 0.4897959183673469
306 0.4897959183673469
307 0.4897959183673469
308 0.4915481344052773
309 0.4915481344052773
310 0.4915481344052773
311 0.4915481344052773
312 0.49422799422799424
313 0.49422799422799424
314 0.49422799422799424
315 0.49422799422799424
316 0.4979385693671408
317 0.4979385693671408
318 0.4979385693671408
319 0.4979385693671408
320 0.5014430014430015
321 0.5014430014430015
322 0.5014430014430015
323 0.5014430014430015
324 0.5014430014430015
325 0.5014430014430015
326 0.5014430014430015
327 0.5014430014430015
328 0.5014430014430015
329 0.5014430014430015
330 0.5014430014430015
331 0.5014430014430015
332 0.5014430014430015
333 0.5014430014430015
334 0.5014430014430015
335 0.5014430014430015
336 0.5014430014430015
337 0.5014430014430015
338 0.5014430014430015
339 0.5014430014430015
340 0.5014430014430015
341 0.5014430014430015
342 0.5014430014430015
343 0.5014430014430015
344 0.5014430014430015
345 0.5014430014430015
346 0.5014430014430015
347 0.5014430014430015
348 0.5014430014430015
349 0.5014430014430015
350 0.5014430014430015
