# Data for router 6
0 0.0
1 0.0
2 0.0
3 0.0
4 0.0
5 0.0
6 0.0
7 0.0
8 0.0
9 0.0
10 0.0
11 0.0
12 0.0
13 0.0
14 0.0
15 0.0
16 0.0
17 0.0
18 0.0
19 0.0
20 0.0
21 0.008967223252937539
22 0.017316017316017316
23 0.025664811379097093
24 0.03566274994846423
25 0.04359925788497217
26 0.049886621315192746
27 0.05875077303648732
28 0.06771799628942486
29 0.07555143269428984
30 0.08307565450422594
31 0.09193980622552052
32 0.10080395794681508
33 0.10080395794681508
34 0.10080395794681508
35 0.10080395794681508
36 0.10080395794681508
37 0.10080395794681508
38 0.10080395794681508
39 0.10080395794681508
40 0.10080395794681508
41 0.10080395794681508
42 0.10080395794681508
43 0.10080395794681508
44 0.10080395794681508
45 0.10080395794681508
46 0.10080395794681508
47 0.10080395794681508
48 0.10080395794681508
49 0.10080395794681508
50 0.10080395794681508
51 0.10080395794681508
52 0.10080395794681508
53 0.10080395794681508
54 0.10080395794681508
55 0.10080395794681508
56 0.10080395794681508
57 0.10080395794681508
58 0.10080395794681508
59 0.10080395794681508
60 0.10080395794681508
61 0.10080395794681508
62 0.10080395794681508
63 0.10080395794681508
64 0.10080395794681508
65 0.10080395794681508
66 0.10080395794681508
67 0.10080395794681508
68 0.10080395794681508
69 0.10080395794681508
70 0.10080395794681508
71 0.10080395794681508
72 0.10080395794681508
73 0.10080395794681508
74 0.12430426716141002
75 0.12430426716141002
76 0.14698000412286127
77 0.14698000412286127
78 0.17367553081838796
79 0.17367553081838796
80 0.19552669552669552
81 0.19552669552669552
82 0.22129457843743558
83 0.22129457843743558
84 0.24778396206967634
85 0.24778396206967634
86 0.2699443413729128
87 0.2699443413729128
88 0.29365079365079366
89 0.29365079365079366
90 0.3189033189033189
91 0.3189033189033189
92 0.34281591424448565
93 0.34281591424448565
94 0.3671407957122243
95 0.3671407957122243
96 0.39022881880024735
97 0.39022881880024735
98 0.39022881880024735
99 0.39022881880024735
100 0.3979591836734694
101 0.3979591836734694
102 0.3979591836734694
103 0.3979591836734694
104 0.3979591836734694
105 0.3979591836734694
106 0.3979591836734694
107 0.3979591836734694
108 0.3979591836734694
109 0.3979591836734694
110 0.3979591836734694
111 0.3979591836734694
112 0.3979591836734694
113 0.3979591836734694
114 0.3979591836734694
115 0.3979591836734694
116 0.3979591836734694
117 0.3979591836734694
118 0.3979591836734694
119 0.3979591836734694
120 0.3979591836734694
121 0.3979591836734694
122 0.3979591836734694
123 0.3979591836734694
124 0.3979591836734694
125 0.3979591836734694
126 0.3979591836734694
127 0.3979591836734694
128 0.3979591836734694
129 0.3979591836734694
130 0.3979591836734694
131 0.3979591836734694
132 0.3979591836734694
133 0.3979591836734694
134 0.3979591836734694
135 0.3979591836734694
136 0.3979591836734694
137 0.3979591836734694
138 0.3979591836734694
139 0.3979591836734694
140 0.3979591836734694
141 0.3979591836734694
142 0.3979591836734694
143 0.3979591836734694
144 0.3979591836734694
145 0.3979591836734694
146 0.3979591836734694
147 0.3979591836734694
148 0.3979591836734694
149 0.3979591836734694
150 0.3979591836734694
151 0.3979591836734694
152 0.3979591836734694
153 0.3979591836734694
154 0.3979591836734694
155 0.3979591836734694
156 0.3979591836734694
157 0.3979591836734694
158 0.3979591836734694
159 0.40507111935683365
160 0.40507111935683365
161 0.40507111935683365
162 0.4116676973819831
163 0.4116676973819831
164 0.4116676973819831
165 0.4173366316223459
166 0.4173366316223459
167 0.4173366316223459
168 0.4238301381158524
169 0.4238301381158524
170 0.4238301381158524
171 0.4306328592042878
172 0.4306328592042878
173 0.4306328592042878
174 0.43846629560915273
175 0.43846629560915273
176 0.43846629560915273
177 0.4445475159760874
178 0.4445475159760874
179 0.4445475159760874
180 0.4505256648113791
181 0.4505256648113791
182 0.4505256648113791
183 0.455988455988456
184 0.455988455988456
185 0.455988455988456
186 0.46310039167182027
187 0.46310039167182027
188 0.46310039167182027
189 0.47052154195011336
190 0.47052154195011336
191 0.47052154195011336
192 0.47753040610183467
193 0.47753040610183467
194 0.47753040610183467
195 0.47753040610183467
196 0.47753040610183467
197 0.47753040610183467
198 0.47753040610183467
199 0.47753040610183467
200 0.46856318284889714
201 0.46856318284889714
202 0.46856318284889714
203 0.46856318284889714
204 0.46856318284889714
205 0.46856318284889714
206 0.46856318284889714
207 0.46856318284889714
208 0.46856318284889714
209 0.46856318284889714
210 0.46856318284889714
211 0.46856318284889714
212 0.46856318284889714
213 0.46856318284889714
214 0.46856318284889714
215 0.46856318284889714
216 0.46856318284889714
217 0.46856318284889714
218 0.46856318284889714
219 0.46856318284889714
220 0.46856318284889714
221 0.46856318284889714
222 0.46856318284889714
223 0.46856318284889714
224 0.46856318284889714
225 0.46856318284889714
226 0.46856318284889714
227 0.46856318284889714
228 0.46856318284889714
229 0.46856318284889714
230 0.46856318284889714
231 0.46856318284889714
232 0.46856318284889714
233 0.46856318284889714
234 0.46856318284889714
235 0.46856318284889714
236 0.46856318284889714
237 0.46856318284889714
238 0.46856318284889714
239 0.46856318284889714
240 0.46856318284889714
241 0.46856318284889714
242 0.46856318284889714
243 0.46856318284889714
244 0.46856318284889714
245 0.46856318284889714
246 0.46856318284889714
247 0.46856318284889714
248 0.46856318284889714
249 0.46856318284889714
250 0.46856318284889714
251 0.46856318284889714
252 0.46856318284889714
253 0.46856318284889714
254 0.46856318284889714
255 0.46856318284889714
256 0.46856318284889714
257 0.46856318284889714
258 0.46856318284889714
259 0.46856318284889714
260 0.46856318284889714
261 0.46856318284889714
262 0.46856318284889714
263 0.46856318284889714
264 0.46856318284889714
265 0.46856318284889714
266 0.46856318284889714
267 0.46856318284889714
268 0.46856318284889714
269 0.46856318284889714
270 0.46856318284889714
271 0.46856318284889714
272 0.46856318284889714
273 0.46856318284889714
274 0.46856318284889714
275 0.46856318284889714
276 0.47134611420325706
277 0.47134611420325706
278 0.47134611420325706
279 0.47134611420325706
280 0.47392290249433106
281 0.47392290249433106
282 0.47392290249433106
283 0.47392290249433106
284 0.47680890538033394
285 0.47680890538033394
286 0.47680890538033394
287 0.47680890538033394
288 0.4803133374561946
289 0.4803133374561946
290 0.4803133374561946
291 0.4803133374561946
292 0.48330241187384043
293 0.48330241187384043
294 0.48330241187384043
295 0.48330241187384043
296 0.48608534322820035
297 0.48608534322820035
298 0.48608534322820035
299 0.48608534322820035
300 0.49371263656977943
301 0.49371263656977943
302 0.49371263656977943
303 0.49371263656977943
304 0.4962894248608534
305 0.4962894248608534
306 0.4962894248608534
307 0.4962894248608534
308 0.4988662131519274
309 0.4988662131519274
310 0.4988662131519274
311 0.4988662131519274
312 0.502576788291074
313 0.502576788291074
314 0.502576788291074
315 0.502576788291074
316 0.5057720057720058
317 0.5057720057720058
318 0.5057720057720058
319 0.5057720057720058
320 0.5086580086580087
321 0.5086580086580087
322 0.5086580086580087
323 0.5086580086580087
324 0.5086580086580087
325 0.5086580086580087
326 0.5086580086580087
327 0.5086580086580087
328 0.5086580086580087
329 0.5086580086580087
330 0.5086580086580087
331 0.5086580086580087
332 0.5086580086580087
333 0.5086580086580087
334 0.5086580086580087
335 0.5086580086580087
336 0.5086580086580087
337 0.5086580086580087
338 0.5086580086580087
339 0.5086580086580087
340 0.5086580086580087
341 0.5086580086580087
342 0.5086580086580087
343 0.5086580086580087
344 0.5086580086580087
345 0.5086580086580087
346 0.5086580086580087
347 0.5086580086580087
348 0.5086580086580087
349 0.5086580086580087
350 0.5086580086580087
