# Data for router 11
0 0.0
1 0.0
2 0.0
3 0.0
4 0.0
5 0.0
6 0.0
7 0.0
8 0.0
9 0.0
10 0.0
11 0.0
12 0.0
13 0.0
14 0.0
15 0.0
16 0.0
17 0.0
18 0.0
19 0.0
20 0.0
21 0.0012368583797155227
22 0.0021645021645021645
23 0.003401360544217687
24 0.003813646670789528
25 0.005050505050505051
26 0.006699649556792414
27 0.008039579468150896
28 0.00948258091115234
29 0.010822510822510822
30 0.012780869923727067
31 0.013605442176870748
32 0.014945372088229231
33 0.014945372088229231
34 0.014945372088229231
35 0.014945372088229231
36 0.014945372088229231
37 0.014945372088229231
38 0.014945372088229231
39 0.014945372088229231
40 0.014945372088229231
41 0.014945372088229231
42 0.014945372088229231
43 0.014945372088229231
44 0.014945372088229231
45 0.014945372088229231
46 0.014945372088229231
47 0.014945372088229231
48 0.014945372088229231
49 0.014945372088229231
50 0.014945372088229231
51 0.014945372088229231
52 0.014945372088229231
53 0.014945372088229231
54 0.014945372088229231
55 0.014945372088229231
56 0.014945372088229231
57 0.014945372088229231
58 0.014945372088229231
59 0.014945372088229231
60 0.014945372088229231
61 0.014945372088229231
62 0.014945372088229231
63 0.014945372088229231
64 0.014945372088229231
65 0.014945372088229231
66 0.014945372088229231
67 0.014945372088229231
68 0.014945372088229231
69 0.014945372088229231
70 0.014945372088229231
71 0.014945372088229231
72 0.014945372088229231
73 0.014945372088229231
74 0.020511234796949083
75 0.020511234796949083
76 0.026489383632240775
77 0.026489383632240775
78 0.03339517625231911
79 0.03339517625231911
80 0.040300968872397445
81 0.040300968872397445
82 0.04566068851783137
83 0.04566068851783137
84 0.05225726654298083
85 0.05225726654298083
86 0.0580292723149866
87 0.0580292723149866
88 0.0645227788084931
89 0.0645227788084931
90 0.07060399917542774
91 0.07060399917542774
92 0.07544836116264687
93 0.07544836116264687
94 0.08091115233972376
95 0.08091115233972376
96 0.08771387342815914
97 0.08771387342815914
98 0.08771387342815914
99 0.08771387342815914
100 0.08699237270665842
101 0.08699237270665842
102 0.08699237270665842
103 0.08699237270665842
104 0.08699237270665842
105 0.08699237270665842
106 0.08699237270665842
107 0.08699237270665842
108 0.08699237270665842
109 0.08699237270665842
110 0.08699237270665842
111 0.08699237270665842
112 0.08699237270665842
113 0.08699237270665842
114 0.08699237270665842
115 0.08699237270665842
116 0.08699237270665842
117 0.08699237270665842
118 0.08699237270665842
119 0.08699237270665842
120 0.08699237270665842
121 0.08699237270665842
122 0.08699237270665842
123 0.08699237270665842
124 0.08699237270665842
125 0.08699237270665842
126 0.08699237270665842
127 0.08699237270665842
128 0.08699237270665842
129 0.08699237270665842
130 0.08699237270665842
131 0.08699237270665842
132 0.08699237270665842
133 0.08699237270665842
134 0.08699237270665842
135 0.08699237270665842
136 0.08699237270665842
137 0.08699237270665842
138 0.08699237270665842
139 0.08699237270665842
140 0.08699237270665842
141 0.08699237270665842
142 0.08699237270665842
143 0.08699237270665842
144 0.08699237270665842
145 0.08699237270665842
146 0.08699237270665842
147 0.08699237270665842
148 0.08699237270665842
149 0.08699237270665842
150 0.08699237270665842
151 0.08699237270665842
152 0.08699237270665842
153 0.08699237270665842
154 0.08699237270665842
155 0.08699237270665842
156 0.08699237270665842
157 0.08699237270665842
158 0.08699237270665842
159 0.08812615955473098
160 0.08812615955473098
161 0.08812615955473098
162 0.08915687487116059
163 0.08915687487116059
164 0.08915687487116059
165 0.08977530406101834
166 0.08977530406101834
167 0.08977530406101834
168 0.09101216244073387
169 0.09101216244073387
170 0.09101216244073387
171 0.09163059163059163
172 0.09163059163059163
173 0.09163059163059163
174 0.09235209235209235
175 0.09235209235209235
176 0.09235209235209235
177 0.09389816532673675
178 0.09389816532673675
179 0.09389816532673675
180 0.09575345289631004
181 0.09575345289631004
182 0.09575345289631004
183 0.09657802514945373
184 0.09657802514945373
185 0.09657802514945373
186 0.09771181199752628
187 0.09771181199752628
188 0.09771181199752628
189 0.09863945578231292
190 0.09863945578231292
191 0.09863945578231292
192 0.09987631416202845
193 0.09987631416202845
194 0.09987631416202845
195 0.09987631416202845
196 0.09987631416202845
197 0.09987631416202845
198 0.09987631416202845
199 0.09987631416202845
200 0.10214388785817358
201 0.10214388785817358
202 0.10214388785817358
203 0.10214388785817358
204 0.10214388785817358
205 0.10214388785817358
206 0.10214388785817358
207 0.10214388785817358
208 0.10214388785817358
209 0.10214388785817358
210 0.10214388785817358
211 0.10214388785817358
212 0.10214388785817358
213 0.10214388785817358
214 0.10214388785817358
215 0.10214388785817358
216 0.10214388785817358
217 0.10214388785817358
218 0.10214388785817358
219 0.10214388785817358
220 0.10214388785817358
221 0.10214388785817358
222 0.10214388785817358
223 0.10214388785817358
224 0.10214388785817358
225 0.10214388785817358
226 0.10214388785817358
227 0.10214388785817358
228 0.10214388785817358
229 0.10214388785817358
230 0.10214388785817358
231 0.10214388785817358
232 0.10214388785817358
233 0.10214388785817358
234 0.10214388785817358
235 0.10214388785817358
236 0.10214388785817358
237 0.10214388785817358
238 0.10214388785817358
239 0.10214388785817358
240 0.10214388785817358
241 0.10214388785817358
242 0.10214388785817358
243 0.10214388785817358
244 0.10214388785817358
245 0.10214388785817358
246 0.10214388785817358
247 0.10214388785817358
248 0.10214388785817358
249 0.10214388785817358
250 0.10214388785817358
251 0.10214388785817358
252 0.10214388785817358
253 0.10214388785817358
254 0.10214388785817358
255 0.10214388785817358
256 0.10214388785817358
257 0.10214388785817358
258 0.10214388785817358
259 0.10214388785817358
260 0.10214388785817358
261 0.10214388785817358
262 0.10214388785817358
263 0.10214388785817358
264 0.10214388785817358
265 0.10214388785817358
266 0.10214388785817358
267 0.10214388785817358
268 0.10214388785817358
269 0.10214388785817358
270 0.10214388785817358
271 0.10214388785817358
272 0.10214388785817358
273 0.10214388785817358
274 0.10214388785817358
275 0.10214388785817358
276 0.10214388785817358
277 0.10214388785817358
278 0.10214388785817358
279 0.10214388785817358
280 0.10214388785817358
281 0.10214388785817358
282 0.10214388785817358
283 0.10214388785817358
284 0.10214388785817358
285 0.10214388785817358
286 0.10214388785817358
287 0.10214388785817358
288 0.10214388785817358
289 0.10214388785817358
290 0.10214388785817358
291 0.10214388785817358
292 0.10214388785817358
293 0.10214388785817358
294 0.10214388785817358
295 0.10214388785817358
296 0.10214388785817358
297 0.10214388785817358
298 0.10214388785817358
299 0.10214388785817358
300 0.10523603380746238
301 0.10523603380746238
302 0.10523603380746238
303 0.10523603380746238
304 0.10523603380746238
305 0.10523603380746238
306 0.10523603380746238
307 0.10523603380746238
308 0.10523603380746238
309 0.10523603380746238
310 0.10523603380746238
311 0.10523603380746238
312 0.10523603380746238
313 0.10523603380746238
314 0.10523603380746238
315 0.10523603380746238
316 0.10523603380746238
317 0.10523603380746238
318 0.10523603380746238
319 0.10523603380746238
320 0.10523603380746238
321 0.10523603380746238
322 0.10523603380746238
323 0.10523603380746238
324 0.10523603380746238
325 0.10523603380746238
326 0.10523603380746238
327 0.10523603380746238
328 0.10523603380746238
329 0.10523603380746238
330 0.10523603380746238
331 0.10523603380746238
332 0.10523603380746238
333 0.10523603380746238
334 0.10523603380746238
335 0.10523603380746238
336 0.10523603380746238
337 0.10523603380746238
338 0.10523603380746238
339 0.10523603380746238
340 0.10523603380746238
341 0.10523603380746238
342 0.10523603380746238
343 0.10523603380746238
344 0.10523603380746238
345 0.10523603380746238
346 0.10523603380746238
347 0.10523603380746238
348 0.10523603380746238
349 0.10523603380746238
350 0.10523603380746238
