# Data for router 3
0 0.0
1 0.0
2 0.0
3 0.0
4 0.0
5 0.0
6 0.0
7 0.0
8 0.0
9 0.0
10 0.0
11 0.0
12 0.0
13 0.0
14 0.0
15 0.0
16 0.0
17 0.0
18 0.0
19 0.0
20 0.0
21 0.008967223252937539
22 0.016079158936301793
23 0.025767882910740055
24 0.035456606885178314
25 0.04380540094825809
26 0.05040197897340754
27 0.05885384456813028
28 0.06699649556792414
29 0.0741084312512884
30 0.08400329828901257
31 0.09163059163059163
32 0.09977324263038549
33 0.09977324263038549
34 0.09977324263038549
35 0.09977324263038549
36 0.09977324263038549
37 0.09977324263038549
38 0.09977324263038549
39 0.09977324263038549
40 0.09977324263038549
41 0.09977324263038549
42 0.09977324263038549
43 0.09977324263038549
44 0.09977324263038549
45 0.09977324263038549
46 0.09977324263038549
47 0.09977324263038549
48 0.09977324263038549
49 0.09977324263038549
50 0.09977324263038549
51 0.09977324263038549
52 0.09977324263038549
53 0.09977324263038549
54 0.09977324263038549
55 0.09977324263038549
56 0.09977324263038549
57 0.09977324263038549
58 0.09977324263038549
59 0.09977324263038549
60 0.09977324263038549
61 0.09977324263038549
62 0.09977324263038549
63 0.09977324263038549
64 0.09977324263038549
65 0.09977324263038549
66 0.09977324263038549
67 0.09977324263038549
68 0.09977324263038549
69 0.09977324263038549
70 0.09977324263038549
71 0.09977324263038549
72 0.09977324263038549
73 0.09977324263038549
74 0.12234590806019377
75 0.12234590806019377
76 0.14553700267985983
77 0.14553700267985983
78 0.1679035250463822
79 0.1679035250463822
80 0.19408369408369408
81 0.19408369408369408
82 0.21572871572871574
83 0.21572871572871574
84 0.2386105957534529
85 0.2386105957534529
86 0.26242011956297673
87 0.26242011956297673
88 0.2836528550814265
89 0.2836528550814265
90 0.30756545042259326
91 0.30756545042259326
92 0.3307565450422593
93 0.3307565450422593
94 0.35219542362399503
95 0.35219542362399503
96 0.3784786641929499
97 0.3784786641929499
98 0.3784786641929499
99 0.3784786641929499
100 0.3857967429396001
101 0.3857967429396001
102 0.3857967429396001
103 0.3857967429396001
104 0.3857967429396001
105 0.3857967429396001
106 0.3857967429396001
107 0.3857967429396001
108 0.3857967429396001
109 0.3857967429396001
110 0.3857967429396001
111 0.3857967429396001
112 0.3857967429396001
113 0.3857967429396001
114 0.3857967429396001
115 0.3857967429396001
116 0.3857967429396001
117 0.3857967429396001
118 0.3857967429396001
119 0.3857967429396001
120 0.3857967429396001
121 0.3857967429396001
122 0.3857967429396001
123 0.3857967429396001
124 0.3857967429396001
125 0.3857967429396001
126 0.3857967429396001
127 0.3857967429396001
128 0.3857967429396001
129 0.3857967429396001
130 0.3857967429396001
131 0.3857967429396001
132 0.3857967429396001
133 0.3857967429396001
134 0.3857967429396001
135 0.3857967429396001
136 0.3857967429396001
137 0.3857967429396001
138 0.3857967429396001
139 0.3857967429396001
140 0.3857967429396001
141 0.3857967429396001
142 0.3857967429396001
143 0.3857967429396001
144 0.3857967429396001
145 0.3857967429396001
146 0.3857967429396001
147 0.3857967429396001
148 0.3857967429396001
149 0.3857967429396001
150 0.3857967429396001
151 0.3857967429396001
152 0.3857967429396001
153 0.3857967429396001
154 0.3857967429396001
155 0.3857967429396001
156 0.3857967429396001
157 0.3857967429396001
158 0.3857967429396001
159 0.3928056070913214
160 0.3928056070913214
161 0.3928056070913214
162 0.40063904349618634
163 0.40063904349618634
164 0.40063904349618634
165 0.4051741908884766
166 0.4051741908884766
167 0.4051741908884766
168 0.4111523397237683
169 0.4111523397237683
170 0.4111523397237683
171 0.4173366316223459
172 0.4173366316223459
173 0.4173366316223459
174 0.4238301381158524
175 0.4238301381158524
176 0.4238301381158524
177 0.4308390022675737
178 0.4308390022675737
179 0.4308390022675737
180 0.4363017934446506
181 0.4363017934446506
182 0.4363017934446506
183 0.44155844155844154
184 0.44155844155844154
185 0.44155844155844154
186 0.4479488765203051
187 0.4479488765203051
188 0.4479488765203051
189 0.45351473922902497
190 0.45351473922902497
191 0.45351473922902497
192 0.4601113172541744
193 0.4601113172541744
194 0.4601113172541744
195 0.4601113172541744
196 0.4601113172541744
197 0.4601113172541744
198 0.4601113172541744
199 0.4601113172541744
200 0.4616573902288188
201 0.4616573902288188
202 0.4616573902288188
203 0.4616573902288188
204 0.4616573902288188
205 0.4616573902288188
206 0.4616573902288188
207 0.4616573902288188
208 0.4616573902288188
209 0.4616573902288188
210 0.4616573902288188
211 0.4616573902288188
212 0.4616573902288188
213 0.4616573902288188
214 0.4616573902288188
215 0.4616573902288188
216 0.4616573902288188
217 0.4616573902288188
218 0.4616573902288188
219 0.4616573902288188
220 0.4616573902288188
221 0.4616573902288188
222 0.4616573902288188
223 0.4616573902288188
224 0.4616573902288188
225 0.4616573902288188
226 0.4616573902288188
227 0.4616573902288188
228 0.4616573902288188
229 0.4616573902288188
230 0.4616573902288188
231 0.4616573902288188
232 0.4616573902288188
233 0.4616573902288188
234 0.4616573902288188
235 0.4616573902288188
236 0.4616573902288188
237 0.4616573902288188
238 0.4616573902288188
239 0.4616573902288188
240 0.4616573902288188
241 0.4616573902288188
242 0.4616573902288188
243 0.4616573902288188
244 0.4616573902288188
245 0.4616573902288188
246 0.4616573902288188
247 0.4616573902288188
248 0.4616573902288188
249 0.4616573902288188
250 0.4616573902288188
251 0.4616573902288188
252 0.4616573902288188
253 0.4616573902288188
254 0.4616573902288188
255 0.4616573902288188
256 0.4616573902288188
257 0.4616573902288188
258 0.4616573902288188
259 0.4616573902288188
260 0.4616573902288188
261 0.4616573902288188
262 0.4616573902288188
263 0.4616573902288188
264 0.4616573902288188
265 0.4616573902288188
266 0.4616573902288188
267 0.4616573902288188
268 0.4616573902288188
269 0.4616573902288188
270 0.4616573902288188
271 0.4616573902288188
272 0.4616573902288188
273 0.4616573902288188
274 0.4616573902288188
275 0.4616573902288188
276 0.4644403215831787
277 0.4644403215831787
278 0.4644403215831787
279 0.4644403215831787
280 0.46691403834260975
281 0.46691403834260975
282 0.46691403834260975
283 0.46691403834260975
284 0.4699031127602556
285 0.4699031127602556
286 0.4699031127602556
287 0.4699031127602556
288 0.47247990105132964
289 0.47247990105132964
290 0.47247990105132964
291 0.47247990105132964
292 0.4756751185322614
293 0.4756751185322614
294 0.4756751185322614
295 0.4756751185322614
296 0.479282622139765
297 0.479282622139765
298 0.479282622139765
299 0.479282622139765
300 0.4875283446712018
301 0.4875283446712018
302 0.4875283446712018
303 0.4875283446712018
304 0.4897959183673469
305 0.4897959183673469
306 0.4897959183673469
307 0.4897959183673469
308 0.4917542774685632
309 0.4917542774685632
310 0.4917542774685632
311 0.4917542774685632
312 0.49422799422799424
313 0.49422799422799424
314 0.49422799422799424
315 0.49422799422799424
316 0.4971139971139971
317 0.4971139971139971
318 0.4971139971139971
319 0.4971139971139971
320 0.4994846423417852
321 0.4994846423417852
322 0.4994846423417852
323 0.4994846423417852
324 0.4994846423417852
325 0.4994846423417852
326 0.4994846423417852
327 0.4994846423417852
328 0.4994846423417852
329 0.4994846423417852
330 0.4994846423417852
331 0.4994846423417852
332 0.4994846423417852
333 0.4994846423417852
334 0.4994846423417852
335 0.4994846423417852
336 0.4994846423417852
337 0.4994846423417852
338 0.4994846423417852
339 0.4994846423417852
340 0.4994846423417852
341 0.4994846423417852
342 0.4994846423417852
343 0.4994846423417852
344 0.4994846423417852
345 0.4994846423417852
346 0.4994846423417852
347 0.4994846423417852
348 0.4994846423417852
349 0.4994846423417852
350 0.4994846423417852
