# Data for router 4
0 0.0
1 0.0
2 0.0
3 0.0
4 0.0
5 0.0
6 0.0
7 0.0
8 0.0
9 0.0
10 0.0
11 0.0
12 0.0
13 0.0
14 0.0
15 0.0
16 0.0
17 0.0
18 0.0
19 0.0
20 0.0
21 0.03298289012574727
22 0.0676149247577819
23 0.10245310245310245
24 0.13636363636363635
25 0.17212945784374356
26 0.2069676355390641
27 0.2398474541331684
28 0.27509791795506083
29 0.30972995258709546
30 0.34415584415584416
31 0.38023088023088025
32 0.4163059163059163
33 0.4163059163059163
34 0.4163059163059163
35 0.4163059163059163
36 0.4163059163059163
37 0.4163059163059163
38 0.4163059163059163
39 0.4163059163059163
40 0.4163059163059163
41 0.4163059163059163
42 0.4163059163059163
43 0.4163059163059163
44 0.4163059163059163
45 0.4163059163059163
46 0.4163059163059163
47 0.4163059163059163
48 0.4163059163059163
49 0.4163059163059163
50 0.4163059163059163
51 0.4163059163059163
52 0.4163059163059163
53 0.4163059163059163
54 0.4163059163059163
55 0.4163059163059163
56 0.4163059163059163
57 0.4163059163059163
58 0.4163059163059163
59 0.4163059163059163
60 0.4163059163059163
61 0.4163059163059163
62 0.4163059163059163
63 0.4163059163059163
64 0.4163059163059163
65 0.4163059163059163
66 0.4163059163059163
67 0.4163059163059163
68 0.4163059163059163
69 0.4163059163059163
70 0.4163059163059163
71 0.4163059163059163
72 0.4163059163059163
73 0.4163059163059163
74 0.4489795918367347
75 0.4489795918367347
76 0.48155019583591013
77 0.48155019583591013
78 0.5122655122655123
79 0.5122655122655123
80 0.5451453308596166
81 0.5451453308596166
82 0.5748299319727891
83 0.5748299319727891
84 0.6074005359719645
85 0.6074005359719645
86 0.6411049268192125
87 0.6411049268192125
88 0.6750154607297465
89 0.6750154607297465
90 0.7094413522984951
91 0.7094413522984951
92 0.7402597402597403
93 0.7402597402597403
94 0.7756132756132756
95 0.7756132756132756
96 0.8096268810554524
97 0.8096268810554524
98 0.8096268810554524
99 0.8096268810554524
100 0.8055040197897341
101 0.8055040197897341
102 0.8055040197897341
103 0.8055040197897341
104 0.8055040197897341
105 0.8055040197897341
106 0.8055040197897341
107 0.8055040197897341
108 0.8055040197897341
109 0.8055040197897341
110 0.8055040197897341
111 0.8055040197897341
112 0.8055040197897341
113 0.8055040197897341
114 0.8055040197897341
115 0.8055040197897341
116 0.8055040197897341
117 0.8055040197897341
118 0.8055040197897341
119 0.8055040197897341
120 0.8055040197897341
121 0.8055040197897341
122 0.8055040197897341
123 0.8055040197897341
124 0.8055040197897341
125 0.8055040197897341
126 0.8055040197897341
127 0.8055040197897341
128 0.8055040197897341
129 0.8055040197897341
130 0.8055040197897341
131 0.8055040197897341
132 0.8055040197897341
133 0.8055040197897341
134 0.8055040197897341
135 0.8055040197897341
136 0.8055040197897341
137 0.8055040197897341
138 0.8055040197897341
139 0.8055040197897341
140 0.8055040197897341
141 0.8055040197897341
142 0.8055040197897341
143 0.8055040197897341
144 0.8055040197897341
145 0.8055040197897341
146 0.8055040197897341
147 0.8055040197897341
148 0.8055040197897341
149 0.8055040197897341
150 0.8055040197897341
151 0.8055040197897341
152 0.8055040197897341
153 0.8055040197897341
154 0.8055040197897341
155 0.8055040197897341
156 0.8055040197897341
157 0.8055040197897341
158 0.8055040197897341
159 0.8155019583591012
160 0.8155019583591012
161 0.8155019583591012
162 0.8245722531436818
163 0.8245722531436818
164 0.8245722531436818
165 0.8350855493712637
166 0.8350855493712637
167 0.8350855493712637
168 0.8440527726242012
169 0.8440527726242012
170 0.8440527726242012
171 0.8542568542568543
172 0.8542568542568543
173 0.8542568542568543
174 0.8625025767882911
175 0.8625025767882911
176 0.8625025767882911
177 0.8734281591424449
178 0.8734281591424449
179 0.8734281591424449
180 0.8823953823953824
181 0.8823953823953824
182 0.8823953823953824
183 0.8916718202432489
184 0.8916718202432489
185 0.8916718202432489
186 0.9007421150278293
187 0.9007421150278293
188 0.9007421150278293
189 0.9105339105339105
190 0.9105339105339105
191 0.9105339105339105
192 0.9202226345083488
193 0.9202226345083488
194 0.9202226345083488
195 0.9202226345083488
196 0.9202226345083488
197 0.9202226345083488
198 0.9202226345083488
199 0.9202226345083488
200 0.9238301381158524
201 0.9238301381158524
202 0.9238301381158524
203 0.9238301381158524
204 0.9238301381158524
205 0.9238301381158524
206 0.9238301381158524
207 0.9238301381158524
208 0.9238301381158524
209 0.9238301381158524
210 0.9238301381158524
211 0.9238301381158524
212 0.9238301381158524
213 0.9238301381158524
214 0.9238301381158524
215 0.9238301381158524
216 0.9238301381158524
217 0.9238301381158524
218 0.9238301381158524
219 0.9238301381158524
220 0.9238301381158524
221 0.9238301381158524
222 0.9238301381158524
223 0.9238301381158524
224 0.9238301381158524
225 0.9238301381158524
226 0.9238301381158524
227 0.9238301381158524
228 0.9238301381158524
229 0.9238301381158524
230 0.9238301381158524
231 0.9238301381158524
232 0.9238301381158524
233 0.9238301381158524
234 0.9238301381158524
235 0.9238301381158524
236 0.9238301381158524
237 0.9238301381158524
238 0.9238301381158524
239 0.9238301381158524
240 0.9238301381158524
241 0.9238301381158524
242 0.9238301381158524
243 0.9238301381158524
244 0.9238301381158524
245 0.9238301381158524
246 0.9238301381158524
247 0.9238301381158524
248 0.9238301381158524
249 0.9238301381158524
250 0.9238301381158524
251 0.9238301381158524
252 0.9238301381158524
253 0.9238301381158524
254 0.9238301381158524
255 0.9238301381158524
256 0.9238301381158524
257 0.9238301381158524
258 0.9238301381158524
259 0.9238301381158524
260 0.9238301381158524
261 0.9238301381158524
262 0.9238301381158524
263 0.9238301381158524
264 0.9238301381158524
265 0.9238301381158524
266 0.9238301381158524
267 0.9238301381158524
268 0.9238301381158524
269 0.9238301381158524
270 0.9238301381158524
271 0.9238301381158524
272 0.9238301381158524
273 0.9238301381158524
274 0.9238301381158524
275 0.9238301381158524
276 0.9259946402803546
277 0.9259946402803546
278 0.9259946402803546
279 0.9259946402803546
280 0.9282622139764997
281 0.9282622139764997
282 0.9282622139764997
283 0.9282622139764997
284 0.930117501546073
285 0.930117501546073
286 0.930117501546073
287 0.930117501546073
288 0.9307359307359307
289 0.9307359307359307
290 0.9307359307359307
291 0.9307359307359307
292 0.9337250051535766
293 0.9337250051535766
294 0.9337250051535766
295 0.9337250051535766
296 0.935271078128221
297 0.935271078128221
298 0.935271078128221
299 0.935271078128221
300 0.9380540094825809
301 0.9380540094825809
302 0.9380540094825809
303 0.9380540094825809
304 0.9399092970521542
305 0.9399092970521542
306 0.9399092970521542
307 0.9399092970521542
308 0.9416615130900845
309 0.9416615130900845
310 0.9416615130900845
311 0.9416615130900845
312 0.943001443001443
313 0.943001443001443
314 0.943001443001443
315 0.943001443001443
316 0.9444444444444444
317 0.9444444444444444
318 0.9444444444444444
319 0.9444444444444444
320 0.9460935889507318
321 0.9460935889507318
322 0.9460935889507318
323 0.9460935889507318
324 0.9460935889507318
325 0.9460935889507318
326 0.9460935889507318
327 0.9460935889507318
328 0.9460935889507318
329 0.9460935889507318
330 0.9460935889507318
331 0.9460935889507318
332 0.9460935889507318
333 0.9460935889507318
334 0.9460935889507318
335 0.9460935889507318
336 0.9460935889507318
337 0.9460935889507318
338 0.9460935889507318
339 0.9460935889507318
340 0.9460935889507318
341 0.9460935889507318
342 0.9460935889507318
343 0.9460935889507318
344 0.9460935889507318
345 0.9460935889507318
346 0.9460935889507318
347 0.9460935889507318
348 0.9460935889507318
349 0.9460935889507318
350 0.9460935889507318
