# Data for router 9
0 0.0
1 0.0
2 0.0
3 0.0
4 0.0
5 0.0
6 0.0
7 0.0
8 0.0
9 0.0
10 0.0
11 0.0
12 0.0
13 0.0
14 0.0
15 0.0
16 0.0
17 0.0
18 0.0
19 0.0
20 0.0
21 0.0013399299113584827
22 0.002886002886002886
23 0.004225932797361369
24 0.00515357658214801
25 0.006802721088435374
26 0.008451865594722737
27 0.009997938569367142
28 0.011440940012368584
29 0.013399299113584827
30 0.015357658214801072
31 0.016491445062873634
32 0.018243661100803957
33 0.018243661100803957
34 0.018243661100803957
35 0.018243661100803957
36 0.018243661100803957
37 0.018243661100803957
38 0.018243661100803957
39 0.018243661100803957
40 0.018243661100803957
41 0.018243661100803957
42 0.018243661100803957
43 0.018243661100803957
44 0.018243661100803957
45 0.018243661100803957
46 0.018243661100803957
47 0.018243661100803957
48 0.018243661100803957
49 0.018243661100803957
50 0.018243661100803957
51 0.018243661100803957
52 0.018243661100803957
53 0.018243661100803957
54 0.018243661100803957
55 0.018243661100803957
56 0.018243661100803957
57 0.018243661100803957
58 0.018243661100803957
59 0.018243661100803957
60 0.018243661100803957
61 0.018243661100803957
62 0.018243661100803957
63 0.018243661100803957
64 0.018243661100803957
65 0.018243661100803957
66 0.018243661100803957
67 0.018243661100803957
68 0.018243661100803957
69 0.018243661100803957
70 0.018243661100803957
71 0.018243661100803957
72 0.018243661100803957
73 0.018243661100803957
74 0.02422180993609565
75 0.02422180993609565
76 0.030818387961245104
77 0.030818387961245104
78 0.038033395176252316
79 0.038033395176252316
80 0.04390847247990105
81 0.04390847247990105
82 0.0489589775304061
83 0.0489589775304061
84 0.05524634096062667
85 0.05524634096062667
86 0.061121418264275404
87 0.061121418264275404
88 0.0676149247577819
89 0.0676149247577819
90 0.07287157287157287
91 0.07287157287157287
92 0.07977736549165121
93 0.07977736549165121
94 0.08647701504844361
95 0.08647701504844361
96 0.09214594928880643
97 0.09214594928880643
98 0.09214594928880643
99 0.09214594928880643
100 0.0857555143269429
101 0.0857555143269429
102 0.0857555143269429
103 0.0857555143269429
104 0.0857555143269429
105 0.0857555143269429
106 0.0857555143269429
107 0.0857555143269429
108 0.0857555143269429
109 0.0857555143269429
110 0.0857555143269429
111 0.0857555143269429
112 0.0857555143269429
113 0.0857555143269429
114 0.0857555143269429
115 0.0857555143269429
116 0.0857555143269429
117 0.0857555143269429
118 0.0857555143269429
119 0.0857555143269429
120 0.0857555143269429
121 0.0857555143269429
122 0.0857555143269429
123 0.0857555143269429
124 0.0857555143269429
125 0.0857555143269429
126 0.0857555143269429
127 0.0857555143269429
128 0.0857555143269429
129 0.0857555143269429
130 0.0857555143269429
131 0.0857555143269429
132 0.0857555143269429
133 0.0857555143269429
134 0.0857555143269429
135 0.0857555143269429
136 0.0857555143269429
137 0.0857555143269429
138 0.0857555143269429
139 0.0857555143269429
140 0.0857555143269429
141 0.0857555143269429
142 0.0857555143269429
143 0.0857555143269429
144 0.0857555143269429
145 0.0857555143269429
146 0.0857555143269429
147 0.0857555143269429
148 0.0857555143269429
149 0.0857555143269429
150 0.0857555143269429
151 0.0857555143269429
152 0.0857555143269429
153 0.0857555143269429
154 0.0857555143269429
155 0.0857555143269429
156 0.0857555143269429
157 0.0857555143269429
158 0.0857555143269429
159 0.08709544423830139
160 0.08709544423830139
161 0.08709544423830139
162 0.0888476602762317
163 0.0888476602762317
164 0.0888476602762317
165 0.09029066171923315
166 0.09029066171923315
167 0.09029066171923315
168 0.09101216244073387
169 0.09101216244073387
170 0.09101216244073387
171 0.09297052154195011
172 0.09297052154195011
173 0.09297052154195011
174 0.09400123685837972
175 0.09400123685837972
176 0.09400123685837972
177 0.09461966604823747
178 0.09461966604823747
179 0.09461966604823747
180 0.09554730983302412
181 0.09554730983302412
182 0.09554730983302412
183 0.09678416821273964
184 0.09678416821273964
185 0.09678416821273964
186 0.0979179550608122
187 0.0979179550608122
188 0.0979179550608122
189 0.09874252731395589
190 0.09874252731395589
191 0.09874252731395589
192 0.10018552875695733
193 0.10018552875695733
194 0.10018552875695733
195 0.10018552875695733
196 0.10018552875695733
197 0.10018552875695733
198 0.10018552875695733
199 0.10018552875695733
200 0.1049268192125335
201 0.1049268192125335
202 0.1049268192125335
203 0.1049268192125335
204 0.1049268192125335
205 0.1049268192125335
206 0.1049268192125335
207 0.1049268192125335
208 0.1049268192125335
209 0.1049268192125335
210 0.1049268192125335
211 0.1049268192125335
212 0.1049268192125335
213 0.1049268192125335
214 0.1049268192125335
215 0.1049268192125335
216 0.1049268192125335
217 0.1049268192125335
218 0.1049268192125335
219 0.1049268192125335
220 0.1049268192125335
221 0.1049268192125335
222 0.1049268192125335
223 0.1049268192125335
224 0.1049268192125335
225 0.1049268192125335
226 0.1049268192125335
227 0.1049268192125335
228 0.1049268192125335
229 0.1049268192125335
230 0.1049268192125335
231 0.1049268192125335
232 0.1049268192125335
233 0.1049268192125335
234 0.1049268192125335
235 0.1049268192125335
236 0.1049268192125335
237 0.1049268192125335
238 0.1049268192125335
239 0.1049268192125335
240 0.1049268192125335
241 0.1049268192125335
242 0.1049268192125335
243 0.1049268192125335
244 0.1049268192125335
245 0.1049268192125335
246 0.1049268192125335
247 0.1049268192125335
248 0.1049268192125335
249 0.1049268192125335
250 0.1049268192125335
251 0.1049268192125335
252 0.1049268192125335
253 0.1049268192125335
254 0.1049268192125335
255 0.1049268192125335
256 0.1049268192125335
257 0.1049268192125335
258 0.1049268192125335
259 0.1049268192125335
260 0.1049268192125335
261 0.1049268192125335
262 0.1049268192125335
263 0.1049268192125335
264 0.1049268192125335
265 0.1049268192125335
266 0.1049268192125335
267 0.1049268192125335
268 0.1049268192125335
269 0.1049268192125335
270 0.1049268192125335
271 0.1049268192125335
272 0.1049268192125335
273 0.1049268192125335
274 0.1049268192125335
275 0.1049268192125335
276 0.1049268192125335
277 0.1049268192125335
278 0.1049268192125335
279 0.1049268192125335
280 0.1049268192125335
281 0.1049268192125335
282 0.1049268192125335
283 0.1049268192125335
284 0.1049268192125335
285 0.1049268192125335
286 0.1049268192125335
287 0.1049268192125335
288 0.1049268192125335
289 0.1049268192125335
290 0.1049268192125335
291 0.1049268192125335
292 0.1049268192125335
293 0.1049268192125335
294 0.1049268192125335
295 0.1049268192125335
296 0.1049268192125335
297 0.1049268192125335
298 0.1049268192125335
299 0.1049268192125335
300 0.10296846011131726
301 0.10296846011131726
302 0.10296846011131726
303 0.10296846011131726
304 0.10296846011131726
305 0.10296846011131726
306 0.10296846011131726
307 0.10296846011131726
308 0.10296846011131726
309 0.10296846011131726
310 0.10296846011131726
311 0.10296846011131726
312 0.10296846011131726
313 0.10296846011131726
314 0.10296846011131726
315 0.10296846011131726
316 0.10296846011131726
317 0.10296846011131726
318 0.10296846011131726
319 0.10296846011131726
320 0.10296846011131726
321 0.10296846011131726
322 0.10296846011131726
323 0.10296846011131726
324 0.10296846011131726
325 0.10296846011131726
326 0.10296846011131726
327 0.10296846011131726
328 0.10296846011131726
329 0.10296846011131726
330 0.10296846011131726
331 0.10296846011131726
332 0.10296846011131726
333 0.10296846011131726
334 0.10296846011131726
335 0.10296846011131726
336 0.10296846011131726
337 0.10296846011131726
338 0.10296846011131726
339 0.10296846011131726
340 0.10296846011131726
341 0.10296846011131726
342 0.10296846011131726
343 0.10296846011131726
344 0.10296846011131726
345 0.10296846011131726
346 0.10296846011131726
347 0.10296846011131726
348 0.10296846011131726
349 0.10296846011131726
350 0.10296846011131726
