# Data for router 7
0 0.0
1 0.0
2 0.0
3 0.0
4 0.0
5 0.0
6 0.0
7 0.0
8 0.0
9 0.0
10 0.0
11 0.0
12 0.0
13 0.0
14 0.0
15 0.0
16 0.0
17 0.0
18 0.0
19 0.0
20 0.0
21 0.04040404040404041
22 0.07709750566893424
23 0.11368789940218511
24 0.14862914862914864
25 0.1836734693877551
26 0.217584003298289
27 0.25304061018346735
28 0.2859204287775716
29 0.3229231086373944
30 0.35683364254792826
31 0.3880643166357452
32 0.42547928262213974
33 0.42547928262213974
34 0.42547928262213974
35 0.42547928262213974
36 0.42547928262213974
37 0.42547928262213974
38 0.42547928262213974
39 0.42547928262213974
40 0.42547928262213974
41 0.42547928262213974
42 0.42547928262213974
43 0.42547928262213974
44 0.42547928262213974
45 0.42547928262213974
46 0.42547928262213974
47 0.42547928262213974
48 0.42547928262213974
49 0.42547928262213974
50 0.42547928262213974
51 0.42547928262213974
52 0.42547928262213974
53 0.42547928262213974
54 0.42547928262213974
55 0.42547928262213974
56 0.42547928262213974
57 0.42547928262213974
58 0.42547928262213974
59 0.42547928262213974
60 0.42547928262213974
61 0.42547928262213974
62 0.42547928262213974
63 0.42547928262213974
64 0.42547928262213974
65 0.42547928262213974
66 0.42547928262213974
67 0.42547928262213974
68 0.42547928262213974
69 0.42547928262213974
70 0.42547928262213974
71 0.42547928262213974
72 0.42547928262213974
73 0.42547928262213974
74 0.45897753040610184
75 0.45897753040610184
76 0.49113584827870543
77 0.49113584827870543
78 0.5250463821892394
79 0.5250463821892394
80 0.556895485466914
81 0.556895485466914
82 0.5890538033395176
83 0.5890538033395176
84 0.62152133580705
85 0.62152133580705
86 0.6583178726035869
87 0.6583178726035869
88 0.6851164708307566
89 0.6851164708307566
90 0.7160379303236446
91 0.7160379303236446
92 0.7505668934240363
93 0.7505668934240363
94 0.7822098536384251
95 0.7822098536384251
96 0.8129251700680272
97 0.8129251700680272
98 0.8129251700680272
99 0.8129251700680272
100 0.8098330241187384
101 0.8098330241187384
102 0.8098330241187384
103 0.8098330241187384
104 0.8098330241187384
105 0.8098330241187384
106 0.8098330241187384
107 0.8098330241187384
108 0.8098330241187384
109 0.8098330241187384
110 0.8098330241187384
111 0.8098330241187384
112 0.8098330241187384
113 0.8098330241187384
114 0.8098330241187384
115 0.8098330241187384
116 0.8098330241187384
117 0.8098330241187384
118 0.8098330241187384
119 0.8098330241187384
120 0.8098330241187384
121 0.8098330241187384
122 0.8098330241187384
123 0.8098330241187384
124 0.8098330241187384
125 0.8098330241187384
126 0.8098330241187384
127 0.8098330241187384
128 0.8098330241187384
129 0.8098330241187384
130 0.8098330241187384
131 0.8098330241187384
132 0.8098330241187384
133 0.8098330241187384
134 0.8098330241187384
135 0.8098330241187384
136 0.8098330241187384
137 0.8098330241187384
138 0.8098330241187384
139 0.8098330241187384
140 0.8098330241187384
141 0.8098330241187384
142 0.8098330241187384
143 0.8098330241187384
144 0.8098330241187384
145 0.8098330241187384
146 0.8098330241187384
147 0.8098330241187384
148 0.8098330241187384
149 0.8098330241187384
150 0.8098330241187384
151 0.8098330241187384
152 0.8098330241187384
153 0.8098330241187384
154 0.8098330241187384
155 0.8098330241187384
156 0.8098330241187384
157 0.8098330241187384
158 0.8098330241187384
159 0.8202432488146774
160 0.8202432488146774
161 0.8202432488146774
162 0.8296227581941867
163 0.8296227581941867
164 0.8296227581941867
165 0.8405483405483406
166 0.8405483405483406
167 0.8405483405483406
168 0.8479694908266336
169 0.8479694908266336
170 0.8479694908266336
171 0.8558029272314986
172 0.8558029272314986
173 0.8558029272314986
174 0.865491651205937
175 0.865491651205937
176 0.865491651205937
177 0.8744588744588745
178 0.8744588744588745
179 0.8744588744588745
180 0.8831168831168831
181 0.8831168831168831
182 0.8831168831168831
183 0.8921871779014636
184 0.8921871779014636
185 0.8921871779014636
186 0.9025974025974026
187 0.9025974025974026
188 0.9025974025974026
189 0.9125953411667698
190 0.9125953411667698
191 0.9125953411667698
192 0.9234178519892806
193 0.9234178519892806
194 0.9234178519892806
195 0.9234178519892806
196 0.9234178519892806
197 0.9234178519892806
198 0.9234178519892806
199 0.9234178519892806
200 0.9267161410018553
201 0.9267161410018553
202 0.9267161410018553
203 0.9267161410018553
204 0.9267161410018553
205 0.9267161410018553
206 0.9267161410018553
207 0.9267161410018553
208 0.9267161410018553
209 0.9267161410018553
210 0.9267161410018553
211 0.9267161410018553
212 0.9267161410018553
213 0.9267161410018553
214 0.9267161410018553
215 0.9267161410018553
216 0.9267161410018553
217 0.9267161410018553
218 0.9267161410018553
219 0.9267161410018553
220 0.9267161410018553
221 0.9267161410018553
222 0.9267161410018553
223 0.9267161410018553
224 0.9267161410018553
225 0.9267161410018553
226 0.9267161410018553
227 0.9267161410018553
228 0.9267161410018553
229 0.9267161410018553
230 0.9267161410018553
231 0.9267161410018553
232 0.9267161410018553
233 0.9267161410018553
234 0.9267161410018553
235 0.9267161410018553
236 0.9267161410018553
237 0.9267161410018553
238 0.9267161410018553
239 0.9267161410018553
240 0.9267161410018553
241 0.9267161410018553
242 0.9267161410018553
243 0.9267161410018553
244 0.9267161410018553
245 0.9267161410018553
246 0.9267161410018553
247 0.9267161410018553
248 0.9267161410018553
249 0.9267161410018553
250 0.9267161410018553
251 0.9267161410018553
252 0.9267161410018553
253 0.9267161410018553
254 0.9267161410018553
255 0.9267161410018553
256 0.9267161410018553
257 0.9267161410018553
258 0.9267161410018553
259 0.9267161410018553
260 0.9267161410018553
261 0.9267161410018553
262 0.9267161410018553
263 0.9267161410018553
264 0.9267161410018553
265 0.9267161410018553
266 0.9267161410018553
267 0.9267161410018553
268 0.9267161410018553
269 0.9267161410018553
270 0.9267161410018553
271 0.9267161410018553
272 0.9267161410018553
273 0.9267161410018553
274 0.9267161410018553
275 0.9267161410018553
276 0.9283652855081427
277 0.9283652855081427
278 0.9283652855081427
279 0.9283652855081427
280 0.9302205730777159
281 0.9302205730777159
282 0.9302205730777159
283 0.9302205730777159
284 0.9320758606472892
285 0.9320758606472892
286 0.9320758606472892
287 0.9320758606472892
288 0.9334157905586477
289 0.9334157905586477
290 0.9334157905586477
291 0.9334157905586477
292 0.9348587920016491
293 0.9348587920016491
294 0.9348587920016491
295 0.9348587920016491
296 0.9363017934446506
297 0.9363017934446506
298 0.9363017934446506
299 0.9363017934446506
300 0.9366110080395794
301 0.9366110080395794
302 0.9366110080395794
303 0.9366110080395794
304 0.937641723356009
305 0.937641723356009
306 0.937641723356009
307 0.937641723356009
308 0.9396000824572253
309 0.9396000824572253
310 0.9396000824572253
311 0.9396000824572253
312 0.9414553700267986
313 0.9414553700267986
314 0.9414553700267986
315 0.9414553700267986
316 0.9428983714698
317 0.9428983714698
318 0.9428983714698
319 0.9428983714698
320 0.9439290867862297
321 0.9439290867862297
322 0.9439290867862297
323 0.9439290867862297
324 0.9439290867862297
325 0.9439290867862297
326 0.9439290867862297
327 0.9439290867862297
328 0.9439290867862297
329 0.9439290867862297
330 0.9439290867862297
331 0.9439290867862297
332 0.9439290867862297
333 0.9439290867862297
334 0.9439290867862297
335 0.9439290867862297
336 0.9439290867862297
337 0.9439290867862297
338 0.9439290867862297
339 0.9439290867862297
340 0.9439290867862297
341 0.9439290867862297
342 0.9439290867862297
343 0.9439290867862297
344 0.9439290867862297
345 0.9439290867862297
346 0.9439290867862297
347 0.9439290867862297
348 0.9439290867862297
349 0.9439290867862297
350 0.9439290867862297
