# Data for router 0
0 0.0
1 0.0
2 0.0
3 0.0
4 0.0
5 0.0
6 0.0
7 0.0
8 0.0
9 0.0
10 0.0
11 0.0
12 0.0
13 0.0
14 0.0
15 0.0
16 0.0
17 0.0
18 0.0
19 0.0
20 0.0
21 0.0015460729746444033
22 0.0030921459492888066
23 0.00484436198721913
24 0.006184291898577613
25 0.008039579468150896
26 0.00917336631622346
27 0.01020408163265306
28 0.012265512265512266
29 0.01443001443001443
30 0.016491445062873634
31 0.017831374974232116
32 0.01875901875901876
33 0.01875901875901876
34 0.01875901875901876
35 0.01875901875901876
36 0.01875901875901876
37 0.01875901875901876
38 0.01875901875901876
39 0.01875901875901876
40 0.01875901875901876
41 0.01875901875901876
42 0.01875901875901876
43 0.01875901875901876
44 0.01875901875901876
45 0.01875901875901876
46 0.01875901875901876
47 0.01875901875901876
48 0.01875901875901876
49 0.01875901875901876
50 0.01875901875901876
51 0.01875901875901876
52 0.01875901875901876
53 0.01875901875901876
54 0.01875901875901876
55 0.01875901875901876
56 0.01875901875901876
57 0.01875901875901876
58 0.01875901875901876
59 0.01875901875901876
60 0.01875901875901876
61 0.01875901875901876
62 0.01875901875901876
63 0.01875901875901876
64 0.01875901875901876
65 0.01875901875901876
66 0.01875901875901876
67 0.01875901875901876
68 0.01875901875901876
69 0.01875901875901876
70 0.01875901875901876
71 0.01875901875901876
72 0.01875901875901876
73 0.01875901875901876
74 0.023397237682951967
75 0.023397237682951967
76 0.030406101834673262
77 0.030406101834673262
78 0.03525046382189239
79 0.03525046382189239
80 0.041331684188827045
81 0.041331684188827045
82 0.04772211915069058
83 0.04772211915069058
84 0.05411255411255411
85 0.05411255411255411
86 0.05916305916305916
87 0.05916305916305916
88 0.06534735106163678
89 0.06534735106163678
90 0.07060399917542774
91 0.07060399917542774
92 0.07689136260564831
93 0.07689136260564831
94 0.08379715522572666
95 0.08379715522572666
96 0.0903937332508761
97 0.0903937332508761
98 0.0903937332508761
99 0.0903937332508761
100 0.09740259740259741
101 0.09740259740259741
102 0.09740259740259741
103 0.09740259740259741
104 0.09740259740259741
105 0.09740259740259741
106 0.09740259740259741
107 0.09740259740259741
108 0.09740259740259741
109 0.09740259740259741
110 0.09740259740259741
111 0.09740259740259741
112 0.09740259740259741
113 0.09740259740259741
114 0.09740259740259741
115 0.09740259740259741
116 0.09740259740259741
117 0.09740259740259741
118 0.09740259740259741
119 0.09740259740259741
120 0.09740259740259741
121 0.09740259740259741
122 0.09740259740259741
123 0.09740259740259741
124 0.09740259740259741
125 0.09740259740259741
126 0.09740259740259741
127 0.09740259740259741
128 0.09740259740259741
129 0.09740259740259741
130 0.09740259740259741
131 0.09740259740259741
132 0.09740259740259741
133 0.09740259740259741
134 0.09740259740259741
135 0.09740259740259741
136 0.09740259740259741
137 0.09740259740259741
138 0.09740259740259741
139 0.09740259740259741
140 0.09740259740259741
141 0.09740259740259741
142 0.09740259740259741
143 0.09740259740259741
144 0.09740259740259741
145 0.09740259740259741
146 0.09740259740259741
147 0.09740259740259741
148 0.09740259740259741
149 0.09740259740259741
150 0.09740259740259741
151 0.09740259740259741
152 0.09740259740259741
153 0.09740259740259741
154 0.09740259740259741
155 0.09740259740259741
156 0.09740259740259741
157 0.09740259740259741
158 0.09740259740259741
159 0.09884559884559885
160 0.09884559884559885
161 0.09884559884559885
162 0.10008245722531436
163 0.10008245722531436
164 0.10008245722531436
165 0.10111317254174397
166 0.10111317254174397
167 0.10111317254174397
168 0.10224695938981654
169 0.10224695938981654
170 0.10224695938981654
171 0.1038961038961039
172 0.1038961038961039
173 0.1038961038961039
174 0.10533910533910534
175 0.10533910533910534
176 0.10533910533910534
177 0.10657596371882086
178 0.10657596371882086
179 0.10657596371882086
180 0.10874046588332302
181 0.10874046588332302
182 0.10874046588332302
183 0.11008039579468151
184 0.11008039579468151
185 0.11008039579468151
186 0.1111111111111111
187 0.1111111111111111
188 0.1111111111111111
189 0.11276025561739847
190 0.11276025561739847
191 0.11276025561739847
192 0.11440940012368583
193 0.11440940012368583
194 0.11440940012368583
195 0.11440940012368583
196 0.11440940012368583
197 0.11440940012368583
198 0.11440940012368583
199 0.11440940012368583
200 0.10709132137703566
201 0.10709132137703566
202 0.10709132137703566
203 0.10709132137703566
204 0.10709132137703566
205 0.10709132137703566
206 0.10709132137703566
207 0.10709132137703566
208 0.10709132137703566
209 0.10709132137703566
210 0.10709132137703566
211 0.10709132137703566
212 0.10709132137703566
213 0.10709132137703566
214 0.10709132137703566
215 0.10709132137703566
216 0.10709132137703566
217 0.10709132137703566
218 0.10709132137703566
219 0.10709132137703566
220 0.10709132137703566
221 0.10709132137703566
222 0.10709132137703566
223 0.10709132137703566
224 0.10709132137703566
225 0.10709132137703566
226 0.10709132137703566
227 0.10709132137703566
228 0.10709132137703566
229 0.10709132137703566
230 0.10709132137703566
231 0.10709132137703566
232 0.10709132137703566
233 0.10709132137703566
234 0.10709132137703566
235 0.10709132137703566
236 0.10709132137703566
237 0.10709132137703566
238 0.10709132137703566
239 0.10709132137703566
240 0.10709132137703566
241 0.10709132137703566
242 0.10709132137703566
243 0.10709132137703566
244 0.10709132137703566
245 0.10709132137703566
246 0.10709132137703566
247 0.10709132137703566
248 0.10709132137703566
249 0.10709132137703566
250 0.10709132137703566
251 0.10709132137703566
252 0.10709132137703566
253 0.10709132137703566
254 0.10709132137703566
255 0.10709132137703566
256 0.10709132137703566
257 0.10709132137703566
258 0.10709132137703566
259 0.10709132137703566
260 0.10709132137703566
261 0.10709132137703566
262 0.10709132137703566
263 0.10709132137703566
264 0.10709132137703566
265 0.10709132137703566
266 0.10709132137703566
267 0.10709132137703566
268 0.10709132137703566
269 0.10709132137703566
270 0.10709132137703566
271 0.10709132137703566
272 0.10709132137703566
273 0.10709132137703566
274 0.10709132137703566
275 0.10709132137703566
276 0.10709132137703566
277 0.10709132137703566
278 0.10709132137703566
279 0.10709132137703566
280 0.10709132137703566
281 0.10709132137703566
282 0.10709132137703566
283 0.10709132137703566
284 0.10709132137703566
285 0.10709132137703566
286 0.10709132137703566
287 0.10709132137703566
288 0.10709132137703566
289 0.10709132137703566
290 0.10709132137703566
291 0.10709132137703566
292 0.10709132137703566
293 0.10709132137703566
294 0.10709132137703566
295 0.10709132137703566
296 0.10709132137703566
297 0.10709132137703566
298 0.10709132137703566
299 0.10709132137703566
300 0.10709132137703566
301 0.10709132137703566
302 0.10709132137703566
303 0.10709132137703566
304 0.10709132137703566
305 0.10709132137703566
306 0.10709132137703566
307 0.10709132137703566
308 0.10709132137703566
309 0.10709132137703566
310 0.10709132137703566
311 0.10709132137703566
312 0.10709132137703566
313 0.10709132137703566
314 0.10709132137703566
315 0.10709132137703566
316 0.10709132137703566
317 0.10709132137703566
318 0.10709132137703566
319 0.10709132137703566
320 0.10709132137703566
321 0.10709132137703566
322 0.10709132137703566
323 0.10709132137703566
324 0.10709132137703566
325 0.10709132137703566
326 0.10709132137703566
327 0.10709132137703566
328 0.10709132137703566
329 0.10709132137703566
330 0.10709132137703566
331 0.10709132137703566
332 0.10709132137703566
333 0.10709132137703566
334 0.10709132137703566
335 0.10709132137703566
336 0.10709132137703566
337 0.10709132137703566
338 0.10709132137703566
339 0.10709132137703566
340 0.10709132137703566
341 0.10709132137703566
342 0.10709132137703566
343 0.10709132137703566
344 0.10709132137703566
345 0.10709132137703566
346 0.10709132137703566
347 0.10709132137703566
348 0.10709132137703566
349 0.10709132137703566
350 0.10709132137703566
