# Data for router 0
0 0.0
10 0.0
20 0.0
30 0.3958977530406102
40 0.3958977530406102
50 0.3958977530406102
60 0.3958977530406102
70 0.3958977530406102
80 0.6150278293135436
90 0.7881880024737168
100 0.7881880024737168
110 0.7881880024737168
120 0.7881880024737168
130 0.7881880024737168
140 0.7881880024737168
150 0.7940630797773655
160 0.8131313131313131
170 0.8347763347763347
180 0.8494124922696351
190 0.8494124922696351
200 0.8494124922696351
210 0.8494124922696351
220 0.8494124922696351
230 0.8494124922696351
240 0.8494124922696351
250 0.8494124922696351
260 0.852401566687281
270 0.8619872191300763
280 0.8682745825602969
290 0.8764172335600907
300 0.8764172335600907
310 0.8764172335600907
320 0.8764172335600907
330 0.8764172335600907
340 0.8764172335600907
350 0.8764172335600907
360 0.8764172335600907
370 0.8764172335600907
380 0.8764172335600907
390 0.8764172335600907
400 0.8777571634714492
410 0.8785817357245929
420 0.8800247371675943
430 0.8816738816738817
440 0.8819830962688106
450 0.8819830962688106
460 0.8819830962688106
470 0.8819830962688106
480 0.8819830962688106
490 0.8819830962688106
500 0.8819830962688106
510 0.8819830962688106
520 0.8819830962688106
530 0.8819830962688106
540 0.8819830962688106
550 0.8819830962688106
560 0.8819830962688106
570 0.8821892393320965
580 0.8823953823953824
590 0.8823953823953824
600 0.8823953823953824
610 0.8823953823953824
620 0.8823953823953824
630 0.8823953823953824
640 0.8823953823953824
650 0.8823953823953824
660 0.8823953823953824
670 0.8823953823953824
680 0.8823953823953824
690 0.8823953823953824
700 0.8823953823953824
710 0.8823953823953824
720 0.8823953823953824
730 0.8823953823953824
740 0.8823953823953824
750 0.8823953823953824
760 0.8823953823953824
770 0.8823953823953824
780 0.8823953823953824
790 0.8823953823953824
800 0.8823953823953824
810 0.8823953823953824
820 0.8823953823953824
830 0.8823953823953824
840 0.8823953823953824
850 0.8823953823953824
860 0.8823953823953824
870 0.8823953823953824
880 0.8823953823953824
890 0.8823953823953824
900 0.8823953823953824
910 0.8823953823953824
920 0.8823953823953824
930 0.8823953823953824
940 0.8823953823953824
950 0.8823953823953824
960 0.8823953823953824
970 0.8823953823953824
980 0.8823953823953824
990 0.8823953823953824
1000 0.8822923108637394
