# Data for router 7
0 0.0
10 0.0
20 0.0
30 0.841785198928056
40 0.841785198928056
50 0.841785198928056
60 0.841785198928056
70 0.841785198928056
80 0.9162028447742734
90 0.9783549783549783
100 0.9783549783549783
110 0.9783549783549783
120 0.9783549783549783
130 0.9783549783549783
140 0.9783549783549783
150 0.979488765203051
160 0.9861884147598433
170 0.9920634920634921
180 0.9959802102659245
190 0.9959802102659245
200 0.9959802102659245
210 0.9959802102659245
220 0.9959802102659245
230 0.9959802102659245
240 0.9959802102659245
250 0.9959802102659245
260 0.9960832817975676
270 0.9970109255823542
280 0.997423211708926
290 0.9979385693671408
300 0.9979385693671408
310 0.9979385693671408
320 0.9979385693671408
330 0.9979385693671408
340 0.9979385693671408
350 0.9979385693671408
360 0.9979385693671408
370 0.9979385693671408
380 0.9979385693671408
390 0.9979385693671408
400 0.9979385693671408
410 0.9979385693671408
420 0.9980416408987838
430 0.9980416408987838
440 0.9981447124304267
450 0.9981447124304267
460 0.9981447124304267
470 0.9981447124304267
480 0.9981447124304267
490 0.9981447124304267
500 0.9981447124304267
510 0.9981447124304267
520 0.9981447124304267
530 0.9981447124304267
540 0.9981447124304267
550 0.9981447124304267
560 0.9981447124304267
570 0.9981447124304267
580 0.9981447124304267
590 0.9981447124304267
600 0.9981447124304267
610 0.9981447124304267
620 0.9981447124304267
630 0.9981447124304267
640 0.9981447124304267
650 0.9981447124304267
660 0.9981447124304267
670 0.9981447124304267
680 0.9981447124304267
690 0.9981447124304267
700 0.9981447124304267
710 0.9981447124304267
720 0.9981447124304267
730 0.9981447124304267
740 0.9981447124304267
750 0.9981447124304267
760 0.9981447124304267
770 0.9981447124304267
780 0.9981447124304267
790 0.9981447124304267
800 0.9981447124304267
810 0.9981447124304267
820 0.9981447124304267
830 0.9981447124304267
840 0.9981447124304267
850 0.9981447124304267
860 0.9981447124304267
870 0.9981447124304267
880 0.9981447124304267
890 0.9981447124304267
900 0.9981447124304267
910 0.9981447124304267
920 0.9981447124304267
930 0.9981447124304267
940 0.9981447124304267
950 0.9981447124304267
960 0.9981447124304267
970 0.9981447124304267
980 0.9981447124304267
990 0.9981447124304267
1000 0.9984539270253556
