# Data for router 8
0 0.0
10 0.0
20 0.0
30 0.39837146980004123
40 0.39837146980004123
50 0.39837146980004123
60 0.39837146980004123
70 0.39837146980004123
80 0.6120387548958978
90 0.7918985776128633
100 0.7918985776128633
110 0.7918985776128633
120 0.7918985776128633
130 0.7918985776128633
140 0.7918985776128633
150 0.7984951556380128
160 0.8189033189033189
170 0.8397237682951969
180 0.8535353535353535
190 0.8535353535353535
200 0.8535353535353535
210 0.8535353535353535
220 0.8535353535353535
230 0.8535353535353535
240 0.8535353535353535
250 0.8535353535353535
260 0.8558029272314986
270 0.8622964337250052
280 0.8666254380540095
290 0.8726035868893012
300 0.8726035868893012
310 0.8726035868893012
320 0.8726035868893012
330 0.8726035868893012
340 0.8726035868893012
350 0.8726035868893012
360 0.8726035868893012
370 0.8726035868893012
380 0.8726035868893012
390 0.8726035868893012
400 0.8737373737373737
410 0.8750773036487323
420 0.8770356627499485
430 0.878272521129664
440 0.8790970933828076
450 0.8790970933828076
460 0.8790970933828076
470 0.8790970933828076
480 0.8790970933828076
490 0.8790970933828076
500 0.8790970933828076
510 0.8790970933828076
520 0.8790970933828076
530 0.8790970933828076
540 0.8790970933828076
550 0.8790970933828076
560 0.8790970933828076
570 0.8795093795093795
580 0.8797155225726654
590 0.8798185941043084
600 0.8802308802308803
610 0.8806431663574521
620 0.8806431663574521
630 0.8806431663574521
640 0.8806431663574521
650 0.8806431663574521
660 0.8806431663574521
670 0.8806431663574521
680 0.8806431663574521
690 0.8806431663574521
700 0.8806431663574521
710 0.8806431663574521
720 0.8806431663574521
730 0.8806431663574521
740 0.8806431663574521
750 0.8806431663574521
760 0.8806431663574521
770 0.8806431663574521
780 0.8806431663574521
790 0.880746237889095
800 0.880746237889095
810 0.880746237889095
820 0.880746237889095
830 0.880746237889095
840 0.880746237889095
850 0.880746237889095
860 0.880746237889095
870 0.880746237889095
880 0.880746237889095
890 0.880746237889095
900 0.880746237889095
910 0.880746237889095
920 0.880746237889095
930 0.880746237889095
940 0.880746237889095
950 0.880746237889095
960 0.880746237889095
970 0.880746237889095
980 0.880746237889095
990 0.880746237889095
1000 0.8846629560915276
