# Data for router 4
0 0.0
10 0.0
20 0.0
30 0.9100185528756958
40 0.9100185528756958
50 0.9100185528756958
60 0.9100185528756958
70 0.9100185528756958
80 0.9580498866213152
90 0.9963924963924964
100 0.9963924963924964
110 0.9963924963924964
120 0.9963924963924964
130 0.9963924963924964
140 0.9963924963924964
150 0.9964955679241394
160 0.9975262832405689
170 0.9986600700886415
180 0.9994846423417852
190 0.9994846423417852
200 0.9994846423417852
210 0.9994846423417852
220 0.9994846423417852
230 0.9994846423417852
240 0.9994846423417852
250 0.9994846423417852
260 0.9996907854050712
270 0.9997938569367141
280 0.9998969284683571
290 1.0
300 1.0
310 1.0
320 1.0
330 1.0
340 1.0
350 1.0
360 1.0
370 1.0
380 1.0
390 1.0
400 1.0
410 1.0
420 1.0
430 1.0
440 1.0
450 1.0
460 1.0
470 1.0
480 1.0
490 1.0
500 1.0
510 1.0
520 1.0
530 1.0
540 1.0
550 1.0
560 1.0
570 1.0
580 1.0
590 1.0
600 1.0
610 1.0
620 1.0
630 1.0
640 1.0
650 1.0
660 1.0
670 1.0
680 1.0
690 1.0
700 1.0
710 1.0
720 1.0
730 1.0
740 1.0
750 1.0
760 1.0
770 1.0
780 1.0
790 1.0
800 1.0
810 1.0
820 1.0
830 1.0
840 1.0
850 1.0
860 1.0
870 1.0
880 1.0
890 1.0
900 1.0
910 1.0
920 1.0
930 1.0
940 1.0
950 1.0
960 1.0
970 1.0
980 1.0
990 1.0
1000 0.9996907854050712
