# Data for router 1
0 0.0
10 0.0
20 0.0
30 0.84436198721913
40 0.84436198721913
50 0.84436198721913
60 0.84436198721913
70 0.84436198721913
80 0.9216656359513502
90 0.9785611214182642
100 0.9785611214182642
110 0.9785611214182642
120 0.9785611214182642
130 0.9785611214182642
140 0.9785611214182642
150 0.9803133374561946
160 0.9861884147598433
170 0.9920634920634921
180 0.9965986394557823
190 0.9965986394557823
200 0.9965986394557823
210 0.9965986394557823
220 0.9965986394557823
230 0.9965986394557823
240 0.9965986394557823
250 0.9965986394557823
260 0.9967017109874253
270 0.997423211708926
280 0.9978354978354979
290 0.9982477839620697
300 0.9982477839620697
310 0.9982477839620697
320 0.9982477839620697
330 0.9982477839620697
340 0.9982477839620697
350 0.9982477839620697
360 0.9982477839620697
370 0.9982477839620697
380 0.9982477839620697
390 0.9982477839620697
400 0.9982477839620697
410 0.9982477839620697
420 0.9982477839620697
430 0.9982477839620697
440 0.9982477839620697
450 0.9982477839620697
460 0.9982477839620697
470 0.9982477839620697
480 0.9982477839620697
490 0.9982477839620697
500 0.9982477839620697
510 0.9982477839620697
520 0.9982477839620697
530 0.9982477839620697
540 0.9982477839620697
550 0.9982477839620697
560 0.9982477839620697
570 0.9982477839620697
580 0.9982477839620697
590 0.9982477839620697
600 0.9982477839620697
610 0.9982477839620697
620 0.9982477839620697
630 0.9982477839620697
640 0.9982477839620697
650 0.9982477839620697
660 0.9982477839620697
670 0.9982477839620697
680 0.9982477839620697
690 0.9982477839620697
700 0.9982477839620697
710 0.9982477839620697
720 0.9982477839620697
730 0.9982477839620697
740 0.9982477839620697
750 0.9982477839620697
760 0.9982477839620697
770 0.9982477839620697
780 0.9982477839620697
790 0.9982477839620697
800 0.9982477839620697
810 0.9982477839620697
820 0.9982477839620697
830 0.9982477839620697
840 0.9982477839620697
850 0.9982477839620697
860 0.9982477839620697
870 0.9982477839620697
880 0.9982477839620697
890 0.9982477839620697
900 0.9982477839620697
910 0.9982477839620697
920 0.9982477839620697
930 0.9982477839620697
940 0.9982477839620697
950 0.9982477839620697
960 0.9982477839620697
970 0.9982477839620697
980 0.9982477839620697
990 0.9982477839620697
1000 0.9979385693671408
