# Data for router 3
0 0.0
10 0.0
20 0.0
30 0.6070913213770357
40 0.6070913213770357
50 0.6070913213770357
60 0.6070913213770357
70 0.6070913213770357
80 0.7879818594104309
90 0.9351680065965781
100 0.9351680065965781
110 0.9351680065965781
120 0.9351680065965781
130 0.9351680065965781
140 0.9351680065965781
150 0.9386724386724387
160 0.950731807874665
170 0.9634096062667491
180 0.9709338280766853
190 0.9709338280766853
200 0.9709338280766853
210 0.9709338280766853
220 0.9709338280766853
230 0.9709338280766853
240 0.9709338280766853
250 0.9709338280766853
260 0.9720676149247578
270 0.9754689754689755
280 0.9779426922284065
290 0.9808286951144094
300 0.9808286951144094
310 0.9808286951144094
320 0.9808286951144094
330 0.9808286951144094
340 0.9808286951144094
350 0.9808286951144094
360 0.9808286951144094
370 0.9808286951144094
380 0.9808286951144094
390 0.9808286951144094
400 0.9814471243042672
410 0.9815501958359101
420 0.9822716965574109
430 0.9830962688105546
440 0.9833024118738405
450 0.9833024118738405
460 0.9833024118738405
470 0.9833024118738405
480 0.9833024118738405
490 0.9833024118738405
500 0.9833024118738405
510 0.9833024118738405
520 0.9833024118738405
530 0.9833024118738405
540 0.9833024118738405
550 0.9833024118738405
560 0.9833024118738405
570 0.9837146980004123
580 0.9839208410636983
590 0.9841269841269841
600 0.9841269841269841
610 0.98433312719027
620 0.98433312719027
630 0.98433312719027
640 0.98433312719027
650 0.98433312719027
660 0.98433312719027
670 0.98433312719027
680 0.98433312719027
690 0.98433312719027
700 0.98433312719027
710 0.98433312719027
720 0.98433312719027
730 0.98433312719027
740 0.98433312719027
750 0.98433312719027
760 0.98433312719027
770 0.98433312719027
780 0.984436198721913
790 0.984436198721913
800 0.9845392702535559
810 0.9845392702535559
820 0.9845392702535559
830 0.9845392702535559
840 0.9845392702535559
850 0.9845392702535559
860 0.9845392702535559
870 0.9845392702535559
880 0.9845392702535559
890 0.9845392702535559
900 0.9845392702535559
910 0.9845392702535559
920 0.9845392702535559
930 0.9845392702535559
940 0.9845392702535559
950 0.9845392702535559
960 0.9845392702535559
970 0.9845392702535559
980 0.9845392702535559
990 0.9845392702535559
1000 0.9849515563801278
