# Data for router 8
0 0.0
10 0.0
20 0.0
30 0.0
40 0.0
50 0.0
60 0.0
70 0.0
80 0.0
90 0.0
100 0.0
110 0.0
120 0.0
130 0.0
140 0.0
150 0.001443001443001443
160 0.005772005772005772
170 0.009997938569367142
180 0.013090084518655946
190 0.013090084518655946
200 0.013090084518655946
210 0.013090084518655946
220 0.013090084518655946
230 0.013090084518655946
240 0.013090084518655946
250 0.013090084518655946
260 0.013502370645227788
270 0.013914656771799629
280 0.01463615749330035
290 0.015151515151515152
300 0.015151515151515152
310 0.015151515151515152
320 0.015151515151515152
330 0.015151515151515152
340 0.015151515151515152
350 0.015151515151515152
360 0.015151515151515152
370 0.015151515151515152
380 0.015151515151515152
390 0.015151515151515152
400 0.015151515151515152
410 0.015151515151515152
420 0.015151515151515152
430 0.015151515151515152
440 0.015151515151515152
450 0.015151515151515152
460 0.015151515151515152
470 0.015151515151515152
480 0.015151515151515152
490 0.015151515151515152
500 0.015151515151515152
510 0.015151515151515152
520 0.015151515151515152
530 0.015151515151515152
540 0.015151515151515152
550 0.015151515151515152
560 0.015151515151515152
570 0.015151515151515152
580 0.015151515151515152
590 0.015151515151515152
600 0.015151515151515152
610 0.015151515151515152
620 0.015151515151515152
630 0.015151515151515152
640 0.015151515151515152
650 0.015151515151515152
660 0.015151515151515152
670 0.015151515151515152
680 0.015151515151515152
690 0.015151515151515152
700 0.015151515151515152
710 0.015151515151515152
720 0.015151515151515152
730 0.015151515151515152
740 0.015151515151515152
750 0.015151515151515152
760 0.015151515151515152
770 0.015151515151515152
780 0.015151515151515152
790 0.015151515151515152
800 0.015151515151515152
810 0.015151515151515152
820 0.015151515151515152
830 0.015151515151515152
840 0.015151515151515152
850 0.015151515151515152
860 0.015151515151515152
870 0.015151515151515152
880 0.015151515151515152
890 0.015151515151515152
900 0.015151515151515152
910 0.015151515151515152
920 0.015151515151515152
930 0.015151515151515152
940 0.015151515151515152
950 0.015151515151515152
960 0.015151515151515152
970 0.015151515151515152
980 0.015151515151515152
990 0.015151515151515152
1000 0.016594516594516596
