# Data for router 4
0 0.0
10 0.0
20 0.0
30 0.07637600494743352
40 0.07637600494743352
50 0.07637600494743352
60 0.07637600494743352
70 0.07637600494743352
80 0.0898783755926613
90 0.09967017109874253
100 0.09967017109874253
110 0.09967017109874253
120 0.09967017109874253
130 0.09967017109874253
140 0.09967017109874253
150 0.10276231704803133
160 0.10832817975675119
170 0.11389404246547104
180 0.11853226138940424
190 0.11853226138940424
200 0.11853226138940424
210 0.11853226138940424
220 0.11853226138940424
230 0.11853226138940424
240 0.11853226138940424
250 0.11853226138940424
260 0.1282209853638425
270 0.15728715728715728
280 0.1730571016285302
290 0.19944341372912802
300 0.19944341372912802
310 0.19944341372912802
320 0.19944341372912802
330 0.19944341372912802
340 0.19944341372912802
350 0.19944341372912802
360 0.19944341372912802
370 0.19944341372912802
380 0.19944341372912802
390 0.19944341372912802
400 0.20923520923520925
410 0.21974850546279118
420 0.2300556586270872
430 0.24077509791795507
440 0.24572253143681716
450 0.24572253143681716
460 0.24572253143681716
470 0.24572253143681716
480 0.24572253143681716
490 0.24572253143681716
500 0.24572253143681716
510 0.24572253143681716
520 0.24572253143681716
530 0.24572253143681716
540 0.24572253143681716
550 0.24572253143681716
560 0.24572253143681716
570 0.2463409606266749
580 0.24726860441146156
590 0.24737167594310452
600 0.24829931972789115
610 0.24881467738610596
620 0.24881467738610596
630 0.24881467738610596
640 0.24881467738610596
650 0.24881467738610596
660 0.24881467738610596
670 0.24881467738610596
680 0.24881467738610596
690 0.24881467738610596
700 0.24881467738610596
710 0.24881467738610596
720 0.24881467738610596
730 0.24881467738610596
740 0.24881467738610596
750 0.24881467738610596
760 0.24881467738610596
770 0.24881467738610596
780 0.24881467738610596
790 0.24881467738610596
800 0.24891774891774893
810 0.24891774891774893
820 0.24891774891774893
830 0.24891774891774893
840 0.24891774891774893
850 0.24891774891774893
860 0.24891774891774893
870 0.24891774891774893
880 0.24891774891774893
890 0.24891774891774893
900 0.24891774891774893
910 0.24891774891774893
920 0.24891774891774893
930 0.24891774891774893
940 0.24891774891774893
950 0.24891774891774893
960 0.24891774891774893
970 0.24891774891774893
980 0.24891774891774893
990 0.24891774891774893
1000 0.2514945372088229
