# Data for router 5
0 0.0
10 0.0
20 0.0
30 0.004947433518862091
40 0.004947433518862091
50 0.004947433518862091
60 0.004947433518862091
70 0.004947433518862091
80 0.01020408163265306
90 0.01422387136672851
100 0.01422387136672851
110 0.01422387136672851
120 0.01422387136672851
130 0.01422387136672851
140 0.01422387136672851
150 0.01566687280972995
160 0.023088023088023088
170 0.02886002886002886
180 0.032570603999175426
190 0.032570603999175426
200 0.032570603999175426
210 0.032570603999175426
220 0.032570603999175426
230 0.032570603999175426
240 0.032570603999175426
250 0.032570603999175426
260 0.03339517625231911
270 0.03597196454339312
280 0.03854875283446712
290 0.042465471036899606
300 0.042465471036899606
310 0.042465471036899606
320 0.042465471036899606
330 0.042465471036899606
340 0.042465471036899606
350 0.042465471036899606
360 0.042465471036899606
370 0.042465471036899606
380 0.042465471036899606
390 0.042465471036899606
400 0.04349618635332921
410 0.04483611626468769
420 0.0458668315811173
430 0.046897546897546896
440 0.0474129045557617
450 0.0474129045557617
460 0.0474129045557617
470 0.0474129045557617
480 0.0474129045557617
490 0.0474129045557617
500 0.0474129045557617
510 0.0474129045557617
520 0.0474129045557617
530 0.0474129045557617
540 0.0474129045557617
550 0.0474129045557617
560 0.0474129045557617
570 0.04916512059369202
580 0.05040197897340754
590 0.05112347969490827
600 0.05256648113790971
610 0.05328798185941043
620 0.05328798185941043
630 0.05328798185941043
640 0.05328798185941043
650 0.05328798185941043
660 0.05328798185941043
670 0.05328798185941043
680 0.05328798185941043
690 0.05328798185941043
700 0.05328798185941043
710 0.05328798185941043
720 0.05328798185941043
730 0.05328798185941043
740 0.05328798185941043
750 0.05328798185941043
760 0.05339105339105339
770 0.053494124922696354
780 0.05370026798598227
790 0.05380333951762523
800 0.054318697175840036
810 0.054627911770768915
820 0.05473098330241188
830 0.05473098330241188
840 0.05473098330241188
850 0.05473098330241188
860 0.05473098330241188
870 0.05473098330241188
880 0.05473098330241188
890 0.05473098330241188
900 0.05473098330241188
910 0.05473098330241188
920 0.05473098330241188
930 0.05473098330241188
940 0.05473098330241188
950 0.05473098330241188
960 0.05473098330241188
970 0.05473098330241188
980 0.05473098330241188
990 0.05473098330241188
1000 0.05524634096062667
