# Data for router 1
0 0.0
10 0.0
20 0.0
30 0.015048443619872192
40 0.015048443619872192
50 0.015048443619872192
60 0.015048443619872192
70 0.015048443619872192
80 0.018449804164089877
90 0.021026592455163882
100 0.021026592455163882
110 0.021026592455163882
120 0.021026592455163882
130 0.021026592455163882
140 0.021026592455163882
150 0.021541950113378686
160 0.026077097505668934
170 0.030509173366316224
180 0.03360131931560503
190 0.03360131931560503
200 0.03360131931560503
210 0.03360131931560503
220 0.03360131931560503
230 0.03360131931560503
240 0.03360131931560503
250 0.03360131931560503
260 0.04195011337868481
270 0.06782106782106782
280 0.08792001649144507
290 0.11739847454133169
300 0.11739847454133169
310 0.11739847454133169
320 0.11739847454133169
330 0.11739847454133169
340 0.11739847454133169
350 0.11739847454133169
360 0.11739847454133169
370 0.11739847454133169
380 0.11739847454133169
390 0.11739847454133169
400 0.1206967635539064
410 0.12502576788291073
420 0.12780869923727067
430 0.13162234590806018
440 0.13399299113584828
450 0.13399299113584828
460 0.13399299113584828
470 0.13399299113584828
480 0.13399299113584828
490 0.13399299113584828
500 0.13399299113584828
510 0.13399299113584828
520 0.13399299113584828
530 0.13399299113584828
540 0.13399299113584828
550 0.13399299113584828
560 0.13399299113584828
570 0.13399299113584828
580 0.13399299113584828
590 0.13399299113584828
600 0.13399299113584828
610 0.13409606266749124
620 0.13409606266749124
630 0.13409606266749124
640 0.13409606266749124
650 0.13409606266749124
660 0.13409606266749124
670 0.13409606266749124
680 0.13409606266749124
690 0.13409606266749124
700 0.13409606266749124
710 0.13409606266749124
720 0.13409606266749124
730 0.13409606266749124
740 0.13409606266749124
750 0.13409606266749124
760 0.13409606266749124
770 0.13409606266749124
780 0.13409606266749124
790 0.13409606266749124
800 0.13409606266749124
810 0.13409606266749124
820 0.13409606266749124
830 0.13409606266749124
840 0.13409606266749124
850 0.13409606266749124
860 0.13409606266749124
870 0.13409606266749124
880 0.13409606266749124
890 0.13409606266749124
900 0.13409606266749124
910 0.13409606266749124
920 0.13409606266749124
930 0.13409606266749124
940 0.13409606266749124
950 0.13409606266749124
960 0.13409606266749124
970 0.13409606266749124
980 0.13409606266749124
990 0.13409606266749124
1000 0.13955885384456812
