# Data for router 3
0 0.0
10 0.0
20 0.0
30 0.004432075860647289
40 0.004432075860647289
50 0.004432075860647289
60 0.004432075860647289
70 0.004432075860647289
80 0.007215007215007215
90 0.00948258091115234
100 0.00948258091115234
110 0.00948258091115234
120 0.00948258091115234
130 0.00948258091115234
140 0.00948258091115234
150 0.011647083075654504
160 0.017934446505875078
170 0.02370645227788085
180 0.0277262420119563
190 0.0277262420119563
200 0.0277262420119563
210 0.0277262420119563
220 0.0277262420119563
230 0.0277262420119563
240 0.0277262420119563
250 0.0277262420119563
260 0.02844774273345702
270 0.03153988868274583
280 0.03318903318903319
290 0.03566274994846423
300 0.03566274994846423
310 0.03566274994846423
320 0.03566274994846423
330 0.03566274994846423
340 0.03566274994846423
350 0.03566274994846423
360 0.03566274994846423
370 0.03566274994846423
380 0.03566274994846423
390 0.03566274994846423
400 0.03772418058132344
410 0.03896103896103896
420 0.03978561121418264
430 0.04050711193568336
440 0.04143475572047001
450 0.04143475572047001
460 0.04143475572047001
470 0.04143475572047001
480 0.04143475572047001
490 0.04143475572047001
500 0.04143475572047001
510 0.04143475572047001
520 0.04143475572047001
530 0.04143475572047001
540 0.04143475572047001
550 0.04143475572047001
560 0.04143475572047001
570 0.04225932797361369
580 0.04298082869511441
590 0.04339311482168625
600 0.04514533085961658
610 0.046072974644403214
620 0.046072974644403214
630 0.046072974644403214
640 0.046072974644403214
650 0.046072974644403214
660 0.046072974644403214
670 0.046072974644403214
680 0.046072974644403214
690 0.046072974644403214
700 0.046072974644403214
710 0.046072974644403214
720 0.046072974644403214
730 0.046072974644403214
740 0.046072974644403214
750 0.046072974644403214
760 0.04627911770768914
770 0.04669140383426098
780 0.046794475365903934
790 0.04700061842918986
800 0.0474129045557617
810 0.0474129045557617
820 0.04772211915069058
830 0.04772211915069058
840 0.04772211915069058
850 0.04772211915069058
860 0.04772211915069058
870 0.04772211915069058
880 0.04772211915069058
890 0.04772211915069058
900 0.04772211915069058
910 0.04772211915069058
920 0.04772211915069058
930 0.04772211915069058
940 0.04772211915069058
950 0.04772211915069058
960 0.04772211915069058
970 0.04772211915069058
980 0.04772211915069058
990 0.04772211915069058
1000 0.05297876726448155
