# Data for router 6
0 0.0
10 0.0
20 0.0
30 0.0
40 0.0
50 0.0
60 0.0
70 0.0
80 0.0
90 0.0
100 0.0
110 0.0
120 0.0
130 0.0
140 0.0
150 0.0011337868480725624
160 0.006287363430220573
170 0.011028653885796743
180 0.013090084518655946
190 0.013090084518655946
200 0.013090084518655946
210 0.013090084518655946
220 0.013090084518655946
230 0.013090084518655946
240 0.013090084518655946
250 0.013090084518655946
260 0.013193156050298907
270 0.01412079983508555
280 0.01432694289837147
290 0.014945372088229231
300 0.014945372088229231
310 0.014945372088229231
320 0.014945372088229231
330 0.014945372088229231
340 0.014945372088229231
350 0.014945372088229231
360 0.014945372088229231
370 0.014945372088229231
380 0.014945372088229231
390 0.014945372088229231
400 0.014945372088229231
410 0.014945372088229231
420 0.014945372088229231
430 0.014945372088229231
440 0.014945372088229231
450 0.014945372088229231
460 0.014945372088229231
470 0.014945372088229231
480 0.014945372088229231
490 0.014945372088229231
500 0.014945372088229231
510 0.014945372088229231
520 0.014945372088229231
530 0.014945372088229231
540 0.014945372088229231
550 0.014945372088229231
560 0.014945372088229231
570 0.014945372088229231
580 0.014945372088229231
590 0.014945372088229231
600 0.014945372088229231
610 0.014945372088229231
620 0.014945372088229231
630 0.014945372088229231
640 0.014945372088229231
650 0.014945372088229231
660 0.014945372088229231
670 0.014945372088229231
680 0.014945372088229231
690 0.014945372088229231
700 0.014945372088229231
710 0.014945372088229231
720 0.014945372088229231
730 0.014945372088229231
740 0.014945372088229231
750 0.014945372088229231
760 0.014945372088229231
770 0.014945372088229231
780 0.014945372088229231
790 0.014945372088229231
800 0.014945372088229231
810 0.014945372088229231
820 0.014945372088229231
830 0.014945372088229231
840 0.014945372088229231
850 0.014945372088229231
860 0.014945372088229231
870 0.014945372088229231
880 0.014945372088229231
890 0.014945372088229231
900 0.014945372088229231
910 0.014945372088229231
920 0.014945372088229231
930 0.014945372088229231
940 0.014945372088229231
950 0.014945372088229231
960 0.014945372088229231
970 0.014945372088229231
980 0.014945372088229231
990 0.014945372088229231
1000 0.018037518037518036
