# Data for router 2
0 0.0
10 0.0
20 0.0
30 0.0
40 0.0
50 0.0
60 0.0
70 0.0
80 0.0
90 0.0
100 0.0
110 0.0
120 0.0
130 0.0
140 0.0
150 0.0013399299113584827
160 0.006802721088435374
170 0.011750154607297465
180 0.014945372088229231
190 0.014945372088229231
200 0.014945372088229231
210 0.014945372088229231
220 0.014945372088229231
230 0.014945372088229231
240 0.014945372088229231
250 0.014945372088229231
260 0.015151515151515152
270 0.015563801278086993
280 0.015769944341372914
290 0.016285301999587713
300 0.016285301999587713
310 0.016285301999587713
320 0.016285301999587713
330 0.016285301999587713
340 0.016285301999587713
350 0.016285301999587713
360 0.016285301999587713
370 0.016285301999587713
380 0.016285301999587713
390 0.016285301999587713
400 0.016285301999587713
410 0.016285301999587713
420 0.016285301999587713
430 0.016285301999587713
440 0.016285301999587713
450 0.016285301999587713
460 0.016285301999587713
470 0.016285301999587713
480 0.016285301999587713
490 0.016285301999587713
500 0.016285301999587713
510 0.016285301999587713
520 0.016285301999587713
530 0.016285301999587713
540 0.016285301999587713
550 0.016285301999587713
560 0.016285301999587713
570 0.016285301999587713
580 0.016285301999587713
590 0.016285301999587713
600 0.016285301999587713
610 0.016285301999587713
620 0.016285301999587713
630 0.016285301999587713
640 0.016285301999587713
650 0.016285301999587713
660 0.016285301999587713
670 0.016285301999587713
680 0.016285301999587713
690 0.016285301999587713
700 0.016285301999587713
710 0.016285301999587713
720 0.016285301999587713
730 0.016285301999587713
740 0.016285301999587713
750 0.016285301999587713
760 0.016285301999587713
770 0.016285301999587713
780 0.016285301999587713
790 0.016285301999587713
800 0.016285301999587713
810 0.016285301999587713
820 0.016285301999587713
830 0.016285301999587713
840 0.016285301999587713
850 0.016285301999587713
860 0.016285301999587713
870 0.016285301999587713
880 0.016285301999587713
890 0.016285301999587713
900 0.016285301999587713
910 0.016285301999587713
920 0.016285301999587713
930 0.016285301999587713
940 0.016285301999587713
950 0.016285301999587713
960 0.016285301999587713
970 0.016285301999587713
980 0.016285301999587713
990 0.016285301999587713
1000 0.017006802721088437
