# Data for router 7
0 0.0
10 0.0
20 0.0
30 0.013090084518655946
40 0.013090084518655946
50 0.013090084518655946
60 0.013090084518655946
70 0.013090084518655946
80 0.016697588126159554
90 0.019995877138734283
100 0.019995877138734283
110 0.019995877138734283
120 0.019995877138734283
130 0.019995877138734283
140 0.019995877138734283
150 0.021232735518449803
160 0.026283240568954855
170 0.03205524634096062
180 0.03483817769532055
190 0.03483817769532055
200 0.03483817769532055
210 0.03483817769532055
220 0.03483817769532055
230 0.03483817769532055
240 0.03483817769532055
250 0.03483817769532055
260 0.041640898783755924
270 0.06287363430220573
280 0.07843743558029272
290 0.10554524840239125
300 0.10554524840239125
310 0.10554524840239125
320 0.10554524840239125
330 0.10554524840239125
340 0.10554524840239125
350 0.10554524840239125
360 0.10554524840239125
370 0.10554524840239125
380 0.10554524840239125
390 0.10554524840239125
400 0.10946196660482375
410 0.11379097093382808
420 0.11832611832611832
430 0.12265512265512266
440 0.12440733869305298
450 0.12440733869305298
460 0.12440733869305298
470 0.12440733869305298
480 0.12440733869305298
490 0.12440733869305298
500 0.12440733869305298
510 0.12440733869305298
520 0.12440733869305298
530 0.12440733869305298
540 0.12440733869305298
550 0.12440733869305298
560 0.12440733869305298
570 0.12461348175633889
580 0.12471655328798185
590 0.12471655328798185
600 0.12481962481962482
610 0.12523191094619665
620 0.12523191094619665
630 0.12523191094619665
640 0.12523191094619665
650 0.12523191094619665
660 0.12523191094619665
670 0.12523191094619665
680 0.12523191094619665
690 0.12523191094619665
700 0.12523191094619665
710 0.12523191094619665
720 0.12523191094619665
730 0.12523191094619665
740 0.12523191094619665
750 0.12523191094619665
760 0.12523191094619665
770 0.12523191094619665
780 0.12523191094619665
790 0.12523191094619665
800 0.12523191094619665
810 0.12523191094619665
820 0.12523191094619665
830 0.12523191094619665
840 0.12523191094619665
850 0.12523191094619665
860 0.12523191094619665
870 0.12523191094619665
880 0.12523191094619665
890 0.12523191094619665
900 0.12523191094619665
910 0.12523191094619665
920 0.12523191094619665
930 0.12523191094619665
940 0.12523191094619665
950 0.12523191094619665
960 0.12523191094619665
970 0.12523191094619665
980 0.12523191094619665
990 0.12523191094619665
1000 0.1290455576169862
