# Data for router 0
0 0.0
10 0.0
20 0.0
30 0.0
40 0.0
50 0.0
60 0.0
70 0.0
80 0.0
90 0.0
100 0.0
110 0.0
120 0.0
130 0.0
140 0.0
150 0.001443001443001443
160 0.006802721088435374
170 0.011337868480725623
180 0.01463615749330035
190 0.01463615749330035
200 0.01463615749330035
210 0.01463615749330035
220 0.01463615749330035
230 0.01463615749330035
240 0.01463615749330035
250 0.01463615749330035
260 0.014842300556586271
270 0.015151515151515152
280 0.015357658214801072
290 0.015769944341372914
300 0.015769944341372914
310 0.015769944341372914
320 0.015769944341372914
330 0.015769944341372914
340 0.015769944341372914
350 0.015769944341372914
360 0.015769944341372914
370 0.015769944341372914
380 0.015769944341372914
390 0.015769944341372914
400 0.015769944341372914
410 0.015769944341372914
420 0.015769944341372914
430 0.015769944341372914
440 0.015769944341372914
450 0.015769944341372914
460 0.015769944341372914
470 0.015769944341372914
480 0.015769944341372914
490 0.015769944341372914
500 0.015769944341372914
510 0.015769944341372914
520 0.015769944341372914
530 0.015769944341372914
540 0.015769944341372914
550 0.015769944341372914
560 0.015769944341372914
570 0.015769944341372914
580 0.015769944341372914
590 0.015769944341372914
600 0.015769944341372914
610 0.015769944341372914
620 0.015769944341372914
630 0.015769944341372914
640 0.015769944341372914
650 0.015769944341372914
660 0.015769944341372914
670 0.015769944341372914
680 0.015769944341372914
690 0.015769944341372914
700 0.015769944341372914
710 0.015769944341372914
720 0.015769944341372914
730 0.015769944341372914
740 0.015769944341372914
750 0.015769944341372914
760 0.015769944341372914
770 0.015769944341372914
780 0.015769944341372914
790 0.015769944341372914
800 0.015769944341372914
810 0.015769944341372914
820 0.015769944341372914
830 0.015769944341372914
840 0.015769944341372914
850 0.015769944341372914
860 0.015769944341372914
870 0.015769944341372914
880 0.015769944341372914
890 0.015769944341372914
900 0.015769944341372914
910 0.015769944341372914
920 0.015769944341372914
930 0.015769944341372914
940 0.015769944341372914
950 0.015769944341372914
960 0.015769944341372914
970 0.015769944341372914
980 0.015769944341372914
990 0.015769944341372914
1000 0.012987012987012988
