# Data for router 1
0 0.0
10 0.0
20 0.0
30 0.012368583797155226
40 0.012368583797155226
50 0.012368583797155226
60 0.012368583797155226
70 0.012368583797155226
80 0.0367965367965368
90 0.05813234384662956
100 0.05813234384662956
110 0.05813234384662956
120 0.05813234384662956
130 0.05813234384662956
140 0.05813234384662956
150 0.0626674912389198
160 0.07544836116264687
170 0.08668315811172954
180 0.09317666460523603
190 0.09317666460523603
200 0.09317666460523603
210 0.09317666460523603
220 0.09317666460523603
230 0.09317666460523603
240 0.09317666460523603
250 0.09317666460523603
260 0.09348587920016492
270 0.09358895073180787
280 0.09400123685837972
290 0.09400123685837972
300 0.09400123685837972
310 0.09400123685837972
320 0.09400123685837972
330 0.09400123685837972
340 0.09400123685837972
350 0.09400123685837972
360 0.09400123685837972
370 0.09400123685837972
380 0.09400123685837972
390 0.09400123685837972
400 0.09400123685837972
410 0.09400123685837972
420 0.09400123685837972
430 0.09400123685837972
440 0.09400123685837972
450 0.09400123685837972
460 0.09400123685837972
470 0.09400123685837972
480 0.09400123685837972
490 0.09400123685837972
500 0.09400123685837972
510 0.09400123685837972
520 0.09400123685837972
530 0.09400123685837972
540 0.09400123685837972
550 0.09400123685837972
560 0.09400123685837972
570 0.09400123685837972
580 0.09400123685837972
590 0.09400123685837972
600 0.09400123685837972
610 0.09400123685837972
620 0.09400123685837972
630 0.09400123685837972
640 0.09400123685837972
650 0.09400123685837972
660 0.09400123685837972
670 0.09400123685837972
680 0.09400123685837972
690 0.09400123685837972
700 0.09400123685837972
710 0.09400123685837972
720 0.09400123685837972
730 0.09400123685837972
740 0.09400123685837972
750 0.09400123685837972
760 0.09400123685837972
770 0.09400123685837972
780 0.09400123685837972
790 0.09400123685837972
800 0.09400123685837972
810 0.09400123685837972
820 0.09400123685837972
830 0.09400123685837972
840 0.09400123685837972
850 0.09400123685837972
860 0.09400123685837972
870 0.09400123685837972
880 0.09400123685837972
890 0.09400123685837972
900 0.09400123685837972
910 0.09400123685837972
920 0.09400123685837972
930 0.09400123685837972
940 0.09400123685837972
950 0.09400123685837972
960 0.09400123685837972
970 0.09400123685837972
980 0.09400123685837972
990 0.09400123685837972
1000 0.09059987631416203
