# Data for router 5
0 0.0
10 0.0
20 0.0
30 0.004947433518862091
40 0.004947433518862091
50 0.004947433518862091
60 0.004947433518862091
70 0.004947433518862091
80 0.017212945784374357
90 0.027004741290455575
100 0.027004741290455575
110 0.027004741290455575
120 0.027004741290455575
130 0.027004741290455575
140 0.027004741290455575
150 0.027004741290455575
160 0.027623170480313337
170 0.028035456606885178
180 0.02865388579674294
190 0.02865388579674294
200 0.02865388579674294
210 0.02865388579674294
220 0.02865388579674294
230 0.02865388579674294
240 0.02865388579674294
250 0.02865388579674294
260 0.02865388579674294
270 0.0287569573283859
280 0.0287569573283859
290 0.0287569573283859
300 0.0287569573283859
310 0.0287569573283859
320 0.0287569573283859
330 0.0287569573283859
340 0.0287569573283859
350 0.0287569573283859
360 0.0287569573283859
370 0.0287569573283859
380 0.0287569573283859
390 0.0287569573283859
400 0.0287569573283859
410 0.0287569573283859
420 0.0287569573283859
430 0.0287569573283859
440 0.0287569573283859
450 0.0287569573283859
460 0.0287569573283859
470 0.0287569573283859
480 0.0287569573283859
490 0.0287569573283859
500 0.0287569573283859
510 0.0287569573283859
520 0.0287569573283859
530 0.0287569573283859
540 0.0287569573283859
550 0.0287569573283859
560 0.0287569573283859
570 0.0287569573283859
580 0.0287569573283859
590 0.0287569573283859
600 0.0287569573283859
610 0.0287569573283859
620 0.0287569573283859
630 0.0287569573283859
640 0.0287569573283859
650 0.0287569573283859
660 0.0287569573283859
670 0.0287569573283859
680 0.0287569573283859
690 0.0287569573283859
700 0.0287569573283859
710 0.0287569573283859
720 0.0287569573283859
730 0.0287569573283859
740 0.0287569573283859
750 0.0287569573283859
760 0.0287569573283859
770 0.0287569573283859
780 0.0287569573283859
790 0.0287569573283859
800 0.0287569573283859
810 0.0287569573283859
820 0.0287569573283859
830 0.0287569573283859
840 0.0287569573283859
850 0.0287569573283859
860 0.0287569573283859
870 0.0287569573283859
880 0.0287569573283859
890 0.0287569573283859
900 0.0287569573283859
910 0.0287569573283859
920 0.0287569573283859
930 0.0287569573283859
940 0.0287569573283859
950 0.0287569573283859
960 0.0287569573283859
970 0.0287569573283859
980 0.0287569573283859
990 0.0287569573283859
1000 0.025767882910740055
