# Data for router 3
0 0.0
10 0.0
20 0.0
30 0.004019789734075448
40 0.004019789734075448
50 0.004019789734075448
60 0.004019789734075448
70 0.004019789734075448
80 0.015769944341372914
90 0.02442795299938157
100 0.02442795299938157
110 0.02442795299938157
120 0.02442795299938157
130 0.02442795299938157
140 0.02442795299938157
150 0.025149453720882294
160 0.026077097505668934
170 0.026798598227169654
180 0.027210884353741496
190 0.027210884353741496
200 0.027210884353741496
210 0.027210884353741496
220 0.027210884353741496
230 0.027210884353741496
240 0.027210884353741496
250 0.027210884353741496
260 0.027210884353741496
270 0.027313955885384458
280 0.027313955885384458
290 0.027313955885384458
300 0.027313955885384458
310 0.027313955885384458
320 0.027313955885384458
330 0.027313955885384458
340 0.027313955885384458
350 0.027313955885384458
360 0.027313955885384458
370 0.027313955885384458
380 0.027313955885384458
390 0.027313955885384458
400 0.027313955885384458
410 0.027313955885384458
420 0.027313955885384458
430 0.027313955885384458
440 0.027313955885384458
450 0.027313955885384458
460 0.027313955885384458
470 0.027313955885384458
480 0.027313955885384458
490 0.027313955885384458
500 0.027313955885384458
510 0.027313955885384458
520 0.027313955885384458
530 0.027313955885384458
540 0.027313955885384458
550 0.027313955885384458
560 0.027313955885384458
570 0.027313955885384458
580 0.027313955885384458
590 0.027313955885384458
600 0.027313955885384458
610 0.027313955885384458
620 0.027313955885384458
630 0.027313955885384458
640 0.027313955885384458
650 0.027313955885384458
660 0.027313955885384458
670 0.027313955885384458
680 0.027313955885384458
690 0.027313955885384458
700 0.027313955885384458
710 0.027313955885384458
720 0.027313955885384458
730 0.027313955885384458
740 0.027313955885384458
750 0.027313955885384458
760 0.027313955885384458
770 0.027313955885384458
780 0.027313955885384458
790 0.027313955885384458
800 0.027313955885384458
810 0.027313955885384458
820 0.027313955885384458
830 0.027313955885384458
840 0.027313955885384458
850 0.027313955885384458
860 0.027313955885384458
870 0.027313955885384458
880 0.027313955885384458
890 0.027313955885384458
900 0.027313955885384458
910 0.027313955885384458
920 0.027313955885384458
930 0.027313955885384458
940 0.027313955885384458
950 0.027313955885384458
960 0.027313955885384458
970 0.027313955885384458
980 0.027313955885384458
990 0.027313955885384458
1000 0.027623170480313337
