# Data for router 1
0 0.0
10 0.0
20 0.0
30 0.01463615749330035
40 0.01463615749330035
50 0.01463615749330035
60 0.01463615749330035
70 0.01463615749330035
80 0.03875489589775304
90 0.059059987631416205
100 0.059059987631416205
110 0.059059987631416205
120 0.059059987631416205
130 0.059059987631416205
140 0.059059987631416205
150 0.06215213358070501
160 0.07276850133992992
170 0.0836940836940837
180 0.09255823541537828
190 0.09255823541537828
200 0.09255823541537828
210 0.09255823541537828
220 0.09255823541537828
230 0.09255823541537828
240 0.09255823541537828
250 0.09255823541537828
260 0.09266130694702124
270 0.09307359307359307
280 0.093279736136879
290 0.09358895073180787
300 0.09358895073180787
310 0.09358895073180787
320 0.09358895073180787
330 0.09358895073180787
340 0.09358895073180787
350 0.09358895073180787
360 0.09358895073180787
370 0.09358895073180787
380 0.09358895073180787
390 0.09358895073180787
400 0.09358895073180787
410 0.09358895073180787
420 0.09358895073180787
430 0.09358895073180787
440 0.09358895073180787
450 0.09358895073180787
460 0.09358895073180787
470 0.09358895073180787
480 0.09358895073180787
490 0.09358895073180787
500 0.09358895073180787
510 0.09358895073180787
520 0.09358895073180787
530 0.09358895073180787
540 0.09358895073180787
550 0.09358895073180787
560 0.09358895073180787
570 0.09358895073180787
580 0.09358895073180787
590 0.09358895073180787
600 0.09358895073180787
610 0.09358895073180787
620 0.09358895073180787
630 0.09358895073180787
640 0.09358895073180787
650 0.09358895073180787
660 0.09358895073180787
670 0.09358895073180787
680 0.09358895073180787
690 0.09358895073180787
700 0.09358895073180787
710 0.09358895073180787
720 0.09358895073180787
730 0.09358895073180787
740 0.09358895073180787
750 0.09358895073180787
760 0.09358895073180787
770 0.09358895073180787
780 0.09358895073180787
790 0.09358895073180787
800 0.09358895073180787
810 0.09358895073180787
820 0.09358895073180787
830 0.09358895073180787
840 0.09358895073180787
850 0.09358895073180787
860 0.09358895073180787
870 0.09358895073180787
880 0.09358895073180787
890 0.09358895073180787
900 0.09358895073180787
910 0.09358895073180787
920 0.09358895073180787
930 0.09358895073180787
940 0.09358895073180787
950 0.09358895073180787
960 0.09358895073180787
970 0.09358895073180787
980 0.09358895073180787
990 0.09358895073180787
1000 0.09204287775716347
