# Data for router 5
0 0.0
10 0.0
20 0.0
30 0.00474129045557617
40 0.00474129045557617
50 0.00474129045557617
60 0.00474129045557617
70 0.00474129045557617
80 0.016285301999587713
90 0.027107812822098537
100 0.027107812822098537
110 0.027107812822098537
120 0.027107812822098537
130 0.027107812822098537
140 0.027107812822098537
150 0.027313955885384458
160 0.02865388579674294
170 0.029684601113172542
180 0.030715316429602145
190 0.030715316429602145
200 0.030715316429602145
210 0.030715316429602145
220 0.030715316429602145
230 0.030715316429602145
240 0.030715316429602145
250 0.030715316429602145
260 0.030715316429602145
270 0.030715316429602145
280 0.030715316429602145
290 0.030715316429602145
300 0.030715316429602145
310 0.030715316429602145
320 0.030715316429602145
330 0.030715316429602145
340 0.030715316429602145
350 0.030715316429602145
360 0.030715316429602145
370 0.030715316429602145
380 0.030715316429602145
390 0.030715316429602145
400 0.030715316429602145
410 0.030715316429602145
420 0.030715316429602145
430 0.030715316429602145
440 0.030715316429602145
450 0.030715316429602145
460 0.030715316429602145
470 0.030715316429602145
480 0.030715316429602145
490 0.030715316429602145
500 0.030715316429602145
510 0.030715316429602145
520 0.030715316429602145
530 0.030715316429602145
540 0.030715316429602145
550 0.030715316429602145
560 0.030715316429602145
570 0.030715316429602145
580 0.030715316429602145
590 0.030715316429602145
600 0.030715316429602145
610 0.030715316429602145
620 0.030715316429602145
630 0.030715316429602145
640 0.030715316429602145
650 0.030715316429602145
660 0.030715316429602145
670 0.030715316429602145
680 0.030715316429602145
690 0.030715316429602145
700 0.030715316429602145
710 0.030715316429602145
720 0.030715316429602145
730 0.030715316429602145
740 0.030715316429602145
750 0.030715316429602145
760 0.030715316429602145
770 0.030715316429602145
780 0.030715316429602145
790 0.030715316429602145
800 0.030715316429602145
810 0.030715316429602145
820 0.030715316429602145
830 0.030715316429602145
840 0.030715316429602145
850 0.030715316429602145
860 0.030715316429602145
870 0.030715316429602145
880 0.030715316429602145
890 0.030715316429602145
900 0.030715316429602145
910 0.030715316429602145
920 0.030715316429602145
930 0.030715316429602145
940 0.030715316429602145
950 0.030715316429602145
960 0.030715316429602145
970 0.030715316429602145
980 0.030715316429602145
990 0.030715316429602145
1000 0.027107812822098537
