# Data for router 4
0 0.0
10 0.0
20 0.0
30 0.07905586477015049
40 0.07905586477015049
50 0.07905586477015049
60 0.07905586477015049
70 0.07905586477015049
80 0.19552669552669552
90 0.28746650175221605
100 0.28746650175221605
110 0.28746650175221605
120 0.28746650175221605
130 0.28746650175221605
140 0.28746650175221605
150 0.3000412286126572
160 0.33941455370026796
170 0.3815708101422387
180 0.4072356215213358
190 0.4072356215213358
200 0.4072356215213358
210 0.4072356215213358
220 0.4072356215213358
230 0.4072356215213358
240 0.4072356215213358
250 0.4072356215213358
260 0.40867862296433727
270 0.41300762729334156
280 0.41548134405277265
290 0.4205318491032777
300 0.4205318491032777
310 0.4205318491032777
320 0.4205318491032777
330 0.4205318491032777
340 0.4205318491032777
350 0.4205318491032777
360 0.4205318491032777
370 0.4205318491032777
380 0.4205318491032777
390 0.4205318491032777
400 0.4205318491032777
410 0.4205318491032777
420 0.4205318491032777
430 0.42063492063492064
440 0.42063492063492064
450 0.42063492063492064
460 0.42063492063492064
470 0.42063492063492064
480 0.42063492063492064
490 0.42063492063492064
500 0.42063492063492064
510 0.42063492063492064
520 0.42063492063492064
530 0.42063492063492064
540 0.42063492063492064
550 0.42063492063492064
560 0.42063492063492064
570 0.42063492063492064
580 0.42063492063492064
590 0.42063492063492064
600 0.42063492063492064
610 0.42063492063492064
620 0.42063492063492064
630 0.42063492063492064
640 0.42063492063492064
650 0.42063492063492064
660 0.42063492063492064
670 0.42063492063492064
680 0.42063492063492064
690 0.42063492063492064
700 0.42063492063492064
710 0.42063492063492064
720 0.42063492063492064
730 0.42063492063492064
740 0.42063492063492064
750 0.42063492063492064
760 0.42063492063492064
770 0.42063492063492064
780 0.42063492063492064
790 0.42063492063492064
800 0.42063492063492064
810 0.42063492063492064
820 0.42063492063492064
830 0.42063492063492064
840 0.42063492063492064
850 0.42063492063492064
860 0.42063492063492064
870 0.42063492063492064
880 0.42063492063492064
890 0.42063492063492064
900 0.42063492063492064
910 0.42063492063492064
920 0.42063492063492064
930 0.42063492063492064
940 0.42063492063492064
950 0.42063492063492064
960 0.42063492063492064
970 0.42063492063492064
980 0.42063492063492064
990 0.42063492063492064
1000 0.4132137703566275
