# Data for router 7
0 0.0
10 0.0
20 0.0
30 0.012987012987012988
40 0.012987012987012988
50 0.012987012987012988
60 0.012987012987012988
70 0.012987012987012988
80 0.03452896310039167
90 0.05174190888476603
100 0.05174190888476603
110 0.05174190888476603
120 0.05174190888476603
130 0.05174190888476603
140 0.05174190888476603
150 0.055761698618841476
160 0.06648113790970933
170 0.07709750566893424
180 0.08451865594722738
190 0.08451865594722738
200 0.08451865594722738
210 0.08451865594722738
220 0.08451865594722738
230 0.08451865594722738
240 0.08451865594722738
250 0.08451865594722738
260 0.08462172747887034
270 0.08482787054215625
280 0.08493094207379921
290 0.08554937126365698
300 0.08554937126365698
310 0.08554937126365698
320 0.08554937126365698
330 0.08554937126365698
340 0.08554937126365698
350 0.08554937126365698
360 0.08554937126365698
370 0.08554937126365698
380 0.08554937126365698
390 0.08554937126365698
400 0.08554937126365698
410 0.08554937126365698
420 0.08554937126365698
430 0.08554937126365698
440 0.08554937126365698
450 0.08554937126365698
460 0.08554937126365698
470 0.08554937126365698
480 0.08554937126365698
490 0.08554937126365698
500 0.08554937126365698
510 0.08554937126365698
520 0.08554937126365698
530 0.08554937126365698
540 0.08554937126365698
550 0.08554937126365698
560 0.08554937126365698
570 0.08554937126365698
580 0.08554937126365698
590 0.08554937126365698
600 0.08554937126365698
610 0.08554937126365698
620 0.08554937126365698
630 0.08554937126365698
640 0.08554937126365698
650 0.08554937126365698
660 0.08554937126365698
670 0.08554937126365698
680 0.08554937126365698
690 0.08554937126365698
700 0.08554937126365698
710 0.08554937126365698
720 0.08554937126365698
730 0.08554937126365698
740 0.08554937126365698
750 0.08554937126365698
760 0.08554937126365698
770 0.08554937126365698
780 0.08554937126365698
790 0.08554937126365698
800 0.08554937126365698
810 0.08554937126365698
820 0.08554937126365698
830 0.08554937126365698
840 0.08554937126365698
850 0.08554937126365698
860 0.08554937126365698
870 0.08554937126365698
880 0.08554937126365698
890 0.08554937126365698
900 0.08554937126365698
910 0.08554937126365698
920 0.08554937126365698
930 0.08554937126365698
940 0.08554937126365698
950 0.08554937126365698
960 0.08554937126365698
970 0.08554937126365698
980 0.08554937126365698
990 0.08554937126365698
1000 0.08771387342815914
