# Data for router 5
0 0.0
10 0.0
20 0.0
30 0.0032982890125747267
40 0.0032982890125747267
50 0.0032982890125747267
60 0.0032982890125747267
70 0.0032982890125747267
80 0.015460729746444033
90 0.02432488146773861
100 0.02432488146773861
110 0.02432488146773861
120 0.02432488146773861
130 0.02432488146773861
140 0.02432488146773861
150 0.02442795299938157
160 0.025664811379097093
170 0.026386312100597813
180 0.026901669758812616
190 0.026901669758812616
200 0.026901669758812616
210 0.026901669758812616
220 0.026901669758812616
230 0.026901669758812616
240 0.026901669758812616
250 0.026901669758812616
260 0.026901669758812616
270 0.027107812822098537
280 0.027210884353741496
290 0.027313955885384458
300 0.027313955885384458
310 0.027313955885384458
320 0.027313955885384458
330 0.027313955885384458
340 0.027313955885384458
350 0.027313955885384458
360 0.027313955885384458
370 0.027313955885384458
380 0.027313955885384458
390 0.027313955885384458
400 0.027313955885384458
410 0.027313955885384458
420 0.027313955885384458
430 0.027313955885384458
440 0.027313955885384458
450 0.027313955885384458
460 0.027313955885384458
470 0.027313955885384458
480 0.027313955885384458
490 0.027313955885384458
500 0.027313955885384458
510 0.027313955885384458
520 0.027313955885384458
530 0.027313955885384458
540 0.027313955885384458
550 0.027313955885384458
560 0.027313955885384458
570 0.027313955885384458
580 0.027313955885384458
590 0.027313955885384458
600 0.027313955885384458
610 0.027313955885384458
620 0.027313955885384458
630 0.027313955885384458
640 0.027313955885384458
650 0.027313955885384458
660 0.027313955885384458
670 0.027313955885384458
680 0.027313955885384458
690 0.027313955885384458
700 0.027313955885384458
710 0.027313955885384458
720 0.027313955885384458
730 0.027313955885384458
740 0.027313955885384458
750 0.027313955885384458
760 0.027313955885384458
770 0.027313955885384458
780 0.027313955885384458
790 0.027313955885384458
800 0.027313955885384458
810 0.027313955885384458
820 0.027313955885384458
830 0.027313955885384458
840 0.027313955885384458
850 0.027313955885384458
860 0.027313955885384458
870 0.027313955885384458
880 0.027313955885384458
890 0.027313955885384458
900 0.027313955885384458
910 0.027313955885384458
920 0.027313955885384458
930 0.027313955885384458
940 0.027313955885384458
950 0.027313955885384458
960 0.027313955885384458
970 0.027313955885384458
980 0.027313955885384458
990 0.027313955885384458
1000 0.02896310039167182
