# Data for router 4
0 0.0
10 0.0
20 0.0
30 0.07843743558029272
40 0.07843743558029272
50 0.07843743558029272
60 0.07843743558029272
70 0.07843743558029272
80 0.1850133992991136
90 0.27447948876520306
100 0.27447948876520306
110 0.27447948876520306
120 0.27447948876520306
130 0.27447948876520306
140 0.27447948876520306
150 0.2870542156256442
160 0.3277674706246135
170 0.3666254380540095
180 0.3930117501546073
190 0.3930117501546073
200 0.3930117501546073
210 0.3930117501546073
220 0.3930117501546073
230 0.3930117501546073
240 0.3930117501546073
250 0.3930117501546073
260 0.39527932385075243
270 0.39981447124304265
280 0.4036281179138322
290 0.4085755514326943
300 0.4085755514326943
310 0.4085755514326943
320 0.4085755514326943
330 0.4085755514326943
340 0.4085755514326943
350 0.4085755514326943
360 0.4085755514326943
370 0.4085755514326943
380 0.4085755514326943
390 0.4085755514326943
400 0.40867862296433727
410 0.40867862296433727
420 0.40867862296433727
430 0.40867862296433727
440 0.40867862296433727
450 0.40867862296433727
460 0.40867862296433727
470 0.40867862296433727
480 0.40867862296433727
490 0.40867862296433727
500 0.40867862296433727
510 0.40867862296433727
520 0.40867862296433727
530 0.40867862296433727
540 0.40867862296433727
550 0.40867862296433727
560 0.40867862296433727
570 0.40867862296433727
580 0.40867862296433727
590 0.40867862296433727
600 0.40867862296433727
610 0.40867862296433727
620 0.40867862296433727
630 0.40867862296433727
640 0.40867862296433727
650 0.40867862296433727
660 0.40867862296433727
670 0.40867862296433727
680 0.40867862296433727
690 0.40867862296433727
700 0.40867862296433727
710 0.40867862296433727
720 0.40867862296433727
730 0.40867862296433727
740 0.40867862296433727
750 0.40867862296433727
760 0.40867862296433727
770 0.40867862296433727
780 0.40867862296433727
790 0.40867862296433727
800 0.40867862296433727
810 0.40867862296433727
820 0.40867862296433727
830 0.40867862296433727
840 0.40867862296433727
850 0.40867862296433727
860 0.40867862296433727
870 0.40867862296433727
880 0.40867862296433727
890 0.40867862296433727
900 0.40867862296433727
910 0.40867862296433727
920 0.40867862296433727
930 0.40867862296433727
940 0.40867862296433727
950 0.40867862296433727
960 0.40867862296433727
970 0.40867862296433727
980 0.40867862296433727
990 0.40867862296433727
1000 0.4152752009894867
