# Data for router 7
0 0.0
10 0.0
20 0.0
30 0.013090084518655946
40 0.013090084518655946
50 0.013090084518655946
60 0.013090084518655946
70 0.013090084518655946
80 0.03813646670789528
90 0.05586477015048444
100 0.05586477015048444
110 0.05586477015048444
120 0.05586477015048444
130 0.05586477015048444
140 0.05586477015048444
150 0.05895691609977324
160 0.06947021232735519
170 0.08008658008658008
180 0.0867862296433725
190 0.0867862296433725
200 0.0867862296433725
210 0.0867862296433725
220 0.0867862296433725
230 0.0867862296433725
240 0.0867862296433725
250 0.0867862296433725
260 0.08688930117501546
270 0.08719851576994433
280 0.08761080189651618
290 0.08812615955473098
300 0.08812615955473098
310 0.08812615955473098
320 0.08812615955473098
330 0.08812615955473098
340 0.08812615955473098
350 0.08812615955473098
360 0.08812615955473098
370 0.08812615955473098
380 0.08812615955473098
390 0.08812615955473098
400 0.08812615955473098
410 0.08812615955473098
420 0.08812615955473098
430 0.08812615955473098
440 0.08812615955473098
450 0.08812615955473098
460 0.08812615955473098
470 0.08812615955473098
480 0.08812615955473098
490 0.08812615955473098
500 0.08812615955473098
510 0.08812615955473098
520 0.08812615955473098
530 0.08812615955473098
540 0.08812615955473098
550 0.08812615955473098
560 0.08812615955473098
570 0.08812615955473098
580 0.08812615955473098
590 0.08812615955473098
600 0.08812615955473098
610 0.08812615955473098
620 0.08812615955473098
630 0.08812615955473098
640 0.08812615955473098
650 0.08812615955473098
660 0.08812615955473098
670 0.08812615955473098
680 0.08812615955473098
690 0.08812615955473098
700 0.08812615955473098
710 0.08812615955473098
720 0.08812615955473098
730 0.08812615955473098
740 0.08812615955473098
750 0.08812615955473098
760 0.08812615955473098
770 0.08812615955473098
780 0.08812615955473098
790 0.08812615955473098
800 0.08812615955473098
810 0.08812615955473098
820 0.08812615955473098
830 0.08812615955473098
840 0.08812615955473098
850 0.08812615955473098
860 0.08812615955473098
870 0.08812615955473098
880 0.08812615955473098
890 0.08812615955473098
900 0.08812615955473098
910 0.08812615955473098
920 0.08812615955473098
930 0.08812615955473098
940 0.08812615955473098
950 0.08812615955473098
960 0.08812615955473098
970 0.08812615955473098
980 0.08812615955473098
990 0.08812615955473098
1000 0.08647701504844361
