# Data for router 1
0 0.0
10 0.0
20 0.0
30 0.013090084518655946
40 0.013090084518655946
50 0.013090084518655946
60 0.013090084518655946
70 0.013090084518655946
80 0.03607503607503607
90 0.05339105339105339
100 0.05339105339105339
110 0.05339105339105339
120 0.05339105339105339
130 0.05339105339105339
140 0.05339105339105339
150 0.056380127808699235
160 0.06905792620078334
170 0.0792620078334364
180 0.08740465883323026
190 0.08740465883323026
200 0.08740465883323026
210 0.08740465883323026
220 0.08740465883323026
230 0.08740465883323026
240 0.08740465883323026
250 0.08740465883323026
260 0.08750773036487322
270 0.08761080189651618
280 0.08761080189651618
290 0.08792001649144507
300 0.08792001649144507
310 0.08792001649144507
320 0.08792001649144507
330 0.08792001649144507
340 0.08792001649144507
350 0.08792001649144507
360 0.08792001649144507
370 0.08792001649144507
380 0.08792001649144507
390 0.08792001649144507
400 0.08792001649144507
410 0.08792001649144507
420 0.08792001649144507
430 0.08792001649144507
440 0.08792001649144507
450 0.08792001649144507
460 0.08792001649144507
470 0.08792001649144507
480 0.08792001649144507
490 0.08792001649144507
500 0.08792001649144507
510 0.08792001649144507
520 0.08792001649144507
530 0.08792001649144507
540 0.08792001649144507
550 0.08792001649144507
560 0.08792001649144507
570 0.08792001649144507
580 0.08792001649144507
590 0.08792001649144507
600 0.08792001649144507
610 0.08792001649144507
620 0.08792001649144507
630 0.08792001649144507
640 0.08792001649144507
650 0.08792001649144507
660 0.08792001649144507
670 0.08792001649144507
680 0.08792001649144507
690 0.08792001649144507
700 0.08792001649144507
710 0.08792001649144507
720 0.08792001649144507
730 0.08792001649144507
740 0.08792001649144507
750 0.08792001649144507
760 0.08792001649144507
770 0.08792001649144507
780 0.08792001649144507
790 0.08792001649144507
800 0.08792001649144507
810 0.08792001649144507
820 0.08792001649144507
830 0.08792001649144507
840 0.08792001649144507
850 0.08792001649144507
860 0.08792001649144507
870 0.08792001649144507
880 0.08792001649144507
890 0.08792001649144507
900 0.08792001649144507
910 0.08792001649144507
920 0.08792001649144507
930 0.08792001649144507
940 0.08792001649144507
950 0.08792001649144507
960 0.08792001649144507
970 0.08792001649144507
980 0.08792001649144507
990 0.08792001649144507
1000 0.09554730983302412
