# Data for router 3
0 0.0
10 0.0
20 0.0
30 0.0045351473922902496
40 0.0045351473922902496
50 0.0045351473922902496
60 0.0045351473922902496
70 0.0045351473922902496
80 0.016388373531230675
90 0.02813852813852814
100 0.02813852813852814
110 0.02813852813852814
120 0.02813852813852814
130 0.02813852813852814
140 0.02813852813852814
150 0.02844774273345702
160 0.02958152958152958
170 0.029684601113172542
180 0.030096887239744383
190 0.030096887239744383
200 0.030096887239744383
210 0.030096887239744383
220 0.030096887239744383
230 0.030096887239744383
240 0.030096887239744383
250 0.030096887239744383
260 0.030096887239744383
270 0.030096887239744383
280 0.030199958771387342
290 0.030199958771387342
300 0.030199958771387342
310 0.030199958771387342
320 0.030199958771387342
330 0.030199958771387342
340 0.030199958771387342
350 0.030199958771387342
360 0.030199958771387342
370 0.030199958771387342
380 0.030199958771387342
390 0.030199958771387342
400 0.030199958771387342
410 0.030199958771387342
420 0.030199958771387342
430 0.030199958771387342
440 0.030199958771387342
450 0.030199958771387342
460 0.030199958771387342
470 0.030199958771387342
480 0.030199958771387342
490 0.030199958771387342
500 0.030199958771387342
510 0.030199958771387342
520 0.030199958771387342
530 0.030199958771387342
540 0.030199958771387342
550 0.030199958771387342
560 0.030199958771387342
570 0.030199958771387342
580 0.030199958771387342
590 0.030199958771387342
600 0.030199958771387342
610 0.030199958771387342
620 0.030199958771387342
630 0.030199958771387342
640 0.030199958771387342
650 0.030199958771387342
660 0.030199958771387342
670 0.030199958771387342
680 0.030199958771387342
690 0.030199958771387342
700 0.030199958771387342
710 0.030199958771387342
720 0.030199958771387342
730 0.030199958771387342
740 0.030199958771387342
750 0.030199958771387342
760 0.030199958771387342
770 0.030199958771387342
780 0.030199958771387342
790 0.030199958771387342
800 0.030199958771387342
810 0.030199958771387342
820 0.030199958771387342
830 0.030199958771387342
840 0.030199958771387342
850 0.030199958771387342
860 0.030199958771387342
870 0.030199958771387342
880 0.030199958771387342
890 0.030199958771387342
900 0.030199958771387342
910 0.030199958771387342
920 0.030199958771387342
930 0.030199958771387342
940 0.030199958771387342
950 0.030199958771387342
960 0.030199958771387342
970 0.030199958771387342
980 0.030199958771387342
990 0.030199958771387342
1000 0.030818387961245104
