# Data for router 0
0 0.0
1 0.0
2 0.0
3 0.0
4 0.0
5 0.0
6 0.0
7 0.0
8 0.0
9 0.0
10 0.0
11 0.0
12 0.0
13 0.0
14 0.0
15 0.0
16 0.0
17 0.0
18 0.0
19 0.0
20 0.0
21 0.005772005772005772
22 0.011544011544011544
23 0.01834673263244692
24 0.023088023088023088
25 0.0282415996701711
26 0.03277674706246135
27 0.03277674706246135
28 0.03277674706246135
29 0.03277674706246135
30 0.03277674706246135
31 0.03277674706246135
32 0.03277674706246135
33 0.03277674706246135
34 0.03277674706246135
35 0.03277674706246135
36 0.03277674706246135
37 0.03277674706246135
38 0.03277674706246135
39 0.03277674706246135
40 0.03277674706246135
41 0.03277674706246135
42 0.03277674706246135
43 0.03277674706246135
44 0.03277674706246135
45 0.03277674706246135
46 0.03277674706246135
47 0.03277674706246135
48 0.03277674706246135
49 0.03277674706246135
50 0.03277674706246135
51 0.03277674706246135
52 0.03277674706246135
53 0.03277674706246135
54 0.03277674706246135
55 0.03277674706246135
56 0.03277674706246135
57 0.03277674706246135
58 0.03277674706246135
59 0.03277674706246135
60 0.03277674706246135
61 0.03277674706246135
62 0.03277674706246135
63 0.03277674706246135
64 0.03277674706246135
65 0.03277674706246135
66 0.03277674706246135
67 0.03277674706246135
68 0.0474129045557617
69 0.0474129045557617
70 0.061945990517419086
71 0.061945990517419086
72 0.07730364873222016
73 0.07730364873222016
74 0.09266130694702124
75 0.09266130694702124
76 0.10709132137703566
77 0.10709132137703566
78 0.12265512265512266
79 0.12265512265512266
80 0.12265512265512266
81 0.12265512265512266
82 0.12265512265512266
83 0.12265512265512266
84 0.12265512265512266
85 0.12265512265512266
86 0.12265512265512266
87 0.12265512265512266
88 0.12265512265512266
89 0.12265512265512266
90 0.12265512265512266
91 0.12265512265512266
92 0.12265512265512266
93 0.12265512265512266
94 0.12265512265512266
95 0.12265512265512266
96 0.12265512265512266
97 0.12265512265512266
98 0.12265512265512266
99 0.12265512265512266
100 0.13038548752834467
101 0.13038548752834467
102 0.13038548752834467
103 0.13038548752834467
104 0.13038548752834467
105 0.13038548752834467
106 0.13038548752834467
107 0.13038548752834467
108 0.13038548752834467
109 0.13038548752834467
110 0.13038548752834467
111 0.13038548752834467
112 0.13038548752834467
113 0.13038548752834467
114 0.13038548752834467
115 0.13038548752834467
116 0.13038548752834467
117 0.13038548752834467
118 0.13038548752834467
119 0.13038548752834467
120 0.13038548752834467
121 0.13038548752834467
122 0.13038548752834467
123 0.13038548752834467
124 0.13038548752834467
125 0.13038548752834467
126 0.13038548752834467
127 0.13038548752834467
128 0.13038548752834467
129 0.13038548752834467
130 0.13038548752834467
131 0.13038548752834467
132 0.13038548752834467
133 0.13038548752834467
134 0.13038548752834467
135 0.13038548752834467
136 0.13038548752834467
137 0.13038548752834467
138 0.13038548752834467
139 0.13038548752834467
140 0.13038548752834467
141 0.13162234590806018
142 0.13162234590806018
143 0.13162234590806018
144 0.13285920428777573
145 0.13285920428777573
146 0.13285920428777573
147 0.1349206349206349
148 0.1349206349206349
149 0.1349206349206349
150 0.1362605648319934
151 0.1362605648319934
152 0.1362605648319934
153 0.13749742321170894
154 0.13749742321170894
155 0.13749742321170894
156 0.13873428159142445
157 0.13873428159142445
158 0.13873428159142445
159 0.13873428159142445
160 0.13873428159142445
161 0.13873428159142445
162 0.13873428159142445
163 0.13873428159142445
164 0.13873428159142445
165 0.13873428159142445
166 0.13873428159142445
167 0.13873428159142445
168 0.13873428159142445
169 0.13873428159142445
170 0.13873428159142445
171 0.13873428159142445
172 0.13873428159142445
173 0.13873428159142445
174 0.13873428159142445
175 0.13873428159142445
176 0.13873428159142445
177 0.13873428159142445
178 0.13873428159142445
179 0.13873428159142445
180 0.13873428159142445
181 0.13873428159142445
182 0.13873428159142445
183 0.13873428159142445
184 0.13873428159142445
185 0.13873428159142445
186 0.13873428159142445
187 0.13873428159142445
188 0.13873428159142445
189 0.13873428159142445
190 0.13873428159142445
191 0.13873428159142445
192 0.13873428159142445
193 0.13873428159142445
194 0.13873428159142445
195 0.13873428159142445
196 0.13873428159142445
197 0.13873428159142445
198 0.13873428159142445
199 0.13873428159142445
200 0.13224077509791796
201 0.13224077509791796
202 0.13224077509791796
203 0.13224077509791796
204 0.13224077509791796
205 0.13224077509791796
206 0.13224077509791796
207 0.13224077509791796
208 0.13224077509791796
209 0.13224077509791796
210 0.13224077509791796
211 0.13224077509791796
212 0.13224077509791796
213 0.13224077509791796
214 0.13224077509791796
215 0.13224077509791796
216 0.13224077509791796
217 0.13224077509791796
218 0.13224077509791796
219 0.13224077509791796
220 0.13224077509791796
221 0.13224077509791796
222 0.13224077509791796
223 0.13224077509791796
224 0.13224077509791796
225 0.13224077509791796
226 0.13224077509791796
227 0.13224077509791796
228 0.13224077509791796
229 0.13224077509791796
230 0.13224077509791796
231 0.13224077509791796
232 0.13224077509791796
233 0.13224077509791796
234 0.13224077509791796
235 0.13224077509791796
236 0.13224077509791796
237 0.13224077509791796
238 0.13224077509791796
239 0.13224077509791796
240 0.13224077509791796
241 0.13224077509791796
242 0.13224077509791796
243 0.13224077509791796
244 0.13224077509791796
245 0.13224077509791796
246 0.13224077509791796
247 0.13224077509791796
248 0.13224077509791796
249 0.13224077509791796
250 0.13224077509791796
251 0.13224077509791796
252 0.13224077509791796
253 0.13224077509791796
254 0.13224077509791796
255 0.13224077509791796
256 0.13224077509791796
257 0.13224077509791796
258 0.13224077509791796
259 0.13224077509791796
260 0.13224077509791796
261 0.13224077509791796
262 0.13224077509791796
263 0.13224077509791796
264 0.13224077509791796
265 0.13224077509791796
266 0.13224077509791796
267 0.13224077509791796
268 0.13224077509791796
269 0.13224077509791796
270 0.13224077509791796
271 0.13224077509791796
272 0.13224077509791796
273 0.13224077509791796
274 0.13224077509791796
275 0.13224077509791796
276 0.13224077509791796
277 0.13224077509791796
278 0.13224077509791796
279 0.13224077509791796
280 0.13224077509791796
281 0.13224077509791796
282 0.13224077509791796
283 0.13224077509791796
284 0.13224077509791796
285 0.13224077509791796
286 0.13224077509791796
287 0.13224077509791796
288 0.13224077509791796
289 0.13224077509791796
290 0.13224077509791796
291 0.13224077509791796
292 0.13224077509791796
293 0.13224077509791796
294 0.13224077509791796
295 0.13224077509791796
296 0.13224077509791796
297 0.13224077509791796
298 0.13224077509791796
299 0.13224077509791796
300 0.13553906411049269
301 0.13553906411049269
302 0.13553906411049269
303 0.13553906411049269
304 0.13553906411049269
305 0.13553906411049269
306 0.13553906411049269
307 0.13553906411049269
308 0.13553906411049269
309 0.13553906411049269
310 0.13553906411049269
311 0.13553906411049269
312 0.13553906411049269
313 0.13553906411049269
314 0.13553906411049269
315 0.13553906411049269
316 0.13553906411049269
317 0.13553906411049269
318 0.13553906411049269
319 0.13553906411049269
320 0.13553906411049269
321 0.13553906411049269
322 0.13553906411049269
323 0.13553906411049269
324 0.13553906411049269
325 0.13553906411049269
326 0.13553906411049269
327 0.13553906411049269
328 0.13553906411049269
329 0.13553906411049269
330 0.13553906411049269
331 0.13553906411049269
332 0.13553906411049269
333 0.13553906411049269
334 0.13553906411049269
335 0.13553906411049269
336 0.13553906411049269
337 0.13553906411049269
338 0.13553906411049269
339 0.13553906411049269
340 0.13553906411049269
341 0.13553906411049269
342 0.13553906411049269
343 0.13553906411049269
344 0.13553906411049269
345 0.13553906411049269
346 0.13553906411049269
347 0.13553906411049269
348 0.13553906411049269
349 0.13553906411049269
350 0.13553906411049269
