# Data for router 1
0 0.0
1 0.0
2 0.0
3 0.0
4 0.0
5 0.0
6 0.0
7 0.0
8 0.0
9 0.0
10 0.0
11 0.0
12 0.0
13 0.0
14 0.0
15 0.0
16 0.0
17 0.0
18 0.0
19 0.0
20 0.0
21 0.05297876726448155
22 0.11028653885796742
23 0.1717171717171717
24 0.23118944547515977
25 0.29107400535971967
26 0.3479694908266337
27 0.3479694908266337
28 0.3479694908266337
29 0.3479694908266337
30 0.3479694908266337
31 0.3479694908266337
32 0.3479694908266337
33 0.3479694908266337
34 0.3479694908266337
35 0.3479694908266337
36 0.3479694908266337
37 0.3479694908266337
38 0.3479694908266337
39 0.3479694908266337
40 0.3479694908266337
41 0.3479694908266337
42 0.3479694908266337
43 0.3479694908266337
44 0.3479694908266337
45 0.3479694908266337
46 0.3479694908266337
47 0.3479694908266337
48 0.3479694908266337
49 0.3479694908266337
50 0.3479694908266337
51 0.3479694908266337
52 0.3479694908266337
53 0.3479694908266337
54 0.3479694908266337
55 0.3479694908266337
56 0.3479694908266337
57 0.3479694908266337
58 0.3479694908266337
59 0.3479694908266337
60 0.3479694908266337
61 0.3479694908266337
62 0.3479694908266337
63 0.3479694908266337
64 0.3479694908266337
65 0.3479694908266337
66 0.3479694908266337
67 0.3479694908266337
68 0.39888682745825604
69 0.39888682745825604
70 0.4515563801278087
71 0.4515563801278087
72 0.5037105751391465
73 0.5037105751391465
74 0.556895485466914
75 0.556895485466914
76 0.6121418264275407
77 0.6121418264275407
78 0.6647083075654504
79 0.6647083075654504
80 0.6647083075654504
81 0.6647083075654504
82 0.6647083075654504
83 0.6647083075654504
84 0.6647083075654504
85 0.6647083075654504
86 0.6647083075654504
87 0.6647083075654504
88 0.6647083075654504
89 0.6647083075654504
90 0.6647083075654504
91 0.6647083075654504
92 0.6647083075654504
93 0.6647083075654504
94 0.6647083075654504
95 0.6647083075654504
96 0.6647083075654504
97 0.6647083075654504
98 0.6647083075654504
99 0.6647083075654504
100 0.6586270871985158
101 0.6586270871985158
102 0.6586270871985158
103 0.6586270871985158
104 0.6586270871985158
105 0.6586270871985158
106 0.6586270871985158
107 0.6586270871985158
108 0.6586270871985158
109 0.6586270871985158
110 0.6586270871985158
111 0.6586270871985158
112 0.6586270871985158
113 0.6586270871985158
114 0.6586270871985158
115 0.6586270871985158
116 0.6586270871985158
117 0.6586270871985158
118 0.6586270871985158
119 0.6586270871985158
120 0.6586270871985158
121 0.6586270871985158
122 0.6586270871985158
123 0.6586270871985158
124 0.6586270871985158
125 0.6586270871985158
126 0.6586270871985158
127 0.6586270871985158
128 0.6586270871985158
129 0.6586270871985158
130 0.6586270871985158
131 0.6586270871985158
132 0.6586270871985158
133 0.6586270871985158
134 0.6586270871985158
135 0.6586270871985158
136 0.6586270871985158
137 0.6586270871985158
138 0.6586270871985158
139 0.6586270871985158
140 0.6586270871985158
141 0.6798598227169655
142 0.6798598227169655
143 0.6798598227169655
144 0.7049062049062049
145 0.7049062049062049
146 0.7049062049062049
147 0.7283034425891569
148 0.7283034425891569
149 0.7283034425891569
150 0.7534528963100392
151 0.7534528963100392
152 0.7534528963100392
153 0.7754071325499897
154 0.7754071325499897
155 0.7754071325499897
156 0.7981859410430839
157 0.7981859410430839
158 0.7981859410430839
159 0.7981859410430839
160 0.7981859410430839
161 0.7981859410430839
162 0.7981859410430839
163 0.7981859410430839
164 0.7981859410430839
165 0.7981859410430839
166 0.7981859410430839
167 0.7981859410430839
168 0.7981859410430839
169 0.7981859410430839
170 0.7981859410430839
171 0.7981859410430839
172 0.7981859410430839
173 0.7981859410430839
174 0.7981859410430839
175 0.7981859410430839
176 0.7981859410430839
177 0.7981859410430839
178 0.7981859410430839
179 0.7981859410430839
180 0.7981859410430839
181 0.7981859410430839
182 0.7981859410430839
183 0.7981859410430839
184 0.7981859410430839
185 0.7981859410430839
186 0.7981859410430839
187 0.7981859410430839
188 0.7981859410430839
189 0.7981859410430839
190 0.7981859410430839
191 0.7981859410430839
192 0.7981859410430839
193 0.7981859410430839
194 0.7981859410430839
195 0.7981859410430839
196 0.7981859410430839
197 0.7981859410430839
198 0.7981859410430839
199 0.7981859410430839
200 0.8038548752834467
201 0.8038548752834467
202 0.8038548752834467
203 0.8038548752834467
204 0.8038548752834467
205 0.8038548752834467
206 0.8038548752834467
207 0.8038548752834467
208 0.8038548752834467
209 0.8038548752834467
210 0.8038548752834467
211 0.8038548752834467
212 0.8038548752834467
213 0.8038548752834467
214 0.8038548752834467
215 0.8038548752834467
216 0.8038548752834467
217 0.8038548752834467
218 0.8038548752834467
219 0.8038548752834467
220 0.8038548752834467
221 0.8038548752834467
222 0.8038548752834467
223 0.8038548752834467
224 0.8038548752834467
225 0.8038548752834467
226 0.8038548752834467
227 0.8038548752834467
228 0.8038548752834467
229 0.8038548752834467
230 0.8038548752834467
231 0.8038548752834467
232 0.8038548752834467
233 0.8038548752834467
234 0.8038548752834467
235 0.8038548752834467
236 0.8038548752834467
237 0.8038548752834467
238 0.8038548752834467
239 0.8038548752834467
240 0.8059163059163059
241 0.8059163059163059
242 0.8059163059163059
243 0.8059163059163059
244 0.8085961657390229
245 0.8085961657390229
246 0.8085961657390229
247 0.8085961657390229
248 0.8110698824984539
249 0.8110698824984539
250 0.8110698824984539
251 0.8110698824984539
252 0.8127190270047413
253 0.8127190270047413
254 0.8127190270047413
255 0.8127190270047413
256 0.8147804576376005
257 0.8147804576376005
258 0.8147804576376005
259 0.8147804576376005
260 0.8166357452071737
261 0.8166357452071737
262 0.8166357452071737
263 0.8166357452071737
264 0.8166357452071737
265 0.8166357452071737
266 0.8166357452071737
267 0.8166357452071737
268 0.8166357452071737
269 0.8166357452071737
270 0.8166357452071737
271 0.8166357452071737
272 0.8166357452071737
273 0.8166357452071737
274 0.8166357452071737
275 0.8166357452071737
276 0.8166357452071737
277 0.8166357452071737
278 0.8166357452071737
279 0.8166357452071737
280 0.8166357452071737
281 0.8166357452071737
282 0.8166357452071737
283 0.8166357452071737
284 0.8166357452071737
285 0.8166357452071737
286 0.8166357452071737
287 0.8166357452071737
288 0.8166357452071737
289 0.8166357452071737
290 0.8166357452071737
291 0.8166357452071737
292 0.8166357452071737
293 0.8166357452071737
294 0.8166357452071737
295 0.8166357452071737
296 0.8166357452071737
297 0.8166357452071737
298 0.8166357452071737
299 0.8166357452071737
300 0.8118944547515976
301 0.8118944547515976
302 0.8118944547515976
303 0.8118944547515976
304 0.8118944547515976
305 0.8118944547515976
306 0.8118944547515976
307 0.8118944547515976
308 0.8118944547515976
309 0.8118944547515976
310 0.8118944547515976
311 0.8118944547515976
312 0.8118944547515976
313 0.8118944547515976
314 0.8118944547515976
315 0.8118944547515976
316 0.8118944547515976
317 0.8118944547515976
318 0.8118944547515976
319 0.8118944547515976
320 0.8118944547515976
321 0.8118944547515976
322 0.8118944547515976
323 0.8118944547515976
324 0.8118944547515976
325 0.8118944547515976
326 0.8118944547515976
327 0.8118944547515976
328 0.8118944547515976
329 0.8118944547515976
330 0.8118944547515976
331 0.8118944547515976
332 0.8118944547515976
333 0.8118944547515976
334 0.8118944547515976
335 0.8118944547515976
336 0.8118944547515976
337 0.8118944547515976
338 0.8118944547515976
339 0.8118944547515976
340 0.8118944547515976
341 0.8118944547515976
342 0.8118944547515976
343 0.8118944547515976
344 0.8118944547515976
345 0.8118944547515976
346 0.8118944547515976
347 0.8118944547515976
348 0.8118944547515976
349 0.8118944547515976
350 0.8118944547515976
