# Data for router 2
0 0.0
1 0.0
2 0.0
3 0.0
4 0.0
5 0.0
6 0.0
7 0.0
8 0.0
9 0.0
10 0.0
11 0.0
12 0.0
13 0.0
14 0.0
15 0.0
16 0.0
17 0.0
18 0.0
19 0.0
20 0.0
21 0.004947433518862091
22 0.00937950937950938
23 0.015357658214801072
24 0.0196866625438054
25 0.02484023912595341
26 0.031024531024531024
27 0.031024531024531024
28 0.031024531024531024
29 0.031024531024531024
30 0.031024531024531024
31 0.031024531024531024
32 0.031024531024531024
33 0.031024531024531024
34 0.031024531024531024
35 0.031024531024531024
36 0.031024531024531024
37 0.031024531024531024
38 0.031024531024531024
39 0.031024531024531024
40 0.031024531024531024
41 0.031024531024531024
42 0.031024531024531024
43 0.031024531024531024
44 0.031024531024531024
45 0.031024531024531024
46 0.031024531024531024
47 0.031024531024531024
48 0.031024531024531024
49 0.031024531024531024
50 0.031024531024531024
51 0.031024531024531024
52 0.031024531024531024
53 0.031024531024531024
54 0.031024531024531024
55 0.031024531024531024
56 0.031024531024531024
57 0.031024531024531024
58 0.031024531024531024
59 0.031024531024531024
60 0.031024531024531024
61 0.031024531024531024
62 0.031024531024531024
63 0.031024531024531024
64 0.031024531024531024
65 0.031024531024531024
66 0.031024531024531024
67 0.031024531024531024
68 0.04421768707482993
69 0.04421768707482993
70 0.05772005772005772
71 0.05772005772005772
72 0.0722531436817151
73 0.0722531436817151
74 0.08864151721294579
75 0.08864151721294579
76 0.1015254586683158
77 0.1015254586683158
78 0.11564625850340136
79 0.11564625850340136
80 0.11564625850340136
81 0.11564625850340136
82 0.11564625850340136
83 0.11564625850340136
84 0.11564625850340136
85 0.11564625850340136
86 0.11564625850340136
87 0.11564625850340136
88 0.11564625850340136
89 0.11564625850340136
90 0.11564625850340136
91 0.11564625850340136
92 0.11564625850340136
93 0.11564625850340136
94 0.11564625850340136
95 0.11564625850340136
96 0.11564625850340136
97 0.11564625850340136
98 0.11564625850340136
99 0.11564625850340136
100 0.10636982065553494
101 0.10636982065553494
102 0.10636982065553494
103 0.10636982065553494
104 0.10636982065553494
105 0.10636982065553494
106 0.10636982065553494
107 0.10636982065553494
108 0.10636982065553494
109 0.10636982065553494
110 0.10636982065553494
111 0.10636982065553494
112 0.10636982065553494
113 0.10636982065553494
114 0.10636982065553494
115 0.10636982065553494
116 0.10636982065553494
117 0.10636982065553494
118 0.10636982065553494
119 0.10636982065553494
120 0.10636982065553494
121 0.10636982065553494
122 0.10636982065553494
123 0.10636982065553494
124 0.10636982065553494
125 0.10636982065553494
126 0.10636982065553494
127 0.10636982065553494
128 0.10636982065553494
129 0.10636982065553494
130 0.10636982065553494
131 0.10636982065553494
132 0.10636982065553494
133 0.10636982065553494
134 0.10636982065553494
135 0.10636982065553494
136 0.10636982065553494
137 0.10636982065553494
138 0.10636982065553494
139 0.10636982065553494
140 0.10636982065553494
141 0.1075036075036075
142 0.1075036075036075
143 0.1075036075036075
144 0.10946196660482375
145 0.10946196660482375
146 0.10946196660482375
147 0.11069882498453927
148 0.11069882498453927
149 0.11069882498453927
150 0.11121418264275407
151 0.11121418264275407
152 0.11121418264275407
153 0.1124510410224696
154 0.1124510410224696
155 0.1124510410224696
156 0.11410018552875696
157 0.11410018552875696
158 0.11410018552875696
159 0.11410018552875696
160 0.11410018552875696
161 0.11410018552875696
162 0.11410018552875696
163 0.11410018552875696
164 0.11410018552875696
165 0.11410018552875696
166 0.11410018552875696
167 0.11410018552875696
168 0.11410018552875696
169 0.11410018552875696
170 0.11410018552875696
171 0.11410018552875696
172 0.11410018552875696
173 0.11410018552875696
174 0.11410018552875696
175 0.11410018552875696
176 0.11410018552875696
177 0.11410018552875696
178 0.11410018552875696
179 0.11410018552875696
180 0.11410018552875696
181 0.11410018552875696
182 0.11410018552875696
183 0.11410018552875696
184 0.11410018552875696
185 0.11410018552875696
186 0.11410018552875696
187 0.11410018552875696
188 0.11410018552875696
189 0.11410018552875696
190 0.11410018552875696
191 0.11410018552875696
192 0.11410018552875696
193 0.11410018552875696
194 0.11410018552875696
195 0.11410018552875696
196 0.11410018552875696
197 0.11410018552875696
198 0.11410018552875696
199 0.11410018552875696
200 0.1220366934652649
201 0.1220366934652649
202 0.1220366934652649
203 0.1220366934652649
204 0.1220366934652649
205 0.1220366934652649
206 0.1220366934652649
207 0.1220366934652649
208 0.1220366934652649
209 0.1220366934652649
210 0.1220366934652649
211 0.1220366934652649
212 0.1220366934652649
213 0.1220366934652649
214 0.1220366934652649
215 0.1220366934652649
216 0.1220366934652649
217 0.1220366934652649
218 0.1220366934652649
219 0.1220366934652649
220 0.1220366934652649
221 0.1220366934652649
222 0.1220366934652649
223 0.1220366934652649
224 0.1220366934652649
225 0.1220366934652649
226 0.1220366934652649
227 0.1220366934652649
228 0.1220366934652649
229 0.1220366934652649
230 0.1220366934652649
231 0.1220366934652649
232 0.1220366934652649
233 0.1220366934652649
234 0.1220366934652649
235 0.1220366934652649
236 0.1220366934652649
237 0.1220366934652649
238 0.1220366934652649
239 0.1220366934652649
240 0.1220366934652649
241 0.1220366934652649
242 0.1220366934652649
243 0.1220366934652649
244 0.1220366934652649
245 0.1220366934652649
246 0.1220366934652649
247 0.1220366934652649
248 0.1220366934652649
249 0.1220366934652649
250 0.1220366934652649
251 0.1220366934652649
252 0.1220366934652649
253 0.1220366934652649
254 0.1220366934652649
255 0.1220366934652649
256 0.1220366934652649
257 0.1220366934652649
258 0.1220366934652649
259 0.1220366934652649
260 0.1220366934652649
261 0.1220366934652649
262 0.1220366934652649
263 0.1220366934652649
264 0.1220366934652649
265 0.1220366934652649
266 0.1220366934652649
267 0.1220366934652649
268 0.1220366934652649
269 0.1220366934652649
270 0.1220366934652649
271 0.1220366934652649
272 0.1220366934652649
273 0.1220366934652649
274 0.1220366934652649
275 0.1220366934652649
276 0.1220366934652649
277 0.1220366934652649
278 0.1220366934652649
279 0.1220366934652649
280 0.1220366934652649
281 0.1220366934652649
282 0.1220366934652649
283 0.1220366934652649
284 0.1220366934652649
285 0.1220366934652649
286 0.1220366934652649
287 0.1220366934652649
288 0.1220366934652649
289 0.1220366934652649
290 0.1220366934652649
291 0.1220366934652649
292 0.1220366934652649
293 0.1220366934652649
294 0.1220366934652649
295 0.1220366934652649
296 0.1220366934652649
297 0.1220366934652649
298 0.1220366934652649
299 0.1220366934652649
300 0.12131519274376418
301 0.12131519274376418
302 0.12131519274376418
303 0.12131519274376418
304 0.12131519274376418
305 0.12131519274376418
306 0.12131519274376418
307 0.12131519274376418
308 0.12131519274376418
309 0.12131519274376418
310 0.12131519274376418
311 0.12131519274376418
312 0.12131519274376418
313 0.12131519274376418
314 0.12131519274376418
315 0.12131519274376418
316 0.12131519274376418
317 0.12131519274376418
318 0.12131519274376418
319 0.12131519274376418
320 0.12131519274376418
321 0.12131519274376418
322 0.12131519274376418
323 0.12131519274376418
324 0.12131519274376418
325 0.12131519274376418
326 0.12131519274376418
327 0.12131519274376418
328 0.12131519274376418
329 0.12131519274376418
330 0.12131519274376418
331 0.12131519274376418
332 0.12131519274376418
333 0.12131519274376418
334 0.12131519274376418
335 0.12131519274376418
336 0.12131519274376418
337 0.12131519274376418
338 0.12131519274376418
339 0.12131519274376418
340 0.12131519274376418
341 0.12131519274376418
342 0.12131519274376418
343 0.12131519274376418
344 0.12131519274376418
345 0.12131519274376418
346 0.12131519274376418
347 0.12131519274376418
348 0.12131519274376418
349 0.12131519274376418
350 0.12131519274376418
