# Data for router 4
0 0.0
1 0.0
2 0.0
3 0.0
4 0.0
5 0.0
6 0.0
7 0.0
8 0.0
9 0.0
10 0.0
11 0.0
12 0.0
13 0.0
14 0.0
15 0.0
16 0.0
17 0.0
18 0.0
19 0.0
20 0.0
21 0.0580292723149866
22 0.113997113997114
23 0.17635539064110492
24 0.23088023088023088
25 0.2842712842712843
26 0.3399299113584828
27 0.3399299113584828
28 0.3399299113584828
29 0.3399299113584828
30 0.3399299113584828
31 0.3399299113584828
32 0.3399299113584828
33 0.3399299113584828
34 0.3399299113584828
35 0.3399299113584828
36 0.3399299113584828
37 0.3399299113584828
38 0.3399299113584828
39 0.3399299113584828
40 0.3399299113584828
41 0.3399299113584828
42 0.3399299113584828
43 0.3399299113584828
44 0.3399299113584828
45 0.3399299113584828
46 0.3399299113584828
47 0.3399299113584828
48 0.3399299113584828
49 0.3399299113584828
50 0.3399299113584828
51 0.3399299113584828
52 0.3399299113584828
53 0.3399299113584828
54 0.3399299113584828
55 0.3399299113584828
56 0.3399299113584828
57 0.3399299113584828
58 0.3399299113584828
59 0.3399299113584828
60 0.3399299113584828
61 0.3399299113584828
62 0.3399299113584828
63 0.3399299113584828
64 0.3399299113584828
65 0.3399299113584828
66 0.3399299113584828
67 0.3399299113584828
68 0.39053803339517623
69 0.39053803339517623
70 0.4418676561533704
71 0.4418676561533704
72 0.49185734900020617
73 0.49185734900020617
74 0.5485466914038343
75 0.5485466914038343
76 0.5996701710987425
77 0.5996701710987425
78 0.6544011544011544
79 0.6544011544011544
80 0.6544011544011544
81 0.6544011544011544
82 0.6544011544011544
83 0.6544011544011544
84 0.6544011544011544
85 0.6544011544011544
86 0.6544011544011544
87 0.6544011544011544
88 0.6544011544011544
89 0.6544011544011544
90 0.6544011544011544
91 0.6544011544011544
92 0.6544011544011544
93 0.6544011544011544
94 0.6544011544011544
95 0.6544011544011544
96 0.6544011544011544
97 0.6544011544011544
98 0.6544011544011544
99 0.6544011544011544
100 0.6505875077303649
101 0.6505875077303649
102 0.6505875077303649
103 0.6505875077303649
104 0.6505875077303649
105 0.6505875077303649
106 0.6505875077303649
107 0.6505875077303649
108 0.6505875077303649
109 0.6505875077303649
110 0.6505875077303649
111 0.6505875077303649
112 0.6505875077303649
113 0.6505875077303649
114 0.6505875077303649
115 0.6505875077303649
116 0.6505875077303649
117 0.6505875077303649
118 0.6505875077303649
119 0.6505875077303649
120 0.6505875077303649
121 0.6505875077303649
122 0.6505875077303649
123 0.6505875077303649
124 0.6505875077303649
125 0.6505875077303649
126 0.6505875077303649
127 0.6505875077303649
128 0.6505875077303649
129 0.6505875077303649
130 0.6505875077303649
131 0.6505875077303649
132 0.6505875077303649
133 0.6505875077303649
134 0.6505875077303649
135 0.6505875077303649
136 0.6505875077303649
137 0.6505875077303649
138 0.6505875077303649
139 0.6505875077303649
140 0.6505875077303649
141 0.6739847454133169
142 0.6739847454133169
143 0.6739847454133169
144 0.6972789115646258
145 0.6972789115646258
146 0.6972789115646258
147 0.7183055040197898
148 0.7183055040197898
149 0.7183055040197898
150 0.740775097917955
151 0.740775097917955
152 0.740775097917955
153 0.7632446918161204
154 0.7632446918161204
155 0.7632446918161204
156 0.7871572871572872
157 0.7871572871572872
158 0.7871572871572872
159 0.7871572871572872
160 0.7871572871572872
161 0.7871572871572872
162 0.7871572871572872
163 0.7871572871572872
164 0.7871572871572872
165 0.7871572871572872
166 0.7871572871572872
167 0.7871572871572872
168 0.7871572871572872
169 0.7871572871572872
170 0.7871572871572872
171 0.7871572871572872
172 0.7871572871572872
173 0.7871572871572872
174 0.7871572871572872
175 0.7871572871572872
176 0.7871572871572872
177 0.7871572871572872
178 0.7871572871572872
179 0.7871572871572872
180 0.7871572871572872
181 0.7871572871572872
182 0.7871572871572872
183 0.7871572871572872
184 0.7871572871572872
185 0.7871572871572872
186 0.7871572871572872
187 0.7871572871572872
188 0.7871572871572872
189 0.7871572871572872
190 0.7871572871572872
191 0.7871572871572872
192 0.7871572871572872
193 0.7871572871572872
194 0.7871572871572872
195 0.7871572871572872
196 0.7871572871572872
197 0.7871572871572872
198 0.7871572871572872
199 0.7871572871572872
200 0.7891156462585034
201 0.7891156462585034
202 0.7891156462585034
203 0.7891156462585034
204 0.7891156462585034
205 0.7891156462585034
206 0.7891156462585034
207 0.7891156462585034
208 0.7891156462585034
209 0.7891156462585034
210 0.7891156462585034
211 0.7891156462585034
212 0.7891156462585034
213 0.7891156462585034
214 0.7891156462585034
215 0.7891156462585034
216 0.7891156462585034
217 0.7891156462585034
218 0.7891156462585034
219 0.7891156462585034
220 0.7891156462585034
221 0.7891156462585034
222 0.7891156462585034
223 0.7891156462585034
224 0.7891156462585034
225 0.7891156462585034
226 0.7891156462585034
227 0.7891156462585034
228 0.7891156462585034
229 0.7891156462585034
230 0.7891156462585034
231 0.7891156462585034
232 0.7891156462585034
233 0.7891156462585034
234 0.7891156462585034
235 0.7891156462585034
236 0.7891156462585034
237 0.7891156462585034
238 0.7891156462585034
239 0.7891156462585034
240 0.7934446505875077
241 0.7934446505875077
242 0.7934446505875077
243 0.7934446505875077
244 0.7965367965367965
245 0.7965367965367965
246 0.7965367965367965
247 0.7965367965367965
248 0.800556586270872
249 0.800556586270872
250 0.800556586270872
251 0.800556586270872
252 0.8032364460935889
253 0.8032364460935889
254 0.8032364460935889
255 0.8032364460935889
256 0.8066378066378066
257 0.8066378066378066
258 0.8066378066378066
259 0.8066378066378066
260 0.8094207379921665
261 0.8094207379921665
262 0.8094207379921665
263 0.8094207379921665
264 0.8094207379921665
265 0.8094207379921665
266 0.8094207379921665
267 0.8094207379921665
268 0.8094207379921665
269 0.8094207379921665
270 0.8094207379921665
271 0.8094207379921665
272 0.8094207379921665
273 0.8094207379921665
274 0.8094207379921665
275 0.8094207379921665
276 0.8094207379921665
277 0.8094207379921665
278 0.8094207379921665
279 0.8094207379921665
280 0.8094207379921665
281 0.8094207379921665
282 0.8094207379921665
283 0.8094207379921665
284 0.8094207379921665
285 0.8094207379921665
286 0.8094207379921665
287 0.8094207379921665
288 0.8094207379921665
289 0.8094207379921665
290 0.8094207379921665
291 0.8094207379921665
292 0.8094207379921665
293 0.8094207379921665
294 0.8094207379921665
295 0.8094207379921665
296 0.8094207379921665
297 0.8094207379921665
298 0.8094207379921665
299 0.8094207379921665
300 0.8026180169037311
301 0.8026180169037311
302 0.8026180169037311
303 0.8026180169037311
304 0.8026180169037311
305 0.8026180169037311
306 0.8026180169037311
307 0.8026180169037311
308 0.8026180169037311
309 0.8026180169037311
310 0.8026180169037311
311 0.8026180169037311
312 0.8026180169037311
313 0.8026180169037311
314 0.8026180169037311
315 0.8026180169037311
316 0.8026180169037311
317 0.8026180169037311
318 0.8026180169037311
319 0.8026180169037311
320 0.8026180169037311
321 0.8026180169037311
322 0.8026180169037311
323 0.8026180169037311
324 0.8026180169037311
325 0.8026180169037311
326 0.8026180169037311
327 0.8026180169037311
328 0.8026180169037311
329 0.8026180169037311
330 0.8026180169037311
331 0.8026180169037311
332 0.8026180169037311
333 0.8026180169037311
334 0.8026180169037311
335 0.8026180169037311
336 0.8026180169037311
337 0.8026180169037311
338 0.8026180169037311
339 0.8026180169037311
340 0.8026180169037311
341 0.8026180169037311
342 0.8026180169037311
343 0.8026180169037311
344 0.8026180169037311
345 0.8026180169037311
346 0.8026180169037311
347 0.8026180169037311
348 0.8026180169037311
349 0.8026180169037311
350 0.8026180169037311
