# Data for router 5
0 0.0
1 0.0
2 0.0
3 0.0
4 0.0
5 0.0
6 0.0
7 0.0
8 0.0
9 0.0
10 0.0
11 0.0
12 0.0
13 0.0
14 0.0
15 0.0
16 0.0
17 0.0
18 0.0
19 0.0
20 0.0
21 0.005462791177076891
22 0.012059369202226345
23 0.017109874252731395
24 0.022469593898165326
25 0.026798598227169654
26 0.031746031746031744
27 0.031746031746031744
28 0.031746031746031744
29 0.031746031746031744
30 0.031746031746031744
31 0.031746031746031744
32 0.031746031746031744
33 0.031746031746031744
34 0.031746031746031744
35 0.031746031746031744
36 0.031746031746031744
37 0.031746031746031744
38 0.031746031746031744
39 0.031746031746031744
40 0.031746031746031744
41 0.031746031746031744
42 0.031746031746031744
43 0.031746031746031744
44 0.031746031746031744
45 0.031746031746031744
46 0.031746031746031744
47 0.031746031746031744
48 0.031746031746031744
49 0.031746031746031744
50 0.031746031746031744
51 0.031746031746031744
52 0.031746031746031744
53 0.031746031746031744
54 0.031746031746031744
55 0.031746031746031744
56 0.031746031746031744
57 0.031746031746031744
58 0.031746031746031744
59 0.031746031746031744
60 0.031746031746031744
61 0.031746031746031744
62 0.031746031746031744
63 0.031746031746031744
64 0.031746031746031744
65 0.031746031746031744
66 0.031746031746031744
67 0.031746031746031744
68 0.04524840239125953
69 0.04524840239125953
70 0.05926613069470212
71 0.05926613069470212
72 0.07245928674500103
73 0.07245928674500103
74 0.0857555143269429
75 0.0857555143269429
76 0.09977324263038549
77 0.09977324263038549
78 0.11492475778190064
79 0.11492475778190064
80 0.11492475778190064
81 0.11492475778190064
82 0.11492475778190064
83 0.11492475778190064
84 0.11492475778190064
85 0.11492475778190064
86 0.11492475778190064
87 0.11492475778190064
88 0.11492475778190064
89 0.11492475778190064
90 0.11492475778190064
91 0.11492475778190064
92 0.11492475778190064
93 0.11492475778190064
94 0.11492475778190064
95 0.11492475778190064
96 0.11492475778190064
97 0.11492475778190064
98 0.11492475778190064
99 0.11492475778190064
100 0.11358482787054215
101 0.11358482787054215
102 0.11358482787054215
103 0.11358482787054215
104 0.11358482787054215
105 0.11358482787054215
106 0.11358482787054215
107 0.11358482787054215
108 0.11358482787054215
109 0.11358482787054215
110 0.11358482787054215
111 0.11358482787054215
112 0.11358482787054215
113 0.11358482787054215
114 0.11358482787054215
115 0.11358482787054215
116 0.11358482787054215
117 0.11358482787054215
118 0.11358482787054215
119 0.11358482787054215
120 0.11358482787054215
121 0.11358482787054215
122 0.11358482787054215
123 0.11358482787054215
124 0.11358482787054215
125 0.11358482787054215
126 0.11358482787054215
127 0.11358482787054215
128 0.11358482787054215
129 0.11358482787054215
130 0.11358482787054215
131 0.11358482787054215
132 0.11358482787054215
133 0.11358482787054215
134 0.11358482787054215
135 0.11358482787054215
136 0.11358482787054215
137 0.11358482787054215
138 0.11358482787054215
139 0.11358482787054215
140 0.11358482787054215
141 0.11523397237682952
142 0.11523397237682952
143 0.11523397237682952
144 0.11616161616161616
145 0.11616161616161616
146 0.11616161616161616
147 0.11647083075654505
148 0.11647083075654505
149 0.11647083075654505
150 0.1176046176046176
151 0.1176046176046176
152 0.1176046176046176
153 0.11873840445269017
154 0.11873840445269017
155 0.11873840445269017
156 0.11966604823747681
157 0.11966604823747681
158 0.11966604823747681
159 0.11966604823747681
160 0.11966604823747681
161 0.11966604823747681
162 0.11966604823747681
163 0.11966604823747681
164 0.11966604823747681
165 0.11966604823747681
166 0.11966604823747681
167 0.11966604823747681
168 0.11966604823747681
169 0.11966604823747681
170 0.11966604823747681
171 0.11966604823747681
172 0.11966604823747681
173 0.11966604823747681
174 0.11966604823747681
175 0.11966604823747681
176 0.11966604823747681
177 0.11966604823747681
178 0.11966604823747681
179 0.11966604823747681
180 0.11966604823747681
181 0.11966604823747681
182 0.11966604823747681
183 0.11966604823747681
184 0.11966604823747681
185 0.11966604823747681
186 0.11966604823747681
187 0.11966604823747681
188 0.11966604823747681
189 0.11966604823747681
190 0.11966604823747681
191 0.11966604823747681
192 0.11966604823747681
193 0.11966604823747681
194 0.11966604823747681
195 0.11966604823747681
196 0.11966604823747681
197 0.11966604823747681
198 0.11966604823747681
199 0.11966604823747681
200 0.11997526283240569
201 0.11997526283240569
202 0.11997526283240569
203 0.11997526283240569
204 0.11997526283240569
205 0.11997526283240569
206 0.11997526283240569
207 0.11997526283240569
208 0.11997526283240569
209 0.11997526283240569
210 0.11997526283240569
211 0.11997526283240569
212 0.11997526283240569
213 0.11997526283240569
214 0.11997526283240569
215 0.11997526283240569
216 0.11997526283240569
217 0.11997526283240569
218 0.11997526283240569
219 0.11997526283240569
220 0.11997526283240569
221 0.11997526283240569
222 0.11997526283240569
223 0.11997526283240569
224 0.11997526283240569
225 0.11997526283240569
226 0.11997526283240569
227 0.11997526283240569
228 0.11997526283240569
229 0.11997526283240569
230 0.11997526283240569
231 0.11997526283240569
232 0.11997526283240569
233 0.11997526283240569
234 0.11997526283240569
235 0.11997526283240569
236 0.11997526283240569
237 0.11997526283240569
238 0.11997526283240569
239 0.11997526283240569
240 0.11997526283240569
241 0.11997526283240569
242 0.11997526283240569
243 0.11997526283240569
244 0.11997526283240569
245 0.11997526283240569
246 0.11997526283240569
247 0.11997526283240569
248 0.11997526283240569
249 0.11997526283240569
250 0.11997526283240569
251 0.11997526283240569
252 0.11997526283240569
253 0.11997526283240569
254 0.11997526283240569
255 0.11997526283240569
256 0.11997526283240569
257 0.11997526283240569
258 0.11997526283240569
259 0.11997526283240569
260 0.11997526283240569
261 0.11997526283240569
262 0.11997526283240569
263 0.11997526283240569
264 0.11997526283240569
265 0.11997526283240569
266 0.11997526283240569
267 0.11997526283240569
268 0.11997526283240569
269 0.11997526283240569
270 0.11997526283240569
271 0.11997526283240569
272 0.11997526283240569
273 0.11997526283240569
274 0.11997526283240569
275 0.11997526283240569
276 0.11997526283240569
277 0.11997526283240569
278 0.11997526283240569
279 0.11997526283240569
280 0.11997526283240569
281 0.11997526283240569
282 0.11997526283240569
283 0.11997526283240569
284 0.11997526283240569
285 0.11997526283240569
286 0.11997526283240569
287 0.11997526283240569
288 0.11997526283240569
289 0.11997526283240569
290 0.11997526283240569
291 0.11997526283240569
292 0.11997526283240569
293 0.11997526283240569
294 0.11997526283240569
295 0.11997526283240569
296 0.11997526283240569
297 0.11997526283240569
298 0.11997526283240569
299 0.11997526283240569
300 0.12234590806019377
301 0.12234590806019377
302 0.12234590806019377
303 0.12234590806019377
304 0.12234590806019377
305 0.12234590806019377
306 0.12234590806019377
307 0.12234590806019377
308 0.12234590806019377
309 0.12234590806019377
310 0.12234590806019377
311 0.12234590806019377
312 0.12234590806019377
313 0.12234590806019377
314 0.12234590806019377
315 0.12234590806019377
316 0.12234590806019377
317 0.12234590806019377
318 0.12234590806019377
319 0.12234590806019377
320 0.12234590806019377
321 0.12234590806019377
322 0.12234590806019377
323 0.12234590806019377
324 0.12234590806019377
325 0.12234590806019377
326 0.12234590806019377
327 0.12234590806019377
328 0.12234590806019377
329 0.12234590806019377
330 0.12234590806019377
331 0.12234590806019377
332 0.12234590806019377
333 0.12234590806019377
334 0.12234590806019377
335 0.12234590806019377
336 0.12234590806019377
337 0.12234590806019377
338 0.12234590806019377
339 0.12234590806019377
340 0.12234590806019377
341 0.12234590806019377
342 0.12234590806019377
343 0.12234590806019377
344 0.12234590806019377
345 0.12234590806019377
346 0.12234590806019377
347 0.12234590806019377
348 0.12234590806019377
349 0.12234590806019377
350 0.12234590806019377
