# Data for router 3
0 0.0
1 0.0
2 0.0
3 0.0
4 0.0
5 0.0
6 0.0
7 0.0
8 0.0
9 0.0
10 0.0
11 0.0
12 0.0
13 0.0
14 0.0
15 0.0
16 0.0
17 0.0
18 0.0
19 0.0
20 0.0
21 0.0059781488352916926
22 0.011234796949082663
23 0.014945372088229231
24 0.018655947227375798
25 0.02411873840445269
26 0.02906617192331478
27 0.02906617192331478
28 0.02906617192331478
29 0.02906617192331478
30 0.02906617192331478
31 0.02906617192331478
32 0.02906617192331478
33 0.02906617192331478
34 0.02906617192331478
35 0.02906617192331478
36 0.02906617192331478
37 0.02906617192331478
38 0.02906617192331478
39 0.02906617192331478
40 0.02906617192331478
41 0.02906617192331478
42 0.02906617192331478
43 0.02906617192331478
44 0.02906617192331478
45 0.02906617192331478
46 0.02906617192331478
47 0.02906617192331478
48 0.02906617192331478
49 0.02906617192331478
50 0.02906617192331478
51 0.02906617192331478
52 0.02906617192331478
53 0.02906617192331478
54 0.02906617192331478
55 0.02906617192331478
56 0.02906617192331478
57 0.02906617192331478
58 0.02906617192331478
59 0.02906617192331478
60 0.02906617192331478
61 0.02906617192331478
62 0.02906617192331478
63 0.02906617192331478
64 0.02906617192331478
65 0.02906617192331478
66 0.02906617192331478
67 0.02906617192331478
68 0.041743970315398886
69 0.041743970315398886
70 0.05411255411255411
71 0.05411255411255411
72 0.06895485466914038
73 0.06895485466914038
74 0.08348794063079777
75 0.08348794063079777
76 0.09729952587095445
77 0.09729952587095445
78 0.11193568336425479
79 0.11193568336425479
80 0.11193568336425479
81 0.11193568336425479
82 0.11193568336425479
83 0.11193568336425479
84 0.11193568336425479
85 0.11193568336425479
86 0.11193568336425479
87 0.11193568336425479
88 0.11193568336425479
89 0.11193568336425479
90 0.11193568336425479
91 0.11193568336425479
92 0.11193568336425479
93 0.11193568336425479
94 0.11193568336425479
95 0.11193568336425479
96 0.11193568336425479
97 0.11193568336425479
98 0.11193568336425479
99 0.11193568336425479
100 0.11471861471861472
101 0.11471861471861472
102 0.11471861471861472
103 0.11471861471861472
104 0.11471861471861472
105 0.11471861471861472
106 0.11471861471861472
107 0.11471861471861472
108 0.11471861471861472
109 0.11471861471861472
110 0.11471861471861472
111 0.11471861471861472
112 0.11471861471861472
113 0.11471861471861472
114 0.11471861471861472
115 0.11471861471861472
116 0.11471861471861472
117 0.11471861471861472
118 0.11471861471861472
119 0.11471861471861472
120 0.11471861471861472
121 0.11471861471861472
122 0.11471861471861472
123 0.11471861471861472
124 0.11471861471861472
125 0.11471861471861472
126 0.11471861471861472
127 0.11471861471861472
128 0.11471861471861472
129 0.11471861471861472
130 0.11471861471861472
131 0.11471861471861472
132 0.11471861471861472
133 0.11471861471861472
134 0.11471861471861472
135 0.11471861471861472
136 0.11471861471861472
137 0.11471861471861472
138 0.11471861471861472
139 0.11471861471861472
140 0.11471861471861472
141 0.11626468769325912
142 0.11626468769325912
143 0.11626468769325912
144 0.11750154607297464
145 0.11750154607297464
146 0.11750154607297464
147 0.11801690373118945
148 0.11801690373118945
149 0.11801690373118945
150 0.11956297670583385
151 0.11956297670583385
152 0.11956297670583385
153 0.12018140589569161
154 0.12018140589569161
155 0.12018140589569161
156 0.12110904968047825
157 0.12110904968047825
158 0.12110904968047825
159 0.12110904968047825
160 0.12110904968047825
161 0.12110904968047825
162 0.12110904968047825
163 0.12110904968047825
164 0.12110904968047825
165 0.12110904968047825
166 0.12110904968047825
167 0.12110904968047825
168 0.12110904968047825
169 0.12110904968047825
170 0.12110904968047825
171 0.12110904968047825
172 0.12110904968047825
173 0.12110904968047825
174 0.12110904968047825
175 0.12110904968047825
176 0.12110904968047825
177 0.12110904968047825
178 0.12110904968047825
179 0.12110904968047825
180 0.12110904968047825
181 0.12110904968047825
182 0.12110904968047825
183 0.12110904968047825
184 0.12110904968047825
185 0.12110904968047825
186 0.12110904968047825
187 0.12110904968047825
188 0.12110904968047825
189 0.12110904968047825
190 0.12110904968047825
191 0.12110904968047825
192 0.12110904968047825
193 0.12110904968047825
194 0.12110904968047825
195 0.12110904968047825
196 0.12110904968047825
197 0.12110904968047825
198 0.12110904968047825
199 0.12110904968047825
200 0.11781076066790352
201 0.11781076066790352
202 0.11781076066790352
203 0.11781076066790352
204 0.11781076066790352
205 0.11781076066790352
206 0.11781076066790352
207 0.11781076066790352
208 0.11781076066790352
209 0.11781076066790352
210 0.11781076066790352
211 0.11781076066790352
212 0.11781076066790352
213 0.11781076066790352
214 0.11781076066790352
215 0.11781076066790352
216 0.11781076066790352
217 0.11781076066790352
218 0.11781076066790352
219 0.11781076066790352
220 0.11781076066790352
221 0.11781076066790352
222 0.11781076066790352
223 0.11781076066790352
224 0.11781076066790352
225 0.11781076066790352
226 0.11781076066790352
227 0.11781076066790352
228 0.11781076066790352
229 0.11781076066790352
230 0.11781076066790352
231 0.11781076066790352
232 0.11781076066790352
233 0.11781076066790352
234 0.11781076066790352
235 0.11781076066790352
236 0.11781076066790352
237 0.11781076066790352
238 0.11781076066790352
239 0.11781076066790352
240 0.11781076066790352
241 0.11781076066790352
242 0.11781076066790352
243 0.11781076066790352
244 0.11781076066790352
245 0.11781076066790352
246 0.11781076066790352
247 0.11781076066790352
248 0.11781076066790352
249 0.11781076066790352
250 0.11781076066790352
251 0.11781076066790352
252 0.11781076066790352
253 0.11781076066790352
254 0.11781076066790352
255 0.11781076066790352
256 0.11781076066790352
257 0.11781076066790352
258 0.11781076066790352
259 0.11781076066790352
260 0.11781076066790352
261 0.11781076066790352
262 0.11781076066790352
263 0.11781076066790352
264 0.11781076066790352
265 0.11781076066790352
266 0.11781076066790352
267 0.11781076066790352
268 0.11781076066790352
269 0.11781076066790352
270 0.11781076066790352
271 0.11781076066790352
272 0.11781076066790352
273 0.11781076066790352
274 0.11781076066790352
275 0.11781076066790352
276 0.11781076066790352
277 0.11781076066790352
278 0.11781076066790352
279 0.11781076066790352
280 0.11781076066790352
281 0.11781076066790352
282 0.11781076066790352
283 0.11781076066790352
284 0.11781076066790352
285 0.11781076066790352
286 0.11781076066790352
287 0.11781076066790352
288 0.11781076066790352
289 0.11781076066790352
290 0.11781076066790352
291 0.11781076066790352
292 0.11781076066790352
293 0.11781076066790352
294 0.11781076066790352
295 0.11781076066790352
296 0.11781076066790352
297 0.11781076066790352
298 0.11781076066790352
299 0.11781076066790352
300 0.12007833436404865
301 0.12007833436404865
302 0.12007833436404865
303 0.12007833436404865
304 0.12007833436404865
305 0.12007833436404865
306 0.12007833436404865
307 0.12007833436404865
308 0.12007833436404865
309 0.12007833436404865
310 0.12007833436404865
311 0.12007833436404865
312 0.12007833436404865
313 0.12007833436404865
314 0.12007833436404865
315 0.12007833436404865
316 0.12007833436404865
317 0.12007833436404865
318 0.12007833436404865
319 0.12007833436404865
320 0.12007833436404865
321 0.12007833436404865
322 0.12007833436404865
323 0.12007833436404865
324 0.12007833436404865
325 0.12007833436404865
326 0.12007833436404865
327 0.12007833436404865
328 0.12007833436404865
329 0.12007833436404865
330 0.12007833436404865
331 0.12007833436404865
332 0.12007833436404865
333 0.12007833436404865
334 0.12007833436404865
335 0.12007833436404865
336 0.12007833436404865
337 0.12007833436404865
338 0.12007833436404865
339 0.12007833436404865
340 0.12007833436404865
341 0.12007833436404865
342 0.12007833436404865
343 0.12007833436404865
344 0.12007833436404865
345 0.12007833436404865
346 0.12007833436404865
347 0.12007833436404865
348 0.12007833436404865
349 0.12007833436404865
350 0.12007833436404865
