# Data for router 2
0 0.0
10 0.0
20 0.0
30 0.022881880024737167
40 0.022881880024737167
50 0.022881880024737167
60 0.022881880024737167
70 0.022881880024737167
80 0.06947021232735519
90 0.10791589363017934
100 0.10791589363017934
110 0.10791589363017934
120 0.10791589363017934
130 0.10791589363017934
140 0.10791589363017934
150 0.10853432282003711
160 0.11358482787054215
170 0.11750154607297464
180 0.12028447742733457
190 0.12028447742733457
200 0.12028447742733457
210 0.12028447742733457
220 0.12028447742733457
230 0.12028447742733457
240 0.12028447742733457
250 0.12028447742733457
260 0.12028447742733457
270 0.12028447742733457
280 0.12028447742733457
290 0.12028447742733457
300 0.12028447742733457
310 0.12028447742733457
320 0.12028447742733457
330 0.12028447742733457
340 0.12028447742733457
350 0.12028447742733457
360 0.12028447742733457
370 0.12028447742733457
380 0.12028447742733457
390 0.12028447742733457
400 0.12028447742733457
410 0.12028447742733457
420 0.12028447742733457
430 0.12028447742733457
440 0.12028447742733457
450 0.12028447742733457
460 0.12028447742733457
470 0.12028447742733457
480 0.12028447742733457
490 0.12028447742733457
500 0.12028447742733457
510 0.12028447742733457
520 0.12028447742733457
530 0.12028447742733457
540 0.12028447742733457
550 0.12028447742733457
560 0.12028447742733457
570 0.12028447742733457
580 0.12028447742733457
590 0.12028447742733457
600 0.12028447742733457
610 0.12028447742733457
620 0.12028447742733457
630 0.12028447742733457
640 0.12028447742733457
650 0.12028447742733457
660 0.12028447742733457
670 0.12028447742733457
680 0.12028447742733457
690 0.12028447742733457
700 0.12028447742733457
710 0.12028447742733457
720 0.12028447742733457
730 0.12028447742733457
740 0.12028447742733457
750 0.12028447742733457
760 0.12028447742733457
770 0.12028447742733457
780 0.12028447742733457
790 0.12028447742733457
800 0.12028447742733457
810 0.12028447742733457
820 0.12028447742733457
830 0.12028447742733457
840 0.12028447742733457
850 0.12028447742733457
860 0.12028447742733457
870 0.12028447742733457
880 0.12028447742733457
890 0.12028447742733457
900 0.12028447742733457
910 0.12028447742733457
920 0.12028447742733457
930 0.12028447742733457
940 0.12028447742733457
950 0.12028447742733457
960 0.12028447742733457
970 0.12028447742733457
980 0.12028447742733457
990 0.12028447742733457
1000 0.1261595547309833
