# Data for router 4
0 0.0
10 0.0
20 0.0
30 0.4754689754689755
40 0.4754689754689755
50 0.4754689754689755
60 0.4754689754689755
70 0.4754689754689755
80 0.6867656153370439
90 0.852298495155638
100 0.852298495155638
110 0.852298495155638
120 0.852298495155638
130 0.852298495155638
140 0.852298495155638
150 0.859925788497217
160 0.8872397443826016
170 0.9187796330653474
180 0.9369202226345084
190 0.9369202226345084
200 0.9369202226345084
210 0.9369202226345084
220 0.9369202226345084
230 0.9369202226345084
240 0.9369202226345084
250 0.9369202226345084
260 0.9383632240775098
270 0.9419707276850134
280 0.945475159760874
290 0.9503195217480932
300 0.9503195217480932
310 0.9503195217480932
320 0.9503195217480932
330 0.9503195217480932
340 0.9503195217480932
350 0.9503195217480932
360 0.9503195217480932
370 0.9503195217480932
380 0.9503195217480932
390 0.9503195217480932
400 0.950628736343022
410 0.950628736343022
420 0.950731807874665
430 0.9510410224695939
440 0.9511440940012369
450 0.9511440940012369
460 0.9511440940012369
470 0.9511440940012369
480 0.9511440940012369
490 0.9511440940012369
500 0.9511440940012369
510 0.9511440940012369
520 0.9511440940012369
530 0.9511440940012369
540 0.9511440940012369
550 0.9511440940012369
560 0.9511440940012369
570 0.9511440940012369
580 0.9511440940012369
590 0.9511440940012369
600 0.9511440940012369
610 0.9511440940012369
620 0.9511440940012369
630 0.9511440940012369
640 0.9511440940012369
650 0.9511440940012369
660 0.9511440940012369
670 0.9511440940012369
680 0.9511440940012369
690 0.9511440940012369
700 0.9511440940012369
710 0.9511440940012369
720 0.9511440940012369
730 0.9511440940012369
740 0.9511440940012369
750 0.9511440940012369
760 0.9511440940012369
770 0.9511440940012369
780 0.9511440940012369
790 0.9511440940012369
800 0.9511440940012369
810 0.9511440940012369
820 0.9511440940012369
830 0.9511440940012369
840 0.9511440940012369
850 0.9511440940012369
860 0.9511440940012369
870 0.9511440940012369
880 0.9511440940012369
890 0.9511440940012369
900 0.9511440940012369
910 0.9511440940012369
920 0.9511440940012369
930 0.9511440940012369
940 0.9511440940012369
950 0.9511440940012369
960 0.9511440940012369
970 0.9511440940012369
980 0.9511440940012369
990 0.9511440940012369
1000 0.9469181612038755
