# Data for router 8
0 0.0
10 0.0
20 0.0
30 0.02370645227788085
40 0.02370645227788085
50 0.02370645227788085
60 0.02370645227788085
70 0.02370645227788085
80 0.07369614512471655
90 0.11430632859204287
100 0.11430632859204287
110 0.11430632859204287
120 0.11430632859204287
130 0.11430632859204287
140 0.11430632859204287
150 0.11595547309833024
160 0.12141826427540713
170 0.12574726860441146
180 0.12935477221191508
190 0.12935477221191508
200 0.12935477221191508
210 0.12935477221191508
220 0.12935477221191508
230 0.12935477221191508
240 0.12935477221191508
250 0.12935477221191508
260 0.12935477221191508
270 0.12935477221191508
280 0.12935477221191508
290 0.12935477221191508
300 0.12935477221191508
310 0.12935477221191508
320 0.12935477221191508
330 0.12935477221191508
340 0.12935477221191508
350 0.12935477221191508
360 0.12935477221191508
370 0.12935477221191508
380 0.12935477221191508
390 0.12935477221191508
400 0.12935477221191508
410 0.12935477221191508
420 0.12935477221191508
430 0.12935477221191508
440 0.12935477221191508
450 0.12935477221191508
460 0.12935477221191508
470 0.12935477221191508
480 0.12935477221191508
490 0.12935477221191508
500 0.12935477221191508
510 0.12935477221191508
520 0.12935477221191508
530 0.12935477221191508
540 0.12935477221191508
550 0.12935477221191508
560 0.12935477221191508
570 0.12935477221191508
580 0.12935477221191508
590 0.12935477221191508
600 0.12935477221191508
610 0.12935477221191508
620 0.12935477221191508
630 0.12935477221191508
640 0.12935477221191508
650 0.12935477221191508
660 0.12935477221191508
670 0.12935477221191508
680 0.12935477221191508
690 0.12935477221191508
700 0.12935477221191508
710 0.12935477221191508
720 0.12935477221191508
730 0.12935477221191508
740 0.12935477221191508
750 0.12935477221191508
760 0.12935477221191508
770 0.12935477221191508
780 0.12935477221191508
790 0.12935477221191508
800 0.12935477221191508
810 0.12935477221191508
820 0.12935477221191508
830 0.12935477221191508
840 0.12935477221191508
850 0.12935477221191508
860 0.12935477221191508
870 0.12935477221191508
880 0.12935477221191508
890 0.12935477221191508
900 0.12935477221191508
910 0.12935477221191508
920 0.12935477221191508
930 0.12935477221191508
940 0.12935477221191508
950 0.12935477221191508
960 0.12935477221191508
970 0.12935477221191508
980 0.12935477221191508
990 0.12935477221191508
1000 0.12389198103483817
