# Data for router 6
0 0.0
10 0.0
20 0.0
30 0.02463409606266749
40 0.02463409606266749
50 0.02463409606266749
60 0.02463409606266749
70 0.02463409606266749
80 0.0766852195423624
90 0.11842918985776128
100 0.11842918985776128
110 0.11842918985776128
120 0.11842918985776128
130 0.11842918985776128
140 0.11842918985776128
150 0.11966604823747681
160 0.12399505256648113
170 0.12832405689548546
180 0.13090084518655948
190 0.13090084518655948
200 0.13090084518655948
210 0.13090084518655948
220 0.13090084518655948
230 0.13090084518655948
240 0.13090084518655948
250 0.13090084518655948
260 0.13090084518655948
270 0.13090084518655948
280 0.13090084518655948
290 0.13090084518655948
300 0.13090084518655948
310 0.13090084518655948
320 0.13090084518655948
330 0.13090084518655948
340 0.13090084518655948
350 0.13090084518655948
360 0.13090084518655948
370 0.13090084518655948
380 0.13090084518655948
390 0.13090084518655948
400 0.13090084518655948
410 0.13090084518655948
420 0.13090084518655948
430 0.13090084518655948
440 0.13090084518655948
450 0.13090084518655948
460 0.13090084518655948
470 0.13090084518655948
480 0.13090084518655948
490 0.13090084518655948
500 0.13090084518655948
510 0.13090084518655948
520 0.13090084518655948
530 0.13090084518655948
540 0.13090084518655948
550 0.13090084518655948
560 0.13090084518655948
570 0.13090084518655948
580 0.13090084518655948
590 0.13090084518655948
600 0.13090084518655948
610 0.13090084518655948
620 0.13090084518655948
630 0.13090084518655948
640 0.13090084518655948
650 0.13090084518655948
660 0.13090084518655948
670 0.13090084518655948
680 0.13090084518655948
690 0.13090084518655948
700 0.13090084518655948
710 0.13090084518655948
720 0.13090084518655948
730 0.13090084518655948
740 0.13090084518655948
750 0.13090084518655948
760 0.13090084518655948
770 0.13090084518655948
780 0.13090084518655948
790 0.13090084518655948
800 0.13090084518655948
810 0.13090084518655948
820 0.13090084518655948
830 0.13090084518655948
840 0.13090084518655948
850 0.13090084518655948
860 0.13090084518655948
870 0.13090084518655948
880 0.13090084518655948
890 0.13090084518655948
900 0.13090084518655948
910 0.13090084518655948
920 0.13090084518655948
930 0.13090084518655948
940 0.13090084518655948
950 0.13090084518655948
960 0.13090084518655948
970 0.13090084518655948
980 0.13090084518655948
990 0.13090084518655948
1000 0.12523191094619665
