# Data for router 7
0 0.0
10 0.0
20 0.0
30 0.2683982683982684
40 0.2683982683982684
50 0.2683982683982684
60 0.2683982683982684
70 0.2683982683982684
80 0.4371263656977943
90 0.5680272108843537
100 0.5680272108843537
110 0.5680272108843537
120 0.5680272108843537
130 0.5680272108843537
140 0.5680272108843537
150 0.5856524427952999
160 0.6395588538445681
170 0.6958359101216244
180 0.7327355184498041
190 0.7327355184498041
200 0.7327355184498041
210 0.7327355184498041
220 0.7327355184498041
230 0.7327355184498041
240 0.7327355184498041
250 0.7327355184498041
260 0.7354153782725211
270 0.7427334570191713
280 0.748505462791177
290 0.7544836116264688
300 0.7544836116264688
310 0.7544836116264688
320 0.7544836116264688
330 0.7544836116264688
340 0.7544836116264688
350 0.7544836116264688
360 0.7544836116264688
370 0.7544836116264688
380 0.7544836116264688
390 0.7544836116264688
400 0.7544836116264688
410 0.7545866831581117
420 0.7546897546897547
430 0.7548958977530406
440 0.7549989692846836
450 0.7549989692846836
460 0.7549989692846836
470 0.7549989692846836
480 0.7549989692846836
490 0.7549989692846836
500 0.7549989692846836
510 0.7549989692846836
520 0.7549989692846836
530 0.7549989692846836
540 0.7549989692846836
550 0.7549989692846836
560 0.7549989692846836
570 0.7549989692846836
580 0.7549989692846836
590 0.7549989692846836
600 0.7549989692846836
610 0.7549989692846836
620 0.7549989692846836
630 0.7549989692846836
640 0.7549989692846836
650 0.7549989692846836
660 0.7549989692846836
670 0.7549989692846836
680 0.7549989692846836
690 0.7549989692846836
700 0.7549989692846836
710 0.7549989692846836
720 0.7549989692846836
730 0.7549989692846836
740 0.7549989692846836
750 0.7549989692846836
760 0.7549989692846836
770 0.7549989692846836
780 0.7549989692846836
790 0.7549989692846836
800 0.7549989692846836
810 0.7549989692846836
820 0.7549989692846836
830 0.7549989692846836
840 0.7549989692846836
850 0.7549989692846836
860 0.7549989692846836
870 0.7549989692846836
880 0.7549989692846836
890 0.7549989692846836
900 0.7549989692846836
910 0.7549989692846836
920 0.7549989692846836
930 0.7549989692846836
940 0.7549989692846836
950 0.7549989692846836
960 0.7549989692846836
970 0.7549989692846836
980 0.7549989692846836
990 0.7549989692846836
1000 0.7529375386518243
