# Data for router 3
0 0.0
10 0.0
20 0.0
30 0.12842712842712842
40 0.12842712842712842
50 0.12842712842712842
60 0.12842712842712842
70 0.12842712842712842
80 0.2820037105751391
90 0.4117707689136261
100 0.4117707689136261
110 0.4117707689136261
120 0.4117707689136261
130 0.4117707689136261
140 0.4117707689136261
150 0.41981034838177694
160 0.4382601525458668
170 0.4590806019377448
180 0.47474747474747475
190 0.47474747474747475
200 0.47474747474747475
210 0.47474747474747475
220 0.47474747474747475
230 0.47474747474747475
240 0.47474747474747475
250 0.47474747474747475
260 0.47763347763347763
270 0.4856730571016285
280 0.4904143475572047
290 0.49680478251906823
300 0.49680478251906823
310 0.49680478251906823
320 0.49680478251906823
330 0.49680478251906823
340 0.49680478251906823
350 0.49680478251906823
360 0.49680478251906823
370 0.49680478251906823
380 0.49680478251906823
390 0.49680478251906823
400 0.49835085549371266
410 0.5001030715316429
420 0.5023706452277881
430 0.5045351473922902
440 0.5053597196454339
450 0.5053597196454339
460 0.5053597196454339
470 0.5053597196454339
480 0.5053597196454339
490 0.5053597196454339
500 0.5053597196454339
510 0.5053597196454339
520 0.5053597196454339
530 0.5053597196454339
540 0.5053597196454339
550 0.5053597196454339
560 0.5053597196454339
570 0.5055658627087198
580 0.5059781488352917
590 0.5059781488352917
600 0.5064935064935064
610 0.5065965780251495
620 0.5065965780251495
630 0.5065965780251495
640 0.5065965780251495
650 0.5065965780251495
660 0.5065965780251495
670 0.5065965780251495
680 0.5065965780251495
690 0.5065965780251495
700 0.5065965780251495
710 0.5065965780251495
720 0.5065965780251495
730 0.5065965780251495
740 0.5065965780251495
750 0.5065965780251495
760 0.5065965780251495
770 0.5065965780251495
780 0.5065965780251495
790 0.5065965780251495
800 0.5065965780251495
810 0.5066996495567924
820 0.5066996495567924
830 0.5066996495567924
840 0.5066996495567924
850 0.5066996495567924
860 0.5066996495567924
870 0.5066996495567924
880 0.5066996495567924
890 0.5066996495567924
900 0.5066996495567924
910 0.5066996495567924
920 0.5066996495567924
930 0.5066996495567924
940 0.5066996495567924
950 0.5066996495567924
960 0.5066996495567924
970 0.5066996495567924
980 0.5066996495567924
990 0.5066996495567924
1000 0.49670171098742527
