# Data for router 1
0 0.0
10 0.0
20 0.0
30 0.2761286332714904
40 0.2761286332714904
50 0.2761286332714904
60 0.2761286332714904
70 0.2761286332714904
80 0.4483611626468769
90 0.5884353741496599
100 0.5884353741496599
110 0.5884353741496599
120 0.5884353741496599
130 0.5884353741496599
140 0.5884353741496599
150 0.6058544629973202
160 0.6576994434137291
170 0.7085137085137085
180 0.7450010307153164
190 0.7450010307153164
200 0.7450010307153164
210 0.7450010307153164
220 0.7450010307153164
230 0.7450010307153164
240 0.7450010307153164
250 0.7450010307153164
260 0.7466501752216038
270 0.7532467532467533
280 0.756648113790971
290 0.7616986188414759
300 0.7616986188414759
310 0.7616986188414759
320 0.7616986188414759
330 0.7616986188414759
340 0.7616986188414759
350 0.7616986188414759
360 0.7616986188414759
370 0.7616986188414759
380 0.7616986188414759
390 0.7616986188414759
400 0.7616986188414759
410 0.761801690373119
420 0.7620078334364049
430 0.7621109049680478
440 0.7622139764996908
450 0.7622139764996908
460 0.7622139764996908
470 0.7622139764996908
480 0.7622139764996908
490 0.7622139764996908
500 0.7622139764996908
510 0.7622139764996908
520 0.7622139764996908
530 0.7622139764996908
540 0.7622139764996908
550 0.7622139764996908
560 0.7622139764996908
570 0.7622139764996908
580 0.7622139764996908
590 0.7622139764996908
600 0.7622139764996908
610 0.7622139764996908
620 0.7622139764996908
630 0.7622139764996908
640 0.7622139764996908
650 0.7622139764996908
660 0.7622139764996908
670 0.7622139764996908
680 0.7622139764996908
690 0.7622139764996908
700 0.7622139764996908
710 0.7622139764996908
720 0.7622139764996908
730 0.7622139764996908
740 0.7622139764996908
750 0.7622139764996908
760 0.7622139764996908
770 0.7622139764996908
780 0.7622139764996908
790 0.7622139764996908
800 0.7622139764996908
810 0.7622139764996908
820 0.7622139764996908
830 0.7622139764996908
840 0.7622139764996908
850 0.7622139764996908
860 0.7622139764996908
870 0.7622139764996908
880 0.7622139764996908
890 0.7622139764996908
900 0.7622139764996908
910 0.7622139764996908
920 0.7622139764996908
930 0.7622139764996908
940 0.7622139764996908
950 0.7622139764996908
960 0.7622139764996908
970 0.7622139764996908
980 0.7622139764996908
990 0.7622139764996908
1000 0.7546897546897547
