# Data for router 5
0 0.0
10 0.0
20 0.0
30 0.12368583797155226
40 0.12368583797155226
50 0.12368583797155226
60 0.12368583797155226
70 0.12368583797155226
80 0.2724180581323438
90 0.40032982890125746
100 0.40032982890125746
110 0.40032982890125746
120 0.40032982890125746
130 0.40032982890125746
140 0.40032982890125746
150 0.406720263863121
160 0.4286745001030715
170 0.44887652030509173
180 0.4629973201401773
190 0.4629973201401773
200 0.4629973201401773
210 0.4629973201401773
220 0.4629973201401773
230 0.4629973201401773
240 0.4629973201401773
250 0.4629973201401773
260 0.4652648938363224
270 0.4714491857349
280 0.4748505462791177
290 0.4813440527726242
300 0.4813440527726242
310 0.4813440527726242
320 0.4813440527726242
330 0.4813440527726242
340 0.4813440527726242
350 0.4813440527726242
360 0.4813440527726242
370 0.4813440527726242
380 0.4813440527726242
390 0.4813440527726242
400 0.4830962688105545
410 0.4859822716965574
420 0.4878375592661307
430 0.489589775304061
440 0.4898989898989899
450 0.4898989898989899
460 0.4898989898989899
470 0.4898989898989899
480 0.4898989898989899
490 0.4898989898989899
500 0.4898989898989899
510 0.4898989898989899
520 0.4898989898989899
530 0.4898989898989899
540 0.4898989898989899
550 0.4898989898989899
560 0.4898989898989899
570 0.49000206143063285
580 0.4904143475572047
590 0.49051741908884766
600 0.49051741908884766
610 0.49082663368377655
620 0.49082663368377655
630 0.49082663368377655
640 0.49082663368377655
650 0.49082663368377655
660 0.49082663368377655
670 0.49082663368377655
680 0.49082663368377655
690 0.49082663368377655
700 0.49082663368377655
710 0.49082663368377655
720 0.49082663368377655
730 0.49082663368377655
740 0.49082663368377655
750 0.49082663368377655
760 0.49082663368377655
770 0.49082663368377655
780 0.49082663368377655
790 0.49082663368377655
800 0.49082663368377655
810 0.49082663368377655
820 0.49082663368377655
830 0.49082663368377655
840 0.49082663368377655
850 0.49082663368377655
860 0.49082663368377655
870 0.49082663368377655
880 0.49082663368377655
890 0.49082663368377655
900 0.49082663368377655
910 0.49082663368377655
920 0.49082663368377655
930 0.49082663368377655
940 0.49082663368377655
950 0.49082663368377655
960 0.49082663368377655
970 0.49082663368377655
980 0.49082663368377655
990 0.49082663368377655
1000 0.5020614306328592
