# Data for router 8
0 0.0
10 0.0
20 0.0
30 0.022675736961451247
40 0.022675736961451247
50 0.022675736961451247
60 0.022675736961451247
70 0.022675736961451247
80 0.0722531436817151
90 0.11533704390847248
100 0.11533704390847248
110 0.11533704390847248
120 0.11533704390847248
130 0.11533704390847248
140 0.11533704390847248
150 0.11667697381983096
160 0.12038754895897753
170 0.12461348175633889
180 0.1280148423005566
190 0.1280148423005566
200 0.1280148423005566
210 0.1280148423005566
220 0.1280148423005566
230 0.1280148423005566
240 0.1280148423005566
250 0.1280148423005566
260 0.1280148423005566
270 0.1280148423005566
280 0.1280148423005566
290 0.1280148423005566
300 0.1280148423005566
310 0.1280148423005566
320 0.1280148423005566
330 0.1280148423005566
340 0.1280148423005566
350 0.1280148423005566
360 0.1280148423005566
370 0.1280148423005566
380 0.1280148423005566
390 0.1280148423005566
400 0.1280148423005566
410 0.1280148423005566
420 0.1280148423005566
430 0.1280148423005566
440 0.1280148423005566
450 0.1280148423005566
460 0.1280148423005566
470 0.1280148423005566
480 0.1280148423005566
490 0.1280148423005566
500 0.1280148423005566
510 0.1280148423005566
520 0.1280148423005566
530 0.1280148423005566
540 0.1280148423005566
550 0.1280148423005566
560 0.1280148423005566
570 0.1280148423005566
580 0.1280148423005566
590 0.1280148423005566
600 0.1280148423005566
610 0.1280148423005566
620 0.1280148423005566
630 0.1280148423005566
640 0.1280148423005566
650 0.1280148423005566
660 0.1280148423005566
670 0.1280148423005566
680 0.1280148423005566
690 0.1280148423005566
700 0.1280148423005566
710 0.1280148423005566
720 0.1280148423005566
730 0.1280148423005566
740 0.1280148423005566
750 0.1280148423005566
760 0.1280148423005566
770 0.1280148423005566
780 0.1280148423005566
790 0.1280148423005566
800 0.1280148423005566
810 0.1280148423005566
820 0.1280148423005566
830 0.1280148423005566
840 0.1280148423005566
850 0.1280148423005566
860 0.1280148423005566
870 0.1280148423005566
880 0.1280148423005566
890 0.1280148423005566
900 0.1280148423005566
910 0.1280148423005566
920 0.1280148423005566
930 0.1280148423005566
940 0.1280148423005566
950 0.1280148423005566
960 0.1280148423005566
970 0.1280148423005566
980 0.1280148423005566
990 0.1280148423005566
1000 0.12708719851576994
