# Data for router 1
0 0.0
10 0.0
20 0.0
30 0.2756132756132756
40 0.2756132756132756
50 0.2756132756132756
60 0.2756132756132756
70 0.2756132756132756
80 0.4414553700267986
90 0.577922077922078
100 0.577922077922078
110 0.577922077922078
120 0.577922077922078
130 0.577922077922078
140 0.577922077922078
150 0.5961657390228818
160 0.6469800041228613
170 0.7015048443619872
180 0.7353123067408782
190 0.7353123067408782
200 0.7353123067408782
210 0.7353123067408782
220 0.7353123067408782
230 0.7353123067408782
240 0.7353123067408782
250 0.7353123067408782
260 0.7375798804370233
270 0.7451041022469594
280 0.7507730364873222
290 0.7582972582972582
300 0.7582972582972582
310 0.7582972582972582
320 0.7582972582972582
330 0.7582972582972582
340 0.7582972582972582
350 0.7582972582972582
360 0.7582972582972582
370 0.7582972582972582
380 0.7582972582972582
390 0.7582972582972582
400 0.7584003298289013
410 0.7585034013605442
420 0.7585034013605442
430 0.7586064728921872
440 0.7586064728921872
450 0.7586064728921872
460 0.7586064728921872
470 0.7586064728921872
480 0.7586064728921872
490 0.7586064728921872
500 0.7586064728921872
510 0.7586064728921872
520 0.7586064728921872
530 0.7586064728921872
540 0.7586064728921872
550 0.7586064728921872
560 0.7586064728921872
570 0.7586064728921872
580 0.7586064728921872
590 0.7586064728921872
600 0.7586064728921872
610 0.7586064728921872
620 0.7586064728921872
630 0.7586064728921872
640 0.7586064728921872
650 0.7586064728921872
660 0.7586064728921872
670 0.7586064728921872
680 0.7586064728921872
690 0.7586064728921872
700 0.7586064728921872
710 0.7586064728921872
720 0.7586064728921872
730 0.7586064728921872
740 0.7586064728921872
750 0.7586064728921872
760 0.7586064728921872
770 0.7586064728921872
780 0.7586064728921872
790 0.7586064728921872
800 0.7586064728921872
810 0.7586064728921872
820 0.7586064728921872
830 0.7586064728921872
840 0.7586064728921872
850 0.7586064728921872
860 0.7586064728921872
870 0.7586064728921872
880 0.7586064728921872
890 0.7586064728921872
900 0.7586064728921872
910 0.7586064728921872
920 0.7586064728921872
930 0.7586064728921872
940 0.7586064728921872
950 0.7586064728921872
960 0.7586064728921872
970 0.7586064728921872
980 0.7586064728921872
990 0.7586064728921872
1000 0.7553081838796124
