# Data for router 6
0 0.0
10 0.0
20 0.0
30 0.024943310657596373
40 0.024943310657596373
50 0.024943310657596373
60 0.024943310657596373
70 0.024943310657596373
80 0.07297464440321583
90 0.1124510410224696
100 0.1124510410224696
110 0.1124510410224696
120 0.1124510410224696
130 0.1124510410224696
140 0.1124510410224696
150 0.11430632859204287
160 0.11842918985776128
170 0.12368583797155226
180 0.1266749123891981
190 0.1266749123891981
200 0.1266749123891981
210 0.1266749123891981
220 0.1266749123891981
230 0.1266749123891981
240 0.1266749123891981
250 0.1266749123891981
260 0.1266749123891981
270 0.1266749123891981
280 0.1266749123891981
290 0.1266749123891981
300 0.1266749123891981
310 0.1266749123891981
320 0.1266749123891981
330 0.1266749123891981
340 0.1266749123891981
350 0.1266749123891981
360 0.1266749123891981
370 0.1266749123891981
380 0.1266749123891981
390 0.1266749123891981
400 0.1266749123891981
410 0.1266749123891981
420 0.1266749123891981
430 0.1266749123891981
440 0.1266749123891981
450 0.1266749123891981
460 0.1266749123891981
470 0.1266749123891981
480 0.1266749123891981
490 0.1266749123891981
500 0.1266749123891981
510 0.1266749123891981
520 0.1266749123891981
530 0.1266749123891981
540 0.1266749123891981
550 0.1266749123891981
560 0.1266749123891981
570 0.1266749123891981
580 0.1266749123891981
590 0.1266749123891981
600 0.1266749123891981
610 0.1266749123891981
620 0.1266749123891981
630 0.1266749123891981
640 0.1266749123891981
650 0.1266749123891981
660 0.1266749123891981
670 0.1266749123891981
680 0.1266749123891981
690 0.1266749123891981
700 0.1266749123891981
710 0.1266749123891981
720 0.1266749123891981
730 0.1266749123891981
740 0.1266749123891981
750 0.1266749123891981
760 0.1266749123891981
770 0.1266749123891981
780 0.1266749123891981
790 0.1266749123891981
800 0.1266749123891981
810 0.1266749123891981
820 0.1266749123891981
830 0.1266749123891981
840 0.1266749123891981
850 0.1266749123891981
860 0.1266749123891981
870 0.1266749123891981
880 0.1266749123891981
890 0.1266749123891981
900 0.1266749123891981
910 0.1266749123891981
920 0.1266749123891981
930 0.1266749123891981
940 0.1266749123891981
950 0.1266749123891981
960 0.1266749123891981
970 0.1266749123891981
980 0.1266749123891981
990 0.1266749123891981
1000 0.12791177076891364
