# Data for router 5
0 0.0
10 0.0
20 0.0
30 0.1253349824778396
40 0.1253349824778396
50 0.1253349824778396
60 0.1253349824778396
70 0.1253349824778396
80 0.2732426303854875
90 0.3965161822304679
100 0.3965161822304679
110 0.3965161822304679
120 0.3965161822304679
130 0.3965161822304679
140 0.3965161822304679
150 0.4043496186353329
160 0.424860853432282
170 0.4505256648113791
180 0.4655741084312513
190 0.4655741084312513
200 0.4655741084312513
210 0.4655741084312513
220 0.4655741084312513
230 0.4655741084312513
240 0.4655741084312513
250 0.4655741084312513
260 0.46773861059575345
270 0.47423211708925994
280 0.4785611214182643
290 0.48536384250669967
300 0.48536384250669967
310 0.48536384250669967
320 0.48536384250669967
330 0.48536384250669967
340 0.48536384250669967
350 0.48536384250669967
360 0.48536384250669967
370 0.48536384250669967
380 0.48536384250669967
390 0.48536384250669967
400 0.48721913007627293
410 0.48824984539270255
420 0.49000206143063285
430 0.4915481344052773
440 0.49257884972170685
450 0.49257884972170685
460 0.49257884972170685
470 0.49257884972170685
480 0.49257884972170685
490 0.49257884972170685
500 0.49257884972170685
510 0.49257884972170685
520 0.49257884972170685
530 0.49257884972170685
540 0.49257884972170685
550 0.49257884972170685
560 0.49257884972170685
570 0.4931972789115646
580 0.4935064935064935
590 0.49391877963306535
600 0.4941249226963513
610 0.49422799422799424
620 0.49422799422799424
630 0.49422799422799424
640 0.49422799422799424
650 0.49422799422799424
660 0.49422799422799424
670 0.49422799422799424
680 0.49422799422799424
690 0.49422799422799424
700 0.49422799422799424
710 0.49422799422799424
720 0.49422799422799424
730 0.49422799422799424
740 0.49422799422799424
750 0.49422799422799424
760 0.49422799422799424
770 0.4943310657596372
780 0.4943310657596372
790 0.4943310657596372
800 0.4943310657596372
810 0.4943310657596372
820 0.49443413729128016
830 0.49443413729128016
840 0.49443413729128016
850 0.49443413729128016
860 0.49443413729128016
870 0.49443413729128016
880 0.49443413729128016
890 0.49443413729128016
900 0.49443413729128016
910 0.49443413729128016
920 0.49443413729128016
930 0.49443413729128016
940 0.49443413729128016
950 0.49443413729128016
960 0.49443413729128016
970 0.49443413729128016
980 0.49443413729128016
990 0.49443413729128016
1000 0.4994846423417852
