# Data for router 7
0 0.0
10 0.0
20 0.0
30 0.27118119975262833
40 0.27118119975262833
50 0.27118119975262833
60 0.27118119975262833
70 0.27118119975262833
80 0.44155844155844154
90 0.5768913626056483
100 0.5768913626056483
110 0.5768913626056483
120 0.5768913626056483
130 0.5768913626056483
140 0.5768913626056483
150 0.5955473098330241
160 0.6493506493506493
170 0.7030509173366316
180 0.738198309626881
190 0.738198309626881
200 0.738198309626881
210 0.738198309626881
220 0.738198309626881
230 0.738198309626881
240 0.738198309626881
250 0.738198309626881
260 0.740981240981241
270 0.74860853432282
280 0.753762110904968
290 0.7606679035250464
300 0.7606679035250464
310 0.7606679035250464
320 0.7606679035250464
330 0.7606679035250464
340 0.7606679035250464
350 0.7606679035250464
360 0.7606679035250464
370 0.7606679035250464
380 0.7606679035250464
390 0.7606679035250464
400 0.7606679035250464
410 0.7608740465883324
420 0.7609771181199753
430 0.7609771181199753
440 0.7609771181199753
450 0.7609771181199753
460 0.7609771181199753
470 0.7609771181199753
480 0.7609771181199753
490 0.7609771181199753
500 0.7609771181199753
510 0.7609771181199753
520 0.7609771181199753
530 0.7609771181199753
540 0.7609771181199753
550 0.7609771181199753
560 0.7609771181199753
570 0.7609771181199753
580 0.7609771181199753
590 0.7609771181199753
600 0.7609771181199753
610 0.7609771181199753
620 0.7609771181199753
630 0.7609771181199753
640 0.7609771181199753
650 0.7609771181199753
660 0.7609771181199753
670 0.7609771181199753
680 0.7609771181199753
690 0.7609771181199753
700 0.7609771181199753
710 0.7609771181199753
720 0.7609771181199753
730 0.7609771181199753
740 0.7609771181199753
750 0.7609771181199753
760 0.7609771181199753
770 0.7609771181199753
780 0.7609771181199753
790 0.7609771181199753
800 0.7609771181199753
810 0.7609771181199753
820 0.7609771181199753
830 0.7609771181199753
840 0.7609771181199753
850 0.7609771181199753
860 0.7609771181199753
870 0.7609771181199753
880 0.7609771181199753
890 0.7609771181199753
900 0.7609771181199753
910 0.7609771181199753
920 0.7609771181199753
930 0.7609771181199753
940 0.7609771181199753
950 0.7609771181199753
960 0.7609771181199753
970 0.7609771181199753
980 0.7609771181199753
990 0.7609771181199753
1000 0.7528344671201814
