# Data for router 0
0 0.0
10 0.0
20 0.0
30 0.02370645227788085
40 0.02370645227788085
50 0.02370645227788085
60 0.02370645227788085
70 0.02370645227788085
80 0.07555143269428984
90 0.12028447742733457
100 0.12028447742733457
110 0.12028447742733457
120 0.12028447742733457
130 0.12028447742733457
140 0.12028447742733457
150 0.1220366934652649
160 0.12791177076891364
170 0.13358070500927643
180 0.13615749330035043
190 0.13615749330035043
200 0.13615749330035043
210 0.13615749330035043
220 0.13615749330035043
230 0.13615749330035043
240 0.13615749330035043
250 0.13615749330035043
260 0.13615749330035043
270 0.13615749330035043
280 0.13615749330035043
290 0.13615749330035043
300 0.13615749330035043
310 0.13615749330035043
320 0.13615749330035043
330 0.13615749330035043
340 0.13615749330035043
350 0.13615749330035043
360 0.13615749330035043
370 0.13615749330035043
380 0.13615749330035043
390 0.13615749330035043
400 0.13615749330035043
410 0.13615749330035043
420 0.13615749330035043
430 0.13615749330035043
440 0.13615749330035043
450 0.13615749330035043
460 0.13615749330035043
470 0.13615749330035043
480 0.13615749330035043
490 0.13615749330035043
500 0.13615749330035043
510 0.13615749330035043
520 0.13615749330035043
530 0.13615749330035043
540 0.13615749330035043
550 0.13615749330035043
560 0.13615749330035043
570 0.13615749330035043
580 0.13615749330035043
590 0.13615749330035043
600 0.13615749330035043
610 0.13615749330035043
620 0.13615749330035043
630 0.13615749330035043
640 0.13615749330035043
650 0.13615749330035043
660 0.13615749330035043
670 0.13615749330035043
680 0.13615749330035043
690 0.13615749330035043
700 0.13615749330035043
710 0.13615749330035043
720 0.13615749330035043
730 0.13615749330035043
740 0.13615749330035043
750 0.13615749330035043
760 0.13615749330035043
770 0.13615749330035043
780 0.13615749330035043
790 0.13615749330035043
800 0.13615749330035043
810 0.13615749330035043
820 0.13615749330035043
830 0.13615749330035043
840 0.13615749330035043
850 0.13615749330035043
860 0.13615749330035043
870 0.13615749330035043
880 0.13615749330035043
890 0.13615749330035043
900 0.13615749330035043
910 0.13615749330035043
920 0.13615749330035043
930 0.13615749330035043
940 0.13615749330035043
950 0.13615749330035043
960 0.13615749330035043
970 0.13615749330035043
980 0.13615749330035043
990 0.13615749330035043
1000 0.13636363636363635
