# Data for router 0
0 0.0
10 0.0
20 0.0
30 0.023191094619666047
40 0.023191094619666047
50 0.023191094619666047
60 0.023191094619666047
70 0.023191094619666047
80 0.05380333951762523
90 0.07895279323850753
100 0.07895279323850753
110 0.07895279323850753
120 0.07895279323850753
130 0.07895279323850753
140 0.07895279323850753
150 0.09307359307359307
160 0.13512677798392084
170 0.1759431045145331
180 0.20634920634920634
190 0.20634920634920634
200 0.20634920634920634
210 0.20634920634920634
220 0.20634920634920634
230 0.20634920634920634
240 0.20634920634920634
250 0.20634920634920634
260 0.21119356833642547
270 0.2276850133992991
280 0.23871366728509585
290 0.25582354153782727
300 0.25582354153782727
310 0.25582354153782727
320 0.25582354153782727
330 0.25582354153782727
340 0.25582354153782727
350 0.25582354153782727
360 0.25582354153782727
370 0.25582354153782727
380 0.25582354153782727
390 0.25582354153782727
400 0.26551226551226553
410 0.27736549165120594
420 0.2891156462585034
430 0.2995258709544424
440 0.3051948051948052
450 0.3051948051948052
460 0.3051948051948052
470 0.3051948051948052
480 0.3051948051948052
490 0.3051948051948052
500 0.3051948051948052
510 0.3051948051948052
520 0.3051948051948052
530 0.3051948051948052
540 0.3051948051948052
550 0.3051948051948052
560 0.3051948051948052
570 0.31024531024531027
580 0.31539888682745826
590 0.3175633889919604
600 0.3229231086373944
610 0.32653061224489793
620 0.32653061224489793
630 0.32653061224489793
640 0.32653061224489793
650 0.32653061224489793
660 0.32653061224489793
670 0.32653061224489793
680 0.32653061224489793
690 0.32653061224489793
700 0.32653061224489793
710 0.32653061224489793
720 0.32653061224489793
730 0.32653061224489793
740 0.32653061224489793
750 0.32653061224489793
760 0.3269428983714698
770 0.3281797567511853
780 0.32890125747268606
790 0.32951968666254383
800 0.3305504019789734
810 0.3310657596371882
820 0.331581117295403
830 0.331581117295403
840 0.331581117295403
850 0.331581117295403
860 0.331581117295403
870 0.331581117295403
880 0.331581117295403
890 0.331581117295403
900 0.331581117295403
910 0.331581117295403
920 0.331581117295403
930 0.331581117295403
940 0.331581117295403
950 0.331581117295403
960 0.331581117295403
970 0.331581117295403
980 0.331581117295403
990 0.331684188827046
1000 0.32807668521954236
