# Data for router 5
0 0.0
10 0.0
20 0.0
30 0.12079983508554937
40 0.12079983508554937
50 0.12079983508554937
60 0.12079983508554937
70 0.12079983508554937
80 0.19593898165326737
90 0.2533498247783962
100 0.2533498247783962
110 0.2533498247783962
120 0.2533498247783962
130 0.2533498247783962
140 0.2533498247783962
150 0.26262626262626265
160 0.2969490826633684
170 0.3324056895485467
180 0.3559059987631416
190 0.3559059987631416
200 0.3559059987631416
210 0.3559059987631416
220 0.3559059987631416
230 0.3559059987631416
240 0.3559059987631416
250 0.3559059987631416
260 0.362708719851577
270 0.38198309626881055
280 0.39579468150896724
290 0.4186765615337044
300 0.4186765615337044
310 0.4186765615337044
320 0.4186765615337044
330 0.4186765615337044
340 0.4186765615337044
350 0.4186765615337044
360 0.4186765615337044
370 0.4186765615337044
380 0.4186765615337044
390 0.4186765615337044
400 0.4318697175840033
410 0.4444444444444444
420 0.4587713873428159
430 0.4722737579880437
440 0.479282622139765
450 0.479282622139765
460 0.479282622139765
470 0.479282622139765
480 0.479282622139765
490 0.479282622139765
500 0.479282622139765
510 0.479282622139765
520 0.479282622139765
530 0.479282622139765
540 0.479282622139765
550 0.479282622139765
560 0.479282622139765
570 0.49340342197485054
580 0.5068027210884354
590 0.5123685837971552
600 0.5242218099360957
610 0.5377241805813234
620 0.5377241805813234
630 0.5377241805813234
640 0.5377241805813234
650 0.5377241805813234
660 0.5377241805813234
670 0.5377241805813234
680 0.5377241805813234
690 0.5377241805813234
700 0.5377241805813234
710 0.5377241805813234
720 0.5377241805813234
730 0.5377241805813234
740 0.5377241805813234
750 0.5377241805813234
760 0.5405071119356833
770 0.5455576169861884
780 0.549165120593692
790 0.551948051948052
800 0.5579262007833437
810 0.5612244897959183
820 0.5640074211502782
830 0.5640074211502782
840 0.5640074211502782
850 0.5640074211502782
860 0.5640074211502782
870 0.5640074211502782
880 0.5640074211502782
890 0.5640074211502782
900 0.5640074211502782
910 0.5640074211502782
920 0.5640074211502782
930 0.5640074211502782
940 0.5640074211502782
950 0.5640074211502782
960 0.5640074211502782
970 0.5640074211502782
980 0.564728921871779
990 0.5651412079983509
1000 0.5683364254792826
