# Data for router 4
0 0.0
10 0.0
20 0.0
30 0.48350855493712636
40 0.48350855493712636
50 0.48350855493712636
60 0.48350855493712636
70 0.48350855493712636
80 0.5693671407957123
90 0.634611420325706
100 0.634611420325706
110 0.634611420325706
120 0.634611420325706
130 0.634611420325706
140 0.634611420325706
150 0.6387342815914244
160 0.6547103689960833
170 0.6678004535147393
180 0.6784168212739641
190 0.6784168212739641
200 0.6784168212739641
210 0.6784168212739641
220 0.6784168212739641
230 0.6784168212739641
240 0.6784168212739641
250 0.6784168212739641
260 0.6887239744382602
270 0.7191300762729335
280 0.7387136672850959
290 0.7733457019171305
300 0.7733457019171305
310 0.7733457019171305
320 0.7733457019171305
330 0.7733457019171305
340 0.7733457019171305
350 0.7733457019171305
360 0.7733457019171305
370 0.7733457019171305
380 0.7733457019171305
390 0.7733457019171305
400 0.7935477221191507
410 0.8136466707895279
420 0.8328179756751185
430 0.8506493506493507
440 0.8598227169655741
450 0.8598227169655741
460 0.8598227169655741
470 0.8598227169655741
480 0.8598227169655741
490 0.8598227169655741
500 0.8598227169655741
510 0.8598227169655741
520 0.8598227169655741
530 0.8598227169655741
540 0.8598227169655741
550 0.8598227169655741
560 0.8598227169655741
570 0.8655947227375799
580 0.8692022263450835
590 0.8719851576994434
600 0.8774479488765203
610 0.8819830962688106
620 0.8819830962688106
630 0.8819830962688106
640 0.8819830962688106
650 0.8819830962688106
660 0.8819830962688106
670 0.8819830962688106
680 0.8819830962688106
690 0.8819830962688106
700 0.8819830962688106
710 0.8819830962688106
720 0.8819830962688106
730 0.8819830962688106
740 0.8819830962688106
750 0.8819830962688106
760 0.8821892393320965
770 0.8827045969903112
780 0.8829107400535972
790 0.8832199546485261
800 0.8839414553700268
810 0.8844568130282416
820 0.8845598845598845
830 0.8845598845598845
840 0.8845598845598845
850 0.8845598845598845
860 0.8845598845598845
870 0.8845598845598845
880 0.8845598845598845
890 0.8845598845598845
900 0.8845598845598845
910 0.8845598845598845
920 0.8845598845598845
930 0.8845598845598845
940 0.8845598845598845
950 0.8845598845598845
960 0.8845598845598845
970 0.8845598845598845
980 0.8846629560915276
990 0.8846629560915276
1000 0.883323026180169
