# Data for router 8
0 0.0
10 0.0
20 0.0
30 0.021335807050092765
40 0.021335807050092765
50 0.021335807050092765
60 0.021335807050092765
70 0.021335807050092765
80 0.049062049062049064
90 0.07194392908678623
100 0.07194392908678623
110 0.07194392908678623
120 0.07194392908678623
130 0.07194392908678623
140 0.07194392908678623
150 0.08853844568130283
160 0.13048855905998763
170 0.17336631622345908
180 0.1987219130076273
190 0.1987219130076273
200 0.1987219130076273
210 0.1987219130076273
220 0.1987219130076273
230 0.1987219130076273
240 0.1987219130076273
250 0.1987219130076273
260 0.2049062049062049
270 0.22387136672850957
280 0.23500309214594928
290 0.2526283240568955
300 0.2526283240568955
310 0.2526283240568955
320 0.2526283240568955
330 0.2526283240568955
340 0.2526283240568955
350 0.2526283240568955
360 0.2526283240568955
370 0.2526283240568955
380 0.2526283240568955
390 0.2526283240568955
400 0.2639661925376211
410 0.2730364873222016
420 0.2834467120181406
430 0.2941661513090085
440 0.2987012987012987
450 0.2987012987012987
460 0.2987012987012987
470 0.2987012987012987
480 0.2987012987012987
490 0.2987012987012987
500 0.2987012987012987
510 0.2987012987012987
520 0.2987012987012987
530 0.2987012987012987
540 0.2987012987012987
550 0.2987012987012987
560 0.2987012987012987
570 0.3046794475365904
580 0.31024531024531027
590 0.313543599257885
600 0.31993403421974853
610 0.3259121830550402
620 0.3259121830550402
630 0.3259121830550402
640 0.3259121830550402
650 0.3259121830550402
660 0.3259121830550402
670 0.3259121830550402
680 0.3259121830550402
690 0.3259121830550402
700 0.3259121830550402
710 0.3259121830550402
720 0.3259121830550402
730 0.3259121830550402
740 0.3259121830550402
750 0.3259121830550402
760 0.32704596990311274
770 0.3282828282828283
780 0.3297258297258297
790 0.33013811585240155
800 0.331684188827046
810 0.3324056895485467
820 0.33323026180169035
830 0.33323026180169035
840 0.33323026180169035
850 0.33323026180169035
860 0.33323026180169035
870 0.33323026180169035
880 0.33323026180169035
890 0.33323026180169035
900 0.33323026180169035
910 0.33323026180169035
920 0.33323026180169035
930 0.33323026180169035
940 0.33323026180169035
950 0.33323026180169035
960 0.33323026180169035
970 0.33323026180169035
980 0.3333333333333333
990 0.33353947639661924
1000 0.32951968666254383
