# Data for router 6
0 0.0
10 0.0
20 0.0
30 0.024531024531024532
40 0.024531024531024532
50 0.024531024531024532
60 0.024531024531024532
70 0.024531024531024532
80 0.0554524840239126
90 0.07854050711193568
100 0.07854050711193568
110 0.07854050711193568
120 0.07854050711193568
130 0.07854050711193568
140 0.07854050711193568
150 0.09204287775716347
160 0.13079777365491652
170 0.17068645640074212
180 0.1973819830962688
190 0.1973819830962688
200 0.1973819830962688
210 0.1973819830962688
220 0.1973819830962688
230 0.1973819830962688
240 0.1973819830962688
250 0.1973819830962688
260 0.2038754895897753
270 0.22119150690579262
280 0.23201401772830343
290 0.24438260152545868
300 0.24438260152545868
310 0.24438260152545868
320 0.24438260152545868
330 0.24438260152545868
340 0.24438260152545868
350 0.24438260152545868
360 0.24438260152545868
370 0.24438260152545868
380 0.24438260152545868
390 0.24438260152545868
400 0.25561739847454135
410 0.266749123891981
420 0.2774685631828489
430 0.28921871779014635
440 0.2947845804988662
450 0.2947845804988662
460 0.2947845804988662
470 0.2947845804988662
480 0.2947845804988662
490 0.2947845804988662
500 0.2947845804988662
510 0.2947845804988662
520 0.2947845804988662
530 0.2947845804988662
540 0.2947845804988662
550 0.2947845804988662
560 0.2947845804988662
570 0.3002473716759431
580 0.30581323438466296
590 0.3085961657390229
600 0.3146773861059575
610 0.321273964131107
620 0.321273964131107
630 0.321273964131107
640 0.321273964131107
650 0.321273964131107
660 0.321273964131107
670 0.321273964131107
680 0.321273964131107
690 0.321273964131107
700 0.321273964131107
710 0.321273964131107
720 0.321273964131107
730 0.321273964131107
740 0.321273964131107
750 0.321273964131107
760 0.3217893217893218
770 0.323850752422181
780 0.3248814677386106
790 0.32632446918161206
800 0.329004329004329
810 0.3299319727891156
820 0.3307565450422593
830 0.3307565450422593
840 0.3307565450422593
850 0.3307565450422593
860 0.3307565450422593
870 0.3307565450422593
880 0.3307565450422593
890 0.3307565450422593
900 0.3307565450422593
910 0.3307565450422593
920 0.3307565450422593
930 0.3307565450422593
940 0.3307565450422593
950 0.3307565450422593
960 0.3307565450422593
970 0.3307565450422593
980 0.3307565450422593
990 0.3308596165739023
1000 0.3262213976499691
