# Data for router 7
0 0.0
10 0.0
20 0.0
30 0.26798598227169657
40 0.26798598227169657
50 0.26798598227169657
60 0.26798598227169657
70 0.26798598227169657
80 0.3206555349412492
90 0.3586889301175015
100 0.3586889301175015
110 0.3586889301175015
120 0.3586889301175015
130 0.3586889301175015
140 0.3586889301175015
150 0.36672850958565245
160 0.393733250876108
170 0.41929499072356213
180 0.4370232941661513
190 0.4370232941661513
200 0.4370232941661513
210 0.4370232941661513
220 0.4370232941661513
230 0.4370232941661513
240 0.4370232941661513
250 0.4370232941661513
260 0.45701917130488556
270 0.5121624407338693
280 0.5550401978973407
290 0.6079158936301794
300 0.6079158936301794
310 0.6079158936301794
320 0.6079158936301794
330 0.6079158936301794
340 0.6079158936301794
350 0.6079158936301794
360 0.6079158936301794
370 0.6079158936301794
380 0.6079158936301794
390 0.6079158936301794
400 0.6320346320346321
410 0.6575963718820862
420 0.6804782519068233
430 0.7049062049062049
440 0.7171717171717171
450 0.7171717171717171
460 0.7171717171717171
470 0.7171717171717171
480 0.7171717171717171
490 0.7171717171717171
500 0.7171717171717171
510 0.7171717171717171
520 0.7171717171717171
530 0.7171717171717171
540 0.7171717171717171
550 0.7171717171717171
560 0.7171717171717171
570 0.7193362193362194
580 0.7211915069057926
590 0.7219130076272934
600 0.7247990105132962
610 0.7271696557410843
620 0.7271696557410843
630 0.7271696557410843
640 0.7271696557410843
650 0.7271696557410843
660 0.7271696557410843
670 0.7271696557410843
680 0.7271696557410843
690 0.7271696557410843
700 0.7271696557410843
710 0.7271696557410843
720 0.7271696557410843
730 0.7271696557410843
740 0.7271696557410843
750 0.7271696557410843
760 0.7271696557410843
770 0.7273757988043702
780 0.7273757988043702
790 0.7273757988043702
800 0.7274788703360132
810 0.7274788703360132
820 0.7274788703360132
830 0.7274788703360132
840 0.7274788703360132
850 0.7274788703360132
860 0.7274788703360132
870 0.7274788703360132
880 0.7274788703360132
890 0.7274788703360132
900 0.7274788703360132
910 0.7274788703360132
920 0.7274788703360132
930 0.7274788703360132
940 0.7274788703360132
950 0.7274788703360132
960 0.7274788703360132
970 0.7274788703360132
980 0.7274788703360132
990 0.7274788703360132
1000 0.7259327973613688
