# Data for router 1
0 0.0
10 0.0
20 0.0
30 0.2779839208410637
40 0.2779839208410637
50 0.2779839208410637
60 0.2779839208410637
70 0.2779839208410637
80 0.3269428983714698
90 0.36415172129457846
100 0.36415172129457846
110 0.36415172129457846
120 0.36415172129457846
130 0.36415172129457846
140 0.36415172129457846
150 0.3725005153576582
160 0.3997113997113997
170 0.4266130694702123
180 0.44372294372294374
190 0.44372294372294374
200 0.44372294372294374
210 0.44372294372294374
220 0.44372294372294374
230 0.44372294372294374
240 0.44372294372294374
250 0.44372294372294374
260 0.46227581941867657
270 0.5215419501133787
280 0.5610183467326324
290 0.619150690579262
300 0.619150690579262
310 0.619150690579262
320 0.619150690579262
330 0.619150690579262
340 0.619150690579262
350 0.619150690579262
360 0.619150690579262
370 0.619150690579262
380 0.619150690579262
390 0.619150690579262
400 0.642547928262214
410 0.6648113790970934
420 0.6873840445269017
430 0.7120181405895691
440 0.7234590806019378
450 0.7234590806019378
460 0.7234590806019378
470 0.7234590806019378
480 0.7234590806019378
490 0.7234590806019378
500 0.7234590806019378
510 0.7234590806019378
520 0.7234590806019378
530 0.7234590806019378
540 0.7234590806019378
550 0.7234590806019378
560 0.7234590806019378
570 0.7257266542980829
580 0.728097299525871
590 0.7298495155638013
600 0.7324263038548753
610 0.7346938775510204
620 0.7346938775510204
630 0.7346938775510204
640 0.7346938775510204
650 0.7346938775510204
660 0.7346938775510204
670 0.7346938775510204
680 0.7346938775510204
690 0.7346938775510204
700 0.7346938775510204
710 0.7346938775510204
720 0.7346938775510204
730 0.7346938775510204
740 0.7346938775510204
750 0.7346938775510204
760 0.7346938775510204
770 0.7350030921459493
780 0.7351061636775923
790 0.7351061636775923
800 0.7355184498041641
810 0.735621521335807
820 0.735827664399093
830 0.735827664399093
840 0.735827664399093
850 0.735827664399093
860 0.735827664399093
870 0.735827664399093
880 0.735827664399093
890 0.735827664399093
900 0.735827664399093
910 0.735827664399093
920 0.735827664399093
930 0.735827664399093
940 0.735827664399093
950 0.735827664399093
960 0.735827664399093
970 0.735827664399093
980 0.735827664399093
990 0.735827664399093
1000 0.7345908060193774
