# Data for router 3
0 0.0
10 0.0
20 0.0
30 0.12337662337662338
40 0.12337662337662338
50 0.12337662337662338
60 0.12337662337662338
70 0.12337662337662338
80 0.19666048237476808
90 0.2533498247783962
100 0.2533498247783962
110 0.2533498247783962
120 0.2533498247783962
130 0.2533498247783962
140 0.2533498247783962
150 0.2637600494743352
160 0.2943722943722944
170 0.3279736136878994
180 0.3488971346114203
190 0.3488971346114203
200 0.3488971346114203
210 0.3488971346114203
220 0.3488971346114203
230 0.3488971346114203
240 0.3488971346114203
250 0.3488971346114203
260 0.35528756957328383
270 0.3778602350030921
280 0.3909503195217481
290 0.41187384044526903
300 0.41187384044526903
310 0.41187384044526903
320 0.41187384044526903
330 0.41187384044526903
340 0.41187384044526903
350 0.41187384044526903
360 0.41187384044526903
370 0.41187384044526903
380 0.41187384044526903
390 0.41187384044526903
400 0.42506699649556795
410 0.43867243867243866
420 0.4522778808493094
430 0.46547103689960834
440 0.4725829725829726
450 0.4725829725829726
460 0.4725829725829726
470 0.4725829725829726
480 0.4725829725829726
490 0.4725829725829726
500 0.4725829725829726
510 0.4725829725829726
520 0.4725829725829726
530 0.4725829725829726
540 0.4725829725829726
550 0.4725829725829726
560 0.4725829725829726
570 0.48721913007627293
580 0.5027829313543599
590 0.5090702947845805
600 0.5224695938981653
610 0.536178107606679
620 0.536178107606679
630 0.536178107606679
640 0.536178107606679
650 0.536178107606679
660 0.536178107606679
670 0.536178107606679
680 0.536178107606679
690 0.536178107606679
700 0.536178107606679
710 0.536178107606679
720 0.536178107606679
730 0.536178107606679
740 0.536178107606679
750 0.536178107606679
760 0.5381364667078953
770 0.5444238301381159
780 0.5475159760874047
790 0.5512265512265512
800 0.5556586270871985
810 0.5585446299732014
820 0.5611214182642754
830 0.5611214182642754
840 0.5611214182642754
850 0.5611214182642754
860 0.5611214182642754
870 0.5611214182642754
880 0.5611214182642754
890 0.5611214182642754
900 0.5611214182642754
910 0.5611214182642754
920 0.5611214182642754
930 0.5611214182642754
940 0.5611214182642754
950 0.5611214182642754
960 0.5611214182642754
970 0.5611214182642754
980 0.5617398474541332
990 0.562152133580705
1000 0.5684394970109256
