# Data for router 2
0 0.0
10 0.0
20 0.0
30 0.02350030921459493
40 0.02350030921459493
50 0.02350030921459493
60 0.02350030921459493
70 0.02350030921459493
80 0.0564831993403422
90 0.07884972170686456
100 0.07884972170686456
110 0.07884972170686456
120 0.07884972170686456
130 0.07884972170686456
140 0.07884972170686456
150 0.09090909090909091
160 0.13224077509791796
170 0.17532467532467533
180 0.2033601319315605
190 0.2033601319315605
200 0.2033601319315605
210 0.2033601319315605
220 0.2033601319315605
230 0.2033601319315605
240 0.2033601319315605
250 0.2033601319315605
260 0.20975056689342403
270 0.22789115646258504
280 0.23747680890538034
290 0.25345289631003914
300 0.25345289631003914
310 0.25345289631003914
320 0.25345289631003914
330 0.25345289631003914
340 0.25345289631003914
350 0.25345289631003914
360 0.25345289631003914
370 0.25345289631003914
380 0.25345289631003914
390 0.25345289631003914
400 0.2634508348794063
410 0.27221191506905795
420 0.28190063904349616
430 0.2907647907647908
440 0.2972582972582973
450 0.2972582972582973
460 0.2972582972582973
470 0.2972582972582973
480 0.2972582972582973
490 0.2972582972582973
500 0.2972582972582973
510 0.2972582972582973
520 0.2972582972582973
530 0.2972582972582973
540 0.2972582972582973
550 0.2972582972582973
560 0.2972582972582973
570 0.3023088023088023
580 0.3067408781694496
590 0.3084930942073799
600 0.313543599257885
610 0.3183879612451041
620 0.3183879612451041
630 0.3183879612451041
640 0.3183879612451041
650 0.3183879612451041
660 0.3183879612451041
670 0.3183879612451041
680 0.3183879612451041
690 0.3183879612451041
700 0.3183879612451041
710 0.3183879612451041
720 0.3183879612451041
730 0.3183879612451041
740 0.3183879612451041
750 0.3183879612451041
760 0.3194186765615337
770 0.32086167800453513
780 0.32158317872603587
790 0.32271696557410845
800 0.32395382395382394
810 0.3246753246753247
820 0.3251906823335395
830 0.3251906823335395
840 0.3251906823335395
850 0.3251906823335395
860 0.3251906823335395
870 0.3251906823335395
880 0.3251906823335395
890 0.3251906823335395
900 0.3251906823335395
910 0.3251906823335395
920 0.3251906823335395
930 0.3251906823335395
940 0.3251906823335395
950 0.3251906823335395
960 0.3251906823335395
970 0.3251906823335395
980 0.32529375386518244
990 0.32529375386518244
1000 0.33570397856112144
