# Data for router 0
0 0.0
10 0.0
20 0.0
30 0.023809523809523808
40 0.023809523809523808
50 0.023809523809523808
60 0.023809523809523808
70 0.023809523809523808
80 0.07730364873222016
90 0.12079983508554937
100 0.12079983508554937
110 0.12079983508554937
120 0.12079983508554937
130 0.12079983508554937
140 0.12079983508554937
150 0.12244897959183673
160 0.12729334157905586
170 0.132137703566275
180 0.13502370645227788
190 0.13502370645227788
200 0.13502370645227788
210 0.13502370645227788
220 0.13502370645227788
230 0.13502370645227788
240 0.13502370645227788
250 0.13502370645227788
260 0.13502370645227788
270 0.13502370645227788
280 0.13502370645227788
290 0.13502370645227788
300 0.13502370645227788
310 0.13502370645227788
320 0.13502370645227788
330 0.13502370645227788
340 0.13502370645227788
350 0.13502370645227788
360 0.13502370645227788
370 0.13502370645227788
380 0.13502370645227788
390 0.13502370645227788
400 0.13502370645227788
410 0.13502370645227788
420 0.13502370645227788
430 0.13502370645227788
440 0.13502370645227788
450 0.13502370645227788
460 0.13502370645227788
470 0.13502370645227788
480 0.13502370645227788
490 0.13502370645227788
500 0.13502370645227788
510 0.13502370645227788
520 0.13502370645227788
530 0.13502370645227788
540 0.13502370645227788
550 0.13502370645227788
560 0.13502370645227788
570 0.13502370645227788
580 0.13502370645227788
590 0.13502370645227788
600 0.13502370645227788
610 0.13502370645227788
620 0.13502370645227788
630 0.13502370645227788
640 0.13502370645227788
650 0.13502370645227788
660 0.13502370645227788
670 0.13502370645227788
680 0.13502370645227788
690 0.13502370645227788
700 0.13502370645227788
710 0.13502370645227788
720 0.13502370645227788
730 0.13502370645227788
740 0.13502370645227788
750 0.13502370645227788
760 0.13502370645227788
770 0.13502370645227788
780 0.13502370645227788
790 0.13502370645227788
800 0.13502370645227788
810 0.13502370645227788
820 0.13502370645227788
830 0.13502370645227788
840 0.13502370645227788
850 0.13502370645227788
860 0.13502370645227788
870 0.13502370645227788
880 0.13502370645227788
890 0.13502370645227788
900 0.13502370645227788
910 0.13502370645227788
920 0.13502370645227788
930 0.13502370645227788
940 0.13502370645227788
950 0.13502370645227788
960 0.13502370645227788
970 0.13502370645227788
980 0.13502370645227788
990 0.13502370645227788
1000 0.1290455576169862
