# Data for router 2
0 0.0
10 0.0
20 0.0
30 0.021645021645021644
40 0.021645021645021644
50 0.021645021645021644
60 0.021645021645021644
70 0.021645021645021644
80 0.07586064728921872
90 0.11564625850340136
100 0.11564625850340136
110 0.11564625850340136
120 0.11564625850340136
130 0.11564625850340136
140 0.11564625850340136
150 0.11657390228818801
160 0.1206967635539064
170 0.12378890950319522
180 0.12636569779426923
190 0.12636569779426923
200 0.12636569779426923
210 0.12636569779426923
220 0.12636569779426923
230 0.12636569779426923
240 0.12636569779426923
250 0.12636569779426923
260 0.12636569779426923
270 0.12636569779426923
280 0.12636569779426923
290 0.12636569779426923
300 0.12636569779426923
310 0.12636569779426923
320 0.12636569779426923
330 0.12636569779426923
340 0.12636569779426923
350 0.12636569779426923
360 0.12636569779426923
370 0.12636569779426923
380 0.12636569779426923
390 0.12636569779426923
400 0.12636569779426923
410 0.12636569779426923
420 0.12636569779426923
430 0.12636569779426923
440 0.12636569779426923
450 0.12636569779426923
460 0.12636569779426923
470 0.12636569779426923
480 0.12636569779426923
490 0.12636569779426923
500 0.12636569779426923
510 0.12636569779426923
520 0.12636569779426923
530 0.12636569779426923
540 0.12636569779426923
550 0.12636569779426923
560 0.12636569779426923
570 0.12636569779426923
580 0.12636569779426923
590 0.12636569779426923
600 0.12636569779426923
610 0.12636569779426923
620 0.12636569779426923
630 0.12636569779426923
640 0.12636569779426923
650 0.12636569779426923
660 0.12636569779426923
670 0.12636569779426923
680 0.12636569779426923
690 0.12636569779426923
700 0.12636569779426923
710 0.12636569779426923
720 0.12636569779426923
730 0.12636569779426923
740 0.12636569779426923
750 0.12636569779426923
760 0.12636569779426923
770 0.12636569779426923
780 0.12636569779426923
790 0.12636569779426923
800 0.12636569779426923
810 0.12636569779426923
820 0.12636569779426923
830 0.12636569779426923
840 0.12636569779426923
850 0.12636569779426923
860 0.12636569779426923
870 0.12636569779426923
880 0.12636569779426923
890 0.12636569779426923
900 0.12636569779426923
910 0.12636569779426923
920 0.12636569779426923
930 0.12636569779426923
940 0.12636569779426923
950 0.12636569779426923
960 0.12636569779426923
970 0.12636569779426923
980 0.12636569779426923
990 0.12636569779426923
1000 0.12914862914862915
