# Data for router 4
0 0.0
10 0.0
20 0.0
30 0.002370645227788085
40 0.002370645227788085
50 0.002370645227788085
60 0.002370645227788085
70 0.002370645227788085
80 0.010616367759224902
90 0.016182230467944755
100 0.016182230467944755
110 0.016182230467944755
120 0.016182230467944755
130 0.016182230467944755
140 0.016182230467944755
150 0.017316017316017316
160 0.020202020202020204
170 0.022469593898165326
180 0.02442795299938157
190 0.02442795299938157
200 0.02442795299938157
210 0.02442795299938157
220 0.02442795299938157
230 0.02442795299938157
240 0.02442795299938157
250 0.02442795299938157
260 0.024531024531024532
270 0.024531024531024532
280 0.02463409606266749
290 0.024943310657596373
300 0.024943310657596373
310 0.024943310657596373
320 0.024943310657596373
330 0.024943310657596373
340 0.024943310657596373
350 0.024943310657596373
360 0.024943310657596373
370 0.024943310657596373
380 0.024943310657596373
390 0.024943310657596373
400 0.024943310657596373
410 0.024943310657596373
420 0.024943310657596373
430 0.024943310657596373
440 0.024943310657596373
450 0.024943310657596373
460 0.024943310657596373
470 0.024943310657596373
480 0.024943310657596373
490 0.024943310657596373
500 0.024943310657596373
510 0.024943310657596373
520 0.024943310657596373
530 0.024943310657596373
540 0.024943310657596373
550 0.024943310657596373
560 0.024943310657596373
570 0.024943310657596373
580 0.024943310657596373
590 0.024943310657596373
600 0.024943310657596373
610 0.024943310657596373
620 0.024943310657596373
630 0.024943310657596373
640 0.024943310657596373
650 0.024943310657596373
660 0.024943310657596373
670 0.024943310657596373
680 0.024943310657596373
690 0.024943310657596373
700 0.024943310657596373
710 0.024943310657596373
720 0.024943310657596373
730 0.024943310657596373
740 0.024943310657596373
750 0.024943310657596373
760 0.024943310657596373
770 0.024943310657596373
780 0.024943310657596373
790 0.024943310657596373
800 0.024943310657596373
810 0.024943310657596373
820 0.024943310657596373
830 0.024943310657596373
840 0.024943310657596373
850 0.024943310657596373
860 0.024943310657596373
870 0.024943310657596373
880 0.024943310657596373
890 0.024943310657596373
900 0.024943310657596373
910 0.024943310657596373
920 0.024943310657596373
930 0.024943310657596373
940 0.024943310657596373
950 0.024943310657596373
960 0.024943310657596373
970 0.024943310657596373
980 0.024943310657596373
990 0.024943310657596373
1000 0.02442795299938157
