# Data for router 2
0 0.0
1 0.0
2 0.0
3 0.0
4 0.0
5 0.0
6 0.0
7 0.0
8 0.0
9 0.0
10 0.0
11 0.0
12 0.0
13 0.0
14 0.0
15 0.0
16 0.0
17 0.0
18 0.0
19 0.0
20 0.0
21 0.0018552875695732839
22 0.003401360544217687
23 0.004947433518862091
24 0.006699649556792414
25 0.008967223252937539
26 0.010513296227581941
27 0.011647083075654504
28 0.012368583797155226
29 0.013296227581941867
30 0.01463615749330035
31 0.015976087404658834
32 0.017625231910946195
33 0.017625231910946195
34 0.017625231910946195
35 0.017625231910946195
36 0.017625231910946195
37 0.017625231910946195
38 0.017625231910946195
39 0.017625231910946195
40 0.017625231910946195
41 0.017625231910946195
42 0.017625231910946195
43 0.017625231910946195
44 0.017625231910946195
45 0.017625231910946195
46 0.017625231910946195
47 0.017625231910946195
48 0.017625231910946195
49 0.017625231910946195
50 0.017625231910946195
51 0.017625231910946195
52 0.017625231910946195
53 0.017625231910946195
54 0.017625231910946195
55 0.017625231910946195
56 0.017625231910946195
57 0.017625231910946195
58 0.017625231910946195
59 0.017625231910946195
60 0.017625231910946195
61 0.017625231910946195
62 0.017625231910946195
63 0.017625231910946195
64 0.017625231910946195
65 0.017625231910946195
66 0.017625231910946195
67 0.017625231910946195
68 0.017625231910946195
69 0.017625231910946195
70 0.017625231910946195
71 0.017625231910946195
72 0.017625231910946195
73 0.017625231910946195
74 0.021954236239950527
75 0.021954236239950527
76 0.026180169037311893
77 0.026180169037311893
78 0.02999381570810142
79 0.02999381570810142
80 0.03421974850546279
81 0.03421974850546279
82 0.0378272521129664
83 0.0378272521129664
84 0.04339311482168625
85 0.04339311482168625
86 0.04854669140383426
87 0.04854669140383426
88 0.05287569573283859
89 0.05287569573283859
90 0.05720470006184292
91 0.05720470006184292
92 0.061945990517419086
93 0.061945990517419086
94 0.06596578025149454
95 0.06596578025149454
96 0.0696763553906411
97 0.0696763553906411
98 0.0696763553906411
99 0.0696763553906411
100 0.06627499484642342
101 0.06627499484642342
102 0.06627499484642342
103 0.06627499484642342
104 0.06627499484642342
105 0.06627499484642342
106 0.06627499484642342
107 0.06627499484642342
108 0.06627499484642342
109 0.06627499484642342
110 0.06627499484642342
111 0.06627499484642342
112 0.06627499484642342
113 0.06627499484642342
114 0.06627499484642342
115 0.06627499484642342
116 0.06627499484642342
117 0.06627499484642342
118 0.06627499484642342
119 0.06627499484642342
120 0.06627499484642342
121 0.06627499484642342
122 0.06627499484642342
123 0.06627499484642342
124 0.06627499484642342
125 0.06627499484642342
126 0.06627499484642342
127 0.06627499484642342
128 0.06627499484642342
129 0.06627499484642342
130 0.06627499484642342
131 0.06627499484642342
132 0.06627499484642342
133 0.06627499484642342
134 0.06627499484642342
135 0.06627499484642342
136 0.06627499484642342
137 0.06627499484642342
138 0.06627499484642342
139 0.06627499484642342
140 0.06627499484642342
141 0.06627499484642342
142 0.06627499484642342
143 0.06627499484642342
144 0.06627499484642342
145 0.06627499484642342
146 0.06627499484642342
147 0.06627499484642342
148 0.06627499484642342
149 0.06627499484642342
150 0.06627499484642342
151 0.06627499484642342
152 0.06627499484642342
153 0.06627499484642342
154 0.06627499484642342
155 0.06627499484642342
156 0.06627499484642342
157 0.06627499484642342
158 0.06627499484642342
159 0.0772005772005772
160 0.0772005772005772
161 0.0772005772005772
162 0.08709544423830139
163 0.08709544423830139
164 0.08709544423830139
165 0.09781488352916924
166 0.09781488352916924
167 0.09781488352916924
168 0.1075036075036075
169 0.1075036075036075
170 0.1075036075036075
171 0.11698618841475984
172 0.11698618841475984
173 0.11698618841475984
174 0.12791177076891364
175 0.12791177076891364
176 0.12791177076891364
177 0.13770356627499486
178 0.13770356627499486
179 0.13770356627499486
180 0.1494537208822923
181 0.1494537208822923
182 0.1494537208822923
183 0.1593485879200165
184 0.1593485879200165
185 0.1593485879200165
186 0.16924345495774068
187 0.16924345495774068
188 0.16924345495774068
189 0.18037518037518038
190 0.18037518037518038
191 0.18037518037518038
192 0.1908884766027623
193 0.1908884766027623
194 0.1908884766027623
195 0.1908884766027623
196 0.1908884766027623
197 0.1908884766027623
198 0.1908884766027623
199 0.1908884766027623
200 0.18954854669140384
201 0.18954854669140384
202 0.18954854669140384
203 0.18954854669140384
204 0.18954854669140384
205 0.18954854669140384
206 0.18954854669140384
207 0.18954854669140384
208 0.18954854669140384
209 0.18954854669140384
210 0.18954854669140384
211 0.18954854669140384
212 0.18954854669140384
213 0.18954854669140384
214 0.18954854669140384
215 0.18954854669140384
216 0.18954854669140384
217 0.18954854669140384
218 0.18954854669140384
219 0.18954854669140384
220 0.18954854669140384
221 0.18954854669140384
222 0.18954854669140384
223 0.18954854669140384
224 0.18954854669140384
225 0.18954854669140384
226 0.18954854669140384
227 0.18954854669140384
228 0.18954854669140384
229 0.18954854669140384
230 0.18954854669140384
231 0.18954854669140384
232 0.18954854669140384
233 0.18954854669140384
234 0.18954854669140384
235 0.18954854669140384
236 0.18954854669140384
237 0.18954854669140384
238 0.18954854669140384
239 0.18954854669140384
240 0.18954854669140384
241 0.18954854669140384
242 0.18954854669140384
243 0.18954854669140384
244 0.18954854669140384
245 0.18954854669140384
246 0.18954854669140384
247 0.18954854669140384
248 0.18954854669140384
249 0.18954854669140384
250 0.18954854669140384
251 0.18954854669140384
252 0.18954854669140384
253 0.18954854669140384
254 0.18954854669140384
255 0.18954854669140384
256 0.18954854669140384
257 0.18954854669140384
258 0.18954854669140384
259 0.18954854669140384
260 0.18954854669140384
261 0.18954854669140384
262 0.18954854669140384
263 0.18954854669140384
264 0.18954854669140384
265 0.18954854669140384
266 0.18954854669140384
267 0.18954854669140384
268 0.18954854669140384
269 0.18954854669140384
270 0.18954854669140384
271 0.18954854669140384
272 0.18954854669140384
273 0.18954854669140384
274 0.18954854669140384
275 0.18954854669140384
276 0.19398062255205112
277 0.19398062255205112
278 0.19398062255205112
279 0.19398062255205112
280 0.19851576994434136
281 0.19851576994434136
282 0.19851576994434136
283 0.19851576994434136
284 0.2018140589569161
285 0.2018140589569161
286 0.2018140589569161
287 0.2018140589569161
288 0.20665842094413522
289 0.20665842094413522
290 0.20665842094413522
291 0.20665842094413522
292 0.21160585446299732
293 0.21160585446299732
294 0.21160585446299732
295 0.21160585446299732
296 0.21562564419707278
297 0.21562564419707278
298 0.21562564419707278
299 0.21562564419707278
300 0.22397443826015254
301 0.22397443826015254
302 0.22397443826015254
303 0.22397443826015254
304 0.22737579880437023
305 0.22737579880437023
306 0.22737579880437023
307 0.22737579880437023
308 0.23222016079158936
309 0.23222016079158936
310 0.23222016079158936
311 0.23222016079158936
312 0.2367553081838796
313 0.2367553081838796
314 0.2367553081838796
315 0.2367553081838796
316 0.2413935271078128
317 0.2413935271078128
318 0.2413935271078128
319 0.2413935271078128
320 0.24654710368996083
321 0.24654710368996083
322 0.24654710368996083
323 0.24654710368996083
324 0.24654710368996083
325 0.24654710368996083
326 0.24654710368996083
327 0.24654710368996083
328 0.24654710368996083
329 0.24654710368996083
330 0.24654710368996083
331 0.24654710368996083
332 0.24654710368996083
333 0.24654710368996083
334 0.24654710368996083
335 0.24654710368996083
336 0.24654710368996083
337 0.24654710368996083
338 0.24654710368996083
339 0.24654710368996083
340 0.24654710368996083
341 0.24654710368996083
342 0.24654710368996083
343 0.24654710368996083
344 0.24654710368996083
345 0.24654710368996083
346 0.24654710368996083
347 0.24654710368996083
348 0.24654710368996083
349 0.24654710368996083
350 0.24654710368996083
351 0.24654710368996083
352 0.24654710368996083
353 0.24654710368996083
354 0.24654710368996083
355 0.24654710368996083
356 0.24654710368996083
357 0.24654710368996083
358 0.24654710368996083
359 0.24654710368996083
360 0.24654710368996083
361 0.24654710368996083
362 0.24654710368996083
363 0.24654710368996083
364 0.24654710368996083
365 0.24654710368996083
366 0.24654710368996083
367 0.24654710368996083
368 0.24654710368996083
369 0.24654710368996083
370 0.24654710368996083
371 0.24654710368996083
372 0.24654710368996083
373 0.24654710368996083
374 0.24654710368996083
375 0.24654710368996083
376 0.24654710368996083
377 0.24654710368996083
378 0.24654710368996083
379 0.24654710368996083
380 0.24654710368996083
381 0.24654710368996083
382 0.24654710368996083
383 0.24654710368996083
384 0.24654710368996083
385 0.24654710368996083
386 0.24654710368996083
387 0.24654710368996083
388 0.24654710368996083
389 0.24654710368996083
390 0.24654710368996083
391 0.24654710368996083
392 0.24654710368996083
393 0.24654710368996083
394 0.24654710368996083
395 0.24654710368996083
396 0.24654710368996083
397 0.24654710368996083
398 0.24654710368996083
399 0.24654710368996083
400 0.25819418676561534
401 0.25819418676561534
402 0.25819418676561534
403 0.25819418676561534
404 0.25819418676561534
405 0.25819418676561534
406 0.25819418676561534
407 0.25819418676561534
408 0.25819418676561534
409 0.25819418676561534
410 0.25819418676561534
411 0.25819418676561534
412 0.25819418676561534
413 0.25819418676561534
414 0.25819418676561534
415 0.25819418676561534
416 0.25819418676561534
417 0.25819418676561534
418 0.25819418676561534
419 0.25819418676561534
420 0.25819418676561534
421 0.25819418676561534
422 0.25819418676561534
423 0.25819418676561534
424 0.25819418676561534
425 0.2613894042465471
426 0.2613894042465471
427 0.2613894042465471
428 0.2613894042465471
429 0.2613894042465471
430 0.2649969078540507
431 0.2649969078540507
432 0.2649969078540507
433 0.2649969078540507
434 0.2649969078540507
435 0.2689136260564832
436 0.2689136260564832
437 0.2689136260564832
438 0.2689136260564832
439 0.2689136260564832
440 0.2724180581323438
441 0.2724180581323438
442 0.2724180581323438
443 0.2724180581323438
444 0.2724180581323438
445 0.27623170480313336
446 0.27623170480313336
447 0.27623170480313336
448 0.27623170480313336
449 0.27623170480313336
450 0.28014842300556586
451 0.28014842300556586
452 0.28014842300556586
453 0.28014842300556586
454 0.28014842300556586
455 0.28354978354978355
456 0.28354978354978355
457 0.28354978354978355
458 0.28354978354978355
459 0.28354978354978355
460 0.2873634302205731
461 0.2873634302205731
462 0.2873634302205731
463 0.2873634302205731
464 0.2873634302205731
465 0.29210472067614923
466 0.29210472067614923
467 0.29210472067614923
468 0.29210472067614923
469 0.29210472067614923
470 0.2961245104102247
471 0.2961245104102247
472 0.2961245104102247
473 0.2961245104102247
474 0.2961245104102247
475 0.29993815708101423
476 0.29993815708101423
477 0.29993815708101423
478 0.29993815708101423
479 0.29993815708101423
480 0.3036487322201608
481 0.3036487322201608
482 0.3036487322201608
483 0.3036487322201608
484 0.3036487322201608
485 0.3036487322201608
486 0.3036487322201608
487 0.3036487322201608
488 0.3036487322201608
489 0.3036487322201608
490 0.3036487322201608
491 0.3036487322201608
492 0.3036487322201608
493 0.3036487322201608
494 0.3036487322201608
495 0.3036487322201608
496 0.3036487322201608
497 0.3036487322201608
498 0.3036487322201608
499 0.3036487322201608
500 0.2949907235621521
