# Data for router 1
0 0.0
1 0.0
2 0.0
3 0.0
4 0.0
5 0.0
6 0.0
7 0.0
8 0.0
9 0.0
10 0.0
11 0.0
12 0.0
13 0.0
14 0.0
15 0.0
16 0.0
17 0.0
18 0.0
19 0.0
20 0.0
21 0.021541950113378686
22 0.04071325499896929
23 0.06060606060606061
24 0.08101422387136673
25 0.10111317254174397
26 0.11873840445269017
27 0.1386312100597815
28 0.1590393733250876
29 0.17862296433725006
30 0.1987219130076273
31 0.21902700474129044
32 0.2375798804370233
33 0.2375798804370233
34 0.2375798804370233
35 0.2375798804370233
36 0.2375798804370233
37 0.2375798804370233
38 0.2375798804370233
39 0.2375798804370233
40 0.2375798804370233
41 0.2375798804370233
42 0.2375798804370233
43 0.2375798804370233
44 0.2375798804370233
45 0.2375798804370233
46 0.2375798804370233
47 0.2375798804370233
48 0.2375798804370233
49 0.2375798804370233
50 0.2375798804370233
51 0.2375798804370233
52 0.2375798804370233
53 0.2375798804370233
54 0.2375798804370233
55 0.2375798804370233
56 0.2375798804370233
57 0.2375798804370233
58 0.2375798804370233
59 0.2375798804370233
60 0.2375798804370233
61 0.2375798804370233
62 0.2375798804370233
63 0.2375798804370233
64 0.2375798804370233
65 0.2375798804370233
66 0.2375798804370233
67 0.2375798804370233
68 0.2375798804370233
69 0.2375798804370233
70 0.2375798804370233
71 0.2375798804370233
72 0.2375798804370233
73 0.2375798804370233
74 0.24427952999381572
75 0.24427952999381572
76 0.25200989486703773
77 0.25200989486703773
78 0.26015254586683156
79 0.26015254586683156
80 0.266749123891981
81 0.266749123891981
82 0.27262420119562975
83 0.27262420119562975
84 0.2805607091321377
85 0.2805607091321377
86 0.28746650175221605
87 0.28746650175221605
88 0.2938569367140796
89 0.2938569367140796
90 0.2994227994227994
91 0.2994227994227994
92 0.30663780663780665
93 0.30663780663780665
94 0.31385281385281383
95 0.31385281385281383
96 0.32024324881467736
97 0.32024324881467736
98 0.32024324881467736
99 0.32024324881467736
100 0.31859410430839
101 0.31859410430839
102 0.31859410430839
103 0.31859410430839
104 0.31859410430839
105 0.31859410430839
106 0.31859410430839
107 0.31859410430839
108 0.31859410430839
109 0.31859410430839
110 0.31859410430839
111 0.31859410430839
112 0.31859410430839
113 0.31859410430839
114 0.31859410430839
115 0.31859410430839
116 0.31859410430839
117 0.31859410430839
118 0.31859410430839
119 0.31859410430839
120 0.31859410430839
121 0.31859410430839
122 0.31859410430839
123 0.31859410430839
124 0.31859410430839
125 0.31859410430839
126 0.31859410430839
127 0.31859410430839
128 0.31859410430839
129 0.31859410430839
130 0.31859410430839
131 0.31859410430839
132 0.31859410430839
133 0.31859410430839
134 0.31859410430839
135 0.31859410430839
136 0.31859410430839
137 0.31859410430839
138 0.31859410430839
139 0.31859410430839
140 0.31859410430839
141 0.31859410430839
142 0.31859410430839
143 0.31859410430839
144 0.31859410430839
145 0.31859410430839
146 0.31859410430839
147 0.31859410430839
148 0.31859410430839
149 0.31859410430839
150 0.31859410430839
151 0.31859410430839
152 0.31859410430839
153 0.31859410430839
154 0.31859410430839
155 0.31859410430839
156 0.31859410430839
157 0.31859410430839
158 0.31859410430839
159 0.32653061224489793
160 0.32653061224489793
161 0.32653061224489793
162 0.33353947639661924
163 0.33353947639661924
164 0.33353947639661924
165 0.34137291280148424
166 0.34137291280148424
167 0.34137291280148424
168 0.34961863533292104
169 0.34961863533292104
170 0.34961863533292104
171 0.35827664399092973
172 0.35827664399092973
173 0.35827664399092973
174 0.3654916512059369
175 0.3654916512059369
176 0.3654916512059369
177 0.3736343022057308
178 0.3736343022057308
179 0.3736343022057308
180 0.3810554524840239
181 0.3810554524840239
182 0.3810554524840239
183 0.38878581735724593
184 0.38878581735724593
185 0.38878581735724593
186 0.39579468150896724
187 0.39579468150896724
188 0.39579468150896724
189 0.40538033395176254
190 0.40538033395176254
191 0.40538033395176254
192 0.41074005359719645
193 0.41074005359719645
194 0.41074005359719645
195 0.41074005359719645
196 0.41074005359719645
197 0.41074005359719645
198 0.41074005359719645
199 0.41074005359719645
200 0.40032982890125746
201 0.40032982890125746
202 0.40032982890125746
203 0.40032982890125746
204 0.40032982890125746
205 0.40032982890125746
206 0.40032982890125746
207 0.40032982890125746
208 0.40032982890125746
209 0.40032982890125746
210 0.40032982890125746
211 0.40032982890125746
212 0.40032982890125746
213 0.40032982890125746
214 0.40032982890125746
215 0.40032982890125746
216 0.40032982890125746
217 0.40032982890125746
218 0.40032982890125746
219 0.40032982890125746
220 0.40032982890125746
221 0.40032982890125746
222 0.40032982890125746
223 0.40032982890125746
224 0.40032982890125746
225 0.40032982890125746
226 0.40032982890125746
227 0.40032982890125746
228 0.40032982890125746
229 0.40032982890125746
230 0.40032982890125746
231 0.40032982890125746
232 0.40032982890125746
233 0.40032982890125746
234 0.40032982890125746
235 0.40032982890125746
236 0.40032982890125746
237 0.40032982890125746
238 0.40032982890125746
239 0.40032982890125746
240 0.40032982890125746
241 0.40032982890125746
242 0.40032982890125746
243 0.40032982890125746
244 0.40032982890125746
245 0.40032982890125746
246 0.40032982890125746
247 0.40032982890125746
248 0.40032982890125746
249 0.40032982890125746
250 0.40032982890125746
251 0.40032982890125746
252 0.40032982890125746
253 0.40032982890125746
254 0.40032982890125746
255 0.40032982890125746
256 0.40032982890125746
257 0.40032982890125746
258 0.40032982890125746
259 0.40032982890125746
260 0.40032982890125746
261 0.40032982890125746
262 0.40032982890125746
263 0.40032982890125746
264 0.40032982890125746
265 0.40032982890125746
266 0.40032982890125746
267 0.40032982890125746
268 0.40032982890125746
269 0.40032982890125746
270 0.40032982890125746
271 0.40032982890125746
272 0.40032982890125746
273 0.40032982890125746
274 0.40032982890125746
275 0.40032982890125746
276 0.4153782725211297
277 0.4153782725211297
278 0.4153782725211297
279 0.4153782725211297
280 0.43104514533085964
281 0.43104514533085964
282 0.43104514533085964
283 0.43104514533085964
284 0.4472273757988044
285 0.4472273757988044
286 0.4472273757988044
287 0.4472273757988044
288 0.46310039167182027
289 0.46310039167182027
290 0.46310039167182027
291 0.46310039167182027
292 0.4780457637600495
293 0.4780457637600495
294 0.4780457637600495
295 0.4780457637600495
296 0.4933003504432076
297 0.4933003504432076
298 0.4933003504432076
299 0.4933003504432076
300 0.5149453720882292
301 0.5149453720882292
302 0.5149453720882292
303 0.5149453720882292
304 0.5292723149866007
305 0.5292723149866007
306 0.5292723149866007
307 0.5292723149866007
308 0.5438054009482581
309 0.5438054009482581
310 0.5438054009482581
311 0.5438054009482581
312 0.559472273757988
313 0.559472273757988
314 0.559472273757988
315 0.559472273757988
316 0.5766852195423624
317 0.5766852195423624
318 0.5766852195423624
319 0.5766852195423624
320 0.5923520923520924
321 0.5923520923520924
322 0.5923520923520924
323 0.5923520923520924
324 0.5923520923520924
325 0.5923520923520924
326 0.5923520923520924
327 0.5923520923520924
328 0.5923520923520924
329 0.5923520923520924
330 0.5923520923520924
331 0.5923520923520924
332 0.5923520923520924
333 0.5923520923520924
334 0.5923520923520924
335 0.5923520923520924
336 0.5923520923520924
337 0.5923520923520924
338 0.5923520923520924
339 0.5923520923520924
340 0.5923520923520924
341 0.5923520923520924
342 0.5923520923520924
343 0.5923520923520924
344 0.5923520923520924
345 0.5923520923520924
346 0.5923520923520924
347 0.5923520923520924
348 0.5923520923520924
349 0.5923520923520924
350 0.5923520923520924
351 0.5923520923520924
352 0.5923520923520924
353 0.5923520923520924
354 0.5923520923520924
355 0.5923520923520924
356 0.5923520923520924
357 0.5923520923520924
358 0.5923520923520924
359 0.5923520923520924
360 0.5923520923520924
361 0.5923520923520924
362 0.5923520923520924
363 0.5923520923520924
364 0.5923520923520924
365 0.5923520923520924
366 0.5923520923520924
367 0.5923520923520924
368 0.5923520923520924
369 0.5923520923520924
370 0.5923520923520924
371 0.5923520923520924
372 0.5923520923520924
373 0.5923520923520924
374 0.5923520923520924
375 0.5923520923520924
376 0.5923520923520924
377 0.5923520923520924
378 0.5923520923520924
379 0.5923520923520924
380 0.5923520923520924
381 0.5923520923520924
382 0.5923520923520924
383 0.5923520923520924
384 0.5923520923520924
385 0.5923520923520924
386 0.5923520923520924
387 0.5923520923520924
388 0.5923520923520924
389 0.5923520923520924
390 0.5923520923520924
391 0.5923520923520924
392 0.5923520923520924
393 0.5923520923520924
394 0.5923520923520924
395 0.5923520923520924
396 0.5923520923520924
397 0.5923520923520924
398 0.5923520923520924
399 0.5923520923520924
400 0.5933828076685219
401 0.5933828076685219
402 0.5933828076685219
403 0.5933828076685219
404 0.5933828076685219
405 0.5933828076685219
406 0.5933828076685219
407 0.5933828076685219
408 0.5933828076685219
409 0.5933828076685219
410 0.5933828076685219
411 0.5933828076685219
412 0.5933828076685219
413 0.5933828076685219
414 0.5933828076685219
415 0.5933828076685219
416 0.5933828076685219
417 0.5933828076685219
418 0.5933828076685219
419 0.5933828076685219
420 0.5933828076685219
421 0.5933828076685219
422 0.5933828076685219
423 0.5933828076685219
424 0.5933828076685219
425 0.6030715316429602
426 0.6030715316429602
427 0.6030715316429602
428 0.6030715316429602
429 0.6030715316429602
430 0.6116264687693259
431 0.6116264687693259
432 0.6116264687693259
433 0.6116264687693259
434 0.6116264687693259
435 0.6201814058956916
436 0.6201814058956916
437 0.6201814058956916
438 0.6201814058956916
439 0.6201814058956916
440 0.626984126984127
441 0.626984126984127
442 0.626984126984127
443 0.626984126984127
444 0.626984126984127
445 0.6365697794269223
446 0.6365697794269223
447 0.6365697794269223
448 0.6365697794269223
449 0.6365697794269223
450 0.6453308596165739
451 0.6453308596165739
452 0.6453308596165739
453 0.6453308596165739
454 0.6453308596165739
455 0.6535765821480107
456 0.6535765821480107
457 0.6535765821480107
458 0.6535765821480107
459 0.6535765821480107
460 0.6613069470212327
461 0.6613069470212327
462 0.6613069470212327
463 0.6613069470212327
464 0.6613069470212327
465 0.6673881673881674
466 0.6673881673881674
467 0.6673881673881674
468 0.6673881673881674
469 0.6673881673881674
470 0.6750154607297465
471 0.6750154607297465
472 0.6750154607297465
473 0.6750154607297465
474 0.6750154607297465
475 0.6834673263244692
476 0.6834673263244692
477 0.6834673263244692
478 0.6834673263244692
479 0.6834673263244692
480 0.6914038342609771
481 0.6914038342609771
482 0.6914038342609771
483 0.6914038342609771
484 0.6914038342609771
485 0.6914038342609771
486 0.6914038342609771
487 0.6914038342609771
488 0.6914038342609771
489 0.6914038342609771
490 0.6914038342609771
491 0.6914038342609771
492 0.6914038342609771
493 0.6914038342609771
494 0.6914038342609771
495 0.6914038342609771
496 0.6914038342609771
497 0.6914038342609771
498 0.6914038342609771
499 0.6914038342609771
500 0.6856318284889713
