# Data for router 10
0 0.0
1 0.0
2 0.0
3 0.0
4 0.0
5 0.0
6 0.0
7 0.0
8 0.0
9 0.0
10 0.0
11 0.0
12 0.0
13 0.0
14 0.0
15 0.0
16 0.0
17 0.0
18 0.0
19 0.0
20 0.0
21 0.020923520923520924
22 0.04009482580911152
23 0.05988455988455989
24 0.08049886621315193
25 0.098433312719027
26 0.11688311688311688
27 0.13584827870542157
28 0.1559472273757988
29 0.1740878169449598
30 0.19109461966604824
31 0.21078128220985365
32 0.2302618016903731
33 0.2302618016903731
34 0.2302618016903731
35 0.2302618016903731
36 0.2302618016903731
37 0.2302618016903731
38 0.2302618016903731
39 0.2302618016903731
40 0.2302618016903731
41 0.2302618016903731
42 0.2302618016903731
43 0.2302618016903731
44 0.2302618016903731
45 0.2302618016903731
46 0.2302618016903731
47 0.2302618016903731
48 0.2302618016903731
49 0.2302618016903731
50 0.2302618016903731
51 0.2302618016903731
52 0.2302618016903731
53 0.2302618016903731
54 0.2302618016903731
55 0.2302618016903731
56 0.2302618016903731
57 0.2302618016903731
58 0.2302618016903731
59 0.2302618016903731
60 0.2302618016903731
61 0.2302618016903731
62 0.2302618016903731
63 0.2302618016903731
64 0.2302618016903731
65 0.2302618016903731
66 0.2302618016903731
67 0.2302618016903731
68 0.2302618016903731
69 0.2302618016903731
70 0.2302618016903731
71 0.2302618016903731
72 0.2302618016903731
73 0.2302618016903731
74 0.23819830962688104
75 0.23819830962688104
76 0.24355802927231499
77 0.24355802927231499
78 0.2490208204493919
79 0.2490208204493919
80 0.2571634714491857
81 0.2571634714491857
82 0.2650999793856937
83 0.2650999793856937
84 0.27107812822098537
85 0.27107812822098537
86 0.27767470624613483
87 0.27767470624613483
88 0.284992784992785
89 0.284992784992785
90 0.2922077922077922
91 0.2922077922077922
92 0.2995258709544424
93 0.2995258709544424
94 0.3068439497010926
95 0.3068439497010926
96 0.3141620284477427
97 0.3141620284477427
98 0.3141620284477427
99 0.3141620284477427
100 0.30787466501752214
101 0.30787466501752214
102 0.30787466501752214
103 0.30787466501752214
104 0.30787466501752214
105 0.30787466501752214
106 0.30787466501752214
107 0.30787466501752214
108 0.30787466501752214
109 0.30787466501752214
110 0.30787466501752214
111 0.30787466501752214
112 0.30787466501752214
113 0.30787466501752214
114 0.30787466501752214
115 0.30787466501752214
116 0.30787466501752214
117 0.30787466501752214
118 0.30787466501752214
119 0.30787466501752214
120 0.30787466501752214
121 0.30787466501752214
122 0.30787466501752214
123 0.30787466501752214
124 0.30787466501752214
125 0.30787466501752214
126 0.30787466501752214
127 0.30787466501752214
128 0.30787466501752214
129 0.30787466501752214
130 0.30787466501752214
131 0.30787466501752214
132 0.30787466501752214
133 0.30787466501752214
134 0.30787466501752214
135 0.30787466501752214
136 0.30787466501752214
137 0.30787466501752214
138 0.30787466501752214
139 0.30787466501752214
140 0.30787466501752214
141 0.30787466501752214
142 0.30787466501752214
143 0.30787466501752214
144 0.30787466501752214
145 0.30787466501752214
146 0.30787466501752214
147 0.30787466501752214
148 0.30787466501752214
149 0.30787466501752214
150 0.30787466501752214
151 0.30787466501752214
152 0.30787466501752214
153 0.30787466501752214
154 0.30787466501752214
155 0.30787466501752214
156 0.30787466501752214
157 0.30787466501752214
158 0.30787466501752214
159 0.3156050298907442
160 0.3156050298907442
161 0.3156050298907442
162 0.32333539476396617
163 0.32333539476396617
164 0.32333539476396617
165 0.33178726035868894
166 0.33178726035868894
167 0.33178726035868894
168 0.3386930529787673
169 0.3386930529787673
170 0.3386930529787673
171 0.34590806019377446
172 0.34590806019377446
173 0.34590806019377446
174 0.35291692434549576
175 0.35291692434549576
176 0.35291692434549576
177 0.3611626468769326
178 0.3611626468769326
179 0.3611626468769326
180 0.36848072562358275
181 0.36848072562358275
182 0.36848072562358275
183 0.37600494743351887
184 0.37600494743351887
185 0.37600494743351887
186 0.38311688311688313
187 0.38311688311688313
188 0.38311688311688313
189 0.39136260564831993
190 0.39136260564831993
191 0.39136260564831993
192 0.3992991135848279
193 0.3992991135848279
194 0.3992991135848279
195 0.3992991135848279
196 0.3992991135848279
197 0.3992991135848279
198 0.3992991135848279
199 0.3992991135848279
200 0.4036281179138322
201 0.4036281179138322
202 0.4036281179138322
203 0.4036281179138322
204 0.4036281179138322
205 0.4036281179138322
206 0.4036281179138322
207 0.4036281179138322
208 0.4036281179138322
209 0.4036281179138322
210 0.4036281179138322
211 0.4036281179138322
212 0.4036281179138322
213 0.4036281179138322
214 0.4036281179138322
215 0.4036281179138322
216 0.4036281179138322
217 0.4036281179138322
218 0.4036281179138322
219 0.4036281179138322
220 0.4036281179138322
221 0.4036281179138322
222 0.4036281179138322
223 0.4036281179138322
224 0.4036281179138322
225 0.4036281179138322
226 0.4036281179138322
227 0.4036281179138322
228 0.4036281179138322
229 0.4036281179138322
230 0.4036281179138322
231 0.4036281179138322
232 0.4036281179138322
233 0.4036281179138322
234 0.4036281179138322
235 0.4036281179138322
236 0.4036281179138322
237 0.4036281179138322
238 0.4036281179138322
239 0.4036281179138322
240 0.4036281179138322
241 0.4036281179138322
242 0.4036281179138322
243 0.4036281179138322
244 0.4036281179138322
245 0.4036281179138322
246 0.4036281179138322
247 0.4036281179138322
248 0.4036281179138322
249 0.4036281179138322
250 0.4036281179138322
251 0.4036281179138322
252 0.4036281179138322
253 0.4036281179138322
254 0.4036281179138322
255 0.4036281179138322
256 0.4036281179138322
257 0.4036281179138322
258 0.4036281179138322
259 0.4036281179138322
260 0.4036281179138322
261 0.4036281179138322
262 0.4036281179138322
263 0.4036281179138322
264 0.4036281179138322
265 0.4036281179138322
266 0.4036281179138322
267 0.4036281179138322
268 0.4036281179138322
269 0.4036281179138322
270 0.4036281179138322
271 0.4036281179138322
272 0.4036281179138322
273 0.4036281179138322
274 0.4036281179138322
275 0.4036281179138322
276 0.41805813234384664
277 0.41805813234384664
278 0.41805813234384664
279 0.41805813234384664
280 0.43279736136878993
281 0.43279736136878993
282 0.43279736136878993
283 0.43279736136878993
284 0.44733044733044736
285 0.44733044733044736
286 0.44733044733044736
287 0.44733044733044736
288 0.46155431869717584
289 0.46155431869717584
290 0.46155431869717584
291 0.46155431869717584
292 0.47474747474747475
293 0.47474747474747475
294 0.47474747474747475
295 0.47474747474747475
296 0.4898989898989899
297 0.4898989898989899
298 0.4898989898989899
299 0.4898989898989899
300 0.5108225108225108
301 0.5108225108225108
302 0.5108225108225108
303 0.5108225108225108
304 0.5237064522778808
305 0.5237064522778808
306 0.5237064522778808
307 0.5237064522778808
308 0.5392702535559678
309 0.5392702535559678
310 0.5392702535559678
311 0.5392702535559678
312 0.5553494124922697
313 0.5553494124922697
314 0.5553494124922697
315 0.5553494124922697
316 0.5691609977324263
317 0.5691609977324263
318 0.5691609977324263
319 0.5691609977324263
320 0.5852401566687281
321 0.5852401566687281
322 0.5852401566687281
323 0.5852401566687281
324 0.5852401566687281
325 0.5852401566687281
326 0.5852401566687281
327 0.5852401566687281
328 0.5852401566687281
329 0.5852401566687281
330 0.5852401566687281
331 0.5852401566687281
332 0.5852401566687281
333 0.5852401566687281
334 0.5852401566687281
335 0.5852401566687281
336 0.5852401566687281
337 0.5852401566687281
338 0.5852401566687281
339 0.5852401566687281
340 0.5852401566687281
341 0.5852401566687281
342 0.5852401566687281
343 0.5852401566687281
344 0.5852401566687281
345 0.5852401566687281
346 0.5852401566687281
347 0.5852401566687281
348 0.5852401566687281
349 0.5852401566687281
350 0.5852401566687281
351 0.5852401566687281
352 0.5852401566687281
353 0.5852401566687281
354 0.5852401566687281
355 0.5852401566687281
356 0.5852401566687281
357 0.5852401566687281
358 0.5852401566687281
359 0.5852401566687281
360 0.5852401566687281
361 0.5852401566687281
362 0.5852401566687281
363 0.5852401566687281
364 0.5852401566687281
365 0.5852401566687281
366 0.5852401566687281
367 0.5852401566687281
368 0.5852401566687281
369 0.5852401566687281
370 0.5852401566687281
371 0.5852401566687281
372 0.5852401566687281
373 0.5852401566687281
374 0.5852401566687281
375 0.5852401566687281
376 0.5852401566687281
377 0.5852401566687281
378 0.5852401566687281
379 0.5852401566687281
380 0.5852401566687281
381 0.5852401566687281
382 0.5852401566687281
383 0.5852401566687281
384 0.5852401566687281
385 0.5852401566687281
386 0.5852401566687281
387 0.5852401566687281
388 0.5852401566687281
389 0.5852401566687281
390 0.5852401566687281
391 0.5852401566687281
392 0.5852401566687281
393 0.5852401566687281
394 0.5852401566687281
395 0.5852401566687281
396 0.5852401566687281
397 0.5852401566687281
398 0.5852401566687281
399 0.5852401566687281
400 0.5908060193774479
401 0.5908060193774479
402 0.5908060193774479
403 0.5908060193774479
404 0.5908060193774479
405 0.5908060193774479
406 0.5908060193774479
407 0.5908060193774479
408 0.5908060193774479
409 0.5908060193774479
410 0.5908060193774479
411 0.5908060193774479
412 0.5908060193774479
413 0.5908060193774479
414 0.5908060193774479
415 0.5908060193774479
416 0.5908060193774479
417 0.5908060193774479
418 0.5908060193774479
419 0.5908060193774479
420 0.5908060193774479
421 0.5908060193774479
422 0.5908060193774479
423 0.5908060193774479
424 0.5908060193774479
425 0.5996701710987425
426 0.5996701710987425
427 0.5996701710987425
428 0.5996701710987425
429 0.5996701710987425
430 0.6082251082251082
431 0.6082251082251082
432 0.6082251082251082
433 0.6082251082251082
434 0.6082251082251082
435 0.6175015460729747
436 0.6175015460729747
437 0.6175015460729747
438 0.6175015460729747
439 0.6175015460729747
440 0.6254380540094826
441 0.6254380540094826
442 0.6254380540094826
443 0.6254380540094826
444 0.6254380540094826
445 0.6340960626674912
446 0.6340960626674912
447 0.6340960626674912
448 0.6340960626674912
449 0.6340960626674912
450 0.6419294990723562
451 0.6419294990723562
452 0.6419294990723562
453 0.6419294990723562
454 0.6419294990723562
455 0.6495567924139353
456 0.6495567924139353
457 0.6495567924139353
458 0.6495567924139353
459 0.6495567924139353
460 0.658008658008658
461 0.658008658008658
462 0.658008658008658
463 0.658008658008658
464 0.658008658008658
465 0.6650175221603793
466 0.6650175221603793
467 0.6650175221603793
468 0.6650175221603793
469 0.6650175221603793
470 0.673572459286745
471 0.673572459286745
472 0.673572459286745
473 0.673572459286745
474 0.673572459286745
475 0.6816120387548958
476 0.6816120387548958
477 0.6816120387548958
478 0.6816120387548958
479 0.6816120387548958
480 0.6887239744382602
481 0.6887239744382602
482 0.6887239744382602
483 0.6887239744382602
484 0.6887239744382602
485 0.6887239744382602
486 0.6887239744382602
487 0.6887239744382602
488 0.6887239744382602
489 0.6887239744382602
490 0.6887239744382602
491 0.6887239744382602
492 0.6887239744382602
493 0.6887239744382602
494 0.6887239744382602
495 0.6887239744382602
496 0.6887239744382602
497 0.6887239744382602
498 0.6887239744382602
499 0.6887239744382602
500 0.6848072562358276
