# Data for router 4
0 0.0
1 0.0
2 0.0
3 0.0
4 0.0
5 0.0
6 0.0
7 0.0
8 0.0
9 0.0
10 0.0
11 0.0
12 0.0
13 0.0
14 0.0
15 0.0
16 0.0
17 0.0
18 0.0
19 0.0
20 0.0
21 0.03329210472067615
22 0.06823335394763966
23 0.10533910533910534
24 0.14306328592042877
25 0.18387961245104104
26 0.21768707482993196
27 0.2521129663986807
28 0.28839414553700266
29 0.32220160791589364
30 0.3564213564213564
31 0.3919810348381777
32 0.42712842712842713
33 0.42712842712842713
34 0.42712842712842713
35 0.42712842712842713
36 0.42712842712842713
37 0.42712842712842713
38 0.42712842712842713
39 0.42712842712842713
40 0.42712842712842713
41 0.42712842712842713
42 0.42712842712842713
43 0.42712842712842713
44 0.42712842712842713
45 0.42712842712842713
46 0.42712842712842713
47 0.42712842712842713
48 0.42712842712842713
49 0.42712842712842713
50 0.42712842712842713
51 0.42712842712842713
52 0.42712842712842713
53 0.42712842712842713
54 0.42712842712842713
55 0.42712842712842713
56 0.42712842712842713
57 0.42712842712842713
58 0.42712842712842713
59 0.42712842712842713
60 0.42712842712842713
61 0.42712842712842713
62 0.42712842712842713
63 0.42712842712842713
64 0.42712842712842713
65 0.42712842712842713
66 0.42712842712842713
67 0.42712842712842713
68 0.42712842712842713
69 0.42712842712842713
70 0.42712842712842713
71 0.42712842712842713
72 0.42712842712842713
73 0.42712842712842713
74 0.4396000824572253
75 0.4396000824572253
76 0.4540300968872397
77 0.4540300968872397
78 0.4706246134817563
79 0.4706246134817563
80 0.4824778396206968
81 0.4824778396206968
82 0.49474335188620905
83 0.49474335188620905
84 0.507730364873222
85 0.507730364873222
86 0.5221603793032364
87 0.5221603793032364
88 0.5364873222016079
89 0.5364873222016079
90 0.549371263656978
91 0.549371263656978
92 0.562358276643991
93 0.562358276643991
94 0.5754483611626469
95 0.5754483611626469
96 0.5901875901875901
97 0.5901875901875901
98 0.5901875901875901
99 0.5901875901875901
100 0.5911152339723769
101 0.5911152339723769
102 0.5911152339723769
103 0.5911152339723769
104 0.5911152339723769
105 0.5911152339723769
106 0.5911152339723769
107 0.5911152339723769
108 0.5911152339723769
109 0.5911152339723769
110 0.5911152339723769
111 0.5911152339723769
112 0.5911152339723769
113 0.5911152339723769
114 0.5911152339723769
115 0.5911152339723769
116 0.5911152339723769
117 0.5911152339723769
118 0.5911152339723769
119 0.5911152339723769
120 0.5911152339723769
121 0.5911152339723769
122 0.5911152339723769
123 0.5911152339723769
124 0.5911152339723769
125 0.5911152339723769
126 0.5911152339723769
127 0.5911152339723769
128 0.5911152339723769
129 0.5911152339723769
130 0.5911152339723769
131 0.5911152339723769
132 0.5911152339723769
133 0.5911152339723769
134 0.5911152339723769
135 0.5911152339723769
136 0.5911152339723769
137 0.5911152339723769
138 0.5911152339723769
139 0.5911152339723769
140 0.5911152339723769
141 0.5911152339723769
142 0.5911152339723769
143 0.5911152339723769
144 0.5911152339723769
145 0.5911152339723769
146 0.5911152339723769
147 0.5911152339723769
148 0.5911152339723769
149 0.5911152339723769
150 0.5911152339723769
151 0.5911152339723769
152 0.5911152339723769
153 0.5911152339723769
154 0.5911152339723769
155 0.5911152339723769
156 0.5911152339723769
157 0.5911152339723769
158 0.5911152339723769
159 0.5946196660482375
160 0.5946196660482375
161 0.5946196660482375
162 0.5990517419088848
163 0.5990517419088848
164 0.5990517419088848
165 0.6030715316429602
166 0.6030715316429602
167 0.6030715316429602
168 0.6078128220985364
169 0.6078128220985364
170 0.6078128220985364
171 0.6118326118326118
172 0.6118326118326118
173 0.6118326118326118
174 0.616573902288188
175 0.616573902288188
176 0.616573902288188
177 0.621727478870336
178 0.621727478870336
179 0.621727478870336
180 0.6260564831993404
181 0.6260564831993404
182 0.6260564831993404
183 0.6304885590599877
184 0.6304885590599877
185 0.6304885590599877
186 0.634508348794063
187 0.634508348794063
188 0.634508348794063
189 0.6396619253762111
190 0.6396619253762111
191 0.6396619253762111
192 0.6444032158317873
193 0.6444032158317873
194 0.6444032158317873
195 0.6444032158317873
196 0.6444032158317873
197 0.6444032158317873
198 0.6444032158317873
199 0.6444032158317873
200 0.6382189239332097
201 0.6382189239332097
202 0.6382189239332097
203 0.6382189239332097
204 0.6382189239332097
205 0.6382189239332097
206 0.6382189239332097
207 0.6382189239332097
208 0.6382189239332097
209 0.6382189239332097
210 0.6382189239332097
211 0.6382189239332097
212 0.6382189239332097
213 0.6382189239332097
214 0.6382189239332097
215 0.6382189239332097
216 0.6382189239332097
217 0.6382189239332097
218 0.6382189239332097
219 0.6382189239332097
220 0.6382189239332097
221 0.6382189239332097
222 0.6382189239332097
223 0.6382189239332097
224 0.6382189239332097
225 0.6382189239332097
226 0.6382189239332097
227 0.6382189239332097
228 0.6382189239332097
229 0.6382189239332097
230 0.6382189239332097
231 0.6382189239332097
232 0.6382189239332097
233 0.6382189239332097
234 0.6382189239332097
235 0.6382189239332097
236 0.6382189239332097
237 0.6382189239332097
238 0.6382189239332097
239 0.6382189239332097
240 0.6382189239332097
241 0.6382189239332097
242 0.6382189239332097
243 0.6382189239332097
244 0.6382189239332097
245 0.6382189239332097
246 0.6382189239332097
247 0.6382189239332097
248 0.6382189239332097
249 0.6382189239332097
250 0.6382189239332097
251 0.6382189239332097
252 0.6382189239332097
253 0.6382189239332097
254 0.6382189239332097
255 0.6382189239332097
256 0.6382189239332097
257 0.6382189239332097
258 0.6382189239332097
259 0.6382189239332097
260 0.6382189239332097
261 0.6382189239332097
262 0.6382189239332097
263 0.6382189239332097
264 0.6382189239332097
265 0.6382189239332097
266 0.6382189239332097
267 0.6382189239332097
268 0.6382189239332097
269 0.6382189239332097
270 0.6382189239332097
271 0.6382189239332097
272 0.6382189239332097
273 0.6382189239332097
274 0.6382189239332097
275 0.6382189239332097
276 0.644918573490002
277 0.644918573490002
278 0.644918573490002
279 0.644918573490002
280 0.6520305091733664
281 0.6520305091733664
282 0.6520305091733664
283 0.6520305091733664
284 0.6585240156668728
285 0.6585240156668728
286 0.6585240156668728
287 0.6585240156668728
288 0.6672850958565244
289 0.6672850958565244
290 0.6672850958565244
291 0.6672850958565244
292 0.6741908884766028
293 0.6741908884766028
294 0.6741908884766028
295 0.6741908884766028
296 0.6805813234384663
297 0.6805813234384663
298 0.6805813234384663
299 0.6805813234384663
300 0.7003710575139147
301 0.7003710575139147
302 0.7003710575139147
303 0.7003710575139147
304 0.7076891362605648
305 0.7076891362605648
306 0.7076891362605648
307 0.7076891362605648
308 0.7139764996907854
309 0.7139764996907854
310 0.7139764996907854
311 0.7139764996907854
312 0.720263863121006
313 0.720263863121006
314 0.720263863121006
315 0.720263863121006
316 0.7276850133992991
317 0.7276850133992991
318 0.7276850133992991
319 0.7276850133992991
320 0.7340754483611627
321 0.7340754483611627
322 0.7340754483611627
323 0.7340754483611627
324 0.7340754483611627
325 0.7340754483611627
326 0.7340754483611627
327 0.7340754483611627
328 0.7340754483611627
329 0.7340754483611627
330 0.7340754483611627
331 0.7340754483611627
332 0.7340754483611627
333 0.7340754483611627
334 0.7340754483611627
335 0.7340754483611627
336 0.7340754483611627
337 0.7340754483611627
338 0.7340754483611627
339 0.7340754483611627
340 0.7340754483611627
341 0.7340754483611627
342 0.7340754483611627
343 0.7340754483611627
344 0.7340754483611627
345 0.7340754483611627
346 0.7340754483611627
347 0.7340754483611627
348 0.7340754483611627
349 0.7340754483611627
350 0.7340754483611627
351 0.7340754483611627
352 0.7340754483611627
353 0.7340754483611627
354 0.7340754483611627
355 0.7340754483611627
356 0.7340754483611627
357 0.7340754483611627
358 0.7340754483611627
359 0.7340754483611627
360 0.7340754483611627
361 0.7340754483611627
362 0.7340754483611627
363 0.7340754483611627
364 0.7340754483611627
365 0.7340754483611627
366 0.7340754483611627
367 0.7340754483611627
368 0.7340754483611627
369 0.7340754483611627
370 0.7340754483611627
371 0.7340754483611627
372 0.7340754483611627
373 0.7340754483611627
374 0.7340754483611627
375 0.7340754483611627
376 0.7340754483611627
377 0.7340754483611627
378 0.7340754483611627
379 0.7340754483611627
380 0.7340754483611627
381 0.7340754483611627
382 0.7340754483611627
383 0.7340754483611627
384 0.7340754483611627
385 0.7340754483611627
386 0.7340754483611627
387 0.7340754483611627
388 0.7340754483611627
389 0.7340754483611627
390 0.7340754483611627
391 0.7340754483611627
392 0.7340754483611627
393 0.7340754483611627
394 0.7340754483611627
395 0.7340754483611627
396 0.7340754483611627
397 0.7340754483611627
398 0.7340754483611627
399 0.7340754483611627
400 0.7347969490826634
401 0.7347969490826634
402 0.7347969490826634
403 0.7347969490826634
404 0.7347969490826634
405 0.7347969490826634
406 0.7347969490826634
407 0.7347969490826634
408 0.7347969490826634
409 0.7347969490826634
410 0.7347969490826634
411 0.7347969490826634
412 0.7347969490826634
413 0.7347969490826634
414 0.7347969490826634
415 0.7347969490826634
416 0.7347969490826634
417 0.7347969490826634
418 0.7347969490826634
419 0.7347969490826634
420 0.7347969490826634
421 0.7347969490826634
422 0.7347969490826634
423 0.7347969490826634
424 0.7347969490826634
425 0.7415996701710987
426 0.7415996701710987
427 0.7415996701710987
428 0.7415996701710987
429 0.7415996701710987
430 0.746237889095032
431 0.746237889095032
432 0.746237889095032
433 0.746237889095032
434 0.746237889095032
435 0.7522160379303237
436 0.7522160379303237
437 0.7522160379303237
438 0.7522160379303237
439 0.7522160379303237
440 0.7593279736136879
441 0.7593279736136879
442 0.7593279736136879
443 0.7593279736136879
444 0.7593279736136879
445 0.7635539064110493
446 0.7635539064110493
447 0.7635539064110493
448 0.7635539064110493
449 0.7635539064110493
450 0.7710781282209853
451 0.7710781282209853
452 0.7710781282209853
453 0.7710781282209853
454 0.7710781282209853
455 0.7782931354359925
456 0.7782931354359925
457 0.7782931354359925
458 0.7782931354359925
459 0.7782931354359925
460 0.7856112141826428
461 0.7856112141826428
462 0.7856112141826428
463 0.7856112141826428
464 0.7856112141826428
465 0.7931354359925789
466 0.7931354359925789
467 0.7931354359925789
468 0.7931354359925789
469 0.7931354359925789
470 0.7975675118532262
471 0.7975675118532262
472 0.7975675118532262
473 0.7975675118532262
474 0.7975675118532262
475 0.8042671614100185
476 0.8042671614100185
477 0.8042671614100185
478 0.8042671614100185
479 0.8042671614100185
480 0.8100391671820243
481 0.8100391671820243
482 0.8100391671820243
483 0.8100391671820243
484 0.8100391671820243
485 0.8100391671820243
486 0.8100391671820243
487 0.8100391671820243
488 0.8100391671820243
489 0.8100391671820243
490 0.8100391671820243
491 0.8100391671820243
492 0.8100391671820243
493 0.8100391671820243
494 0.8100391671820243
495 0.8100391671820243
496 0.8100391671820243
497 0.8100391671820243
498 0.8100391671820243
499 0.8100391671820243
500 0.8046794475365904
