# Data for router 7
0 0.0
1 0.0
2 0.0
3 0.0
4 0.0
5 0.0
6 0.0
7 0.0
8 0.0
9 0.0
10 0.0
11 0.0
12 0.0
13 0.0
14 0.0
15 0.0
16 0.0
17 0.0
18 0.0
19 0.0
20 0.0
21 0.0367965367965368
22 0.07318078746650175
23 0.1109049680478252
24 0.14646464646464646
25 0.17790146361574932
26 0.21799628942486085
27 0.2549989692846836
28 0.29086786229643374
29 0.3200371057513915
30 0.3564213564213564
31 0.3914656771799629
32 0.4262007833436405
33 0.4262007833436405
34 0.4262007833436405
35 0.4262007833436405
36 0.4262007833436405
37 0.4262007833436405
38 0.4262007833436405
39 0.4262007833436405
40 0.4262007833436405
41 0.4262007833436405
42 0.4262007833436405
43 0.4262007833436405
44 0.4262007833436405
45 0.4262007833436405
46 0.4262007833436405
47 0.4262007833436405
48 0.4262007833436405
49 0.4262007833436405
50 0.4262007833436405
51 0.4262007833436405
52 0.4262007833436405
53 0.4262007833436405
54 0.4262007833436405
55 0.4262007833436405
56 0.4262007833436405
57 0.4262007833436405
58 0.4262007833436405
59 0.4262007833436405
60 0.4262007833436405
61 0.4262007833436405
62 0.4262007833436405
63 0.4262007833436405
64 0.4262007833436405
65 0.4262007833436405
66 0.4262007833436405
67 0.4262007833436405
68 0.4262007833436405
69 0.4262007833436405
70 0.4262007833436405
71 0.4262007833436405
72 0.4262007833436405
73 0.4262007833436405
74 0.4410430839002268
75 0.4410430839002268
76 0.45330859616573904
77 0.45330859616573904
78 0.4671201814058957
79 0.4671201814058957
80 0.4800041228612657
81 0.4800041228612657
82 0.4917542774685632
83 0.4917542774685632
84 0.5056689342403629
85 0.5056689342403629
86 0.5184498041640899
87 0.5184498041640899
88 0.5336013193156051
89 0.5336013193156051
90 0.5482374768089053
91 0.5482374768089053
92 0.5605029890744176
93 0.5605029890744176
94 0.5752422180993609
95 0.5752422180993609
96 0.5901875901875901
97 0.5901875901875901
98 0.5901875901875901
99 0.5901875901875901
100 0.5886415172129458
101 0.5886415172129458
102 0.5886415172129458
103 0.5886415172129458
104 0.5886415172129458
105 0.5886415172129458
106 0.5886415172129458
107 0.5886415172129458
108 0.5886415172129458
109 0.5886415172129458
110 0.5886415172129458
111 0.5886415172129458
112 0.5886415172129458
113 0.5886415172129458
114 0.5886415172129458
115 0.5886415172129458
116 0.5886415172129458
117 0.5886415172129458
118 0.5886415172129458
119 0.5886415172129458
120 0.5886415172129458
121 0.5886415172129458
122 0.5886415172129458
123 0.5886415172129458
124 0.5886415172129458
125 0.5886415172129458
126 0.5886415172129458
127 0.5886415172129458
128 0.5886415172129458
129 0.5886415172129458
130 0.5886415172129458
131 0.5886415172129458
132 0.5886415172129458
133 0.5886415172129458
134 0.5886415172129458
135 0.5886415172129458
136 0.5886415172129458
137 0.5886415172129458
138 0.5886415172129458
139 0.5886415172129458
140 0.5886415172129458
141 0.5886415172129458
142 0.5886415172129458
143 0.5886415172129458
144 0.5886415172129458
145 0.5886415172129458
146 0.5886415172129458
147 0.5886415172129458
148 0.5886415172129458
149 0.5886415172129458
150 0.5886415172129458
151 0.5886415172129458
152 0.5886415172129458
153 0.5886415172129458
154 0.5886415172129458
155 0.5886415172129458
156 0.5886415172129458
157 0.5886415172129458
158 0.5886415172129458
159 0.5927643784786641
160 0.5927643784786641
161 0.5927643784786641
162 0.5983302411873841
163 0.5983302411873841
164 0.5983302411873841
165 0.6029684601113172
166 0.6029684601113172
167 0.6029684601113172
168 0.6081220366934653
169 0.6081220366934653
170 0.6081220366934653
171 0.6120387548958978
172 0.6120387548958978
173 0.6120387548958978
174 0.6179138321995464
175 0.6179138321995464
176 0.6179138321995464
177 0.6224489795918368
178 0.6224489795918368
179 0.6224489795918368
180 0.6278086992372707
181 0.6278086992372707
182 0.6278086992372707
183 0.632137703566275
184 0.632137703566275
185 0.632137703566275
186 0.6380127808699237
187 0.6380127808699237
188 0.6380127808699237
189 0.6424448567305711
190 0.6424448567305711
191 0.6424448567305711
192 0.647701504844362
193 0.647701504844362
194 0.647701504844362
195 0.647701504844362
196 0.647701504844362
197 0.647701504844362
198 0.647701504844362
199 0.647701504844362
200 0.640074211502783
201 0.640074211502783
202 0.640074211502783
203 0.640074211502783
204 0.640074211502783
205 0.640074211502783
206 0.640074211502783
207 0.640074211502783
208 0.640074211502783
209 0.640074211502783
210 0.640074211502783
211 0.640074211502783
212 0.640074211502783
213 0.640074211502783
214 0.640074211502783
215 0.640074211502783
216 0.640074211502783
217 0.640074211502783
218 0.640074211502783
219 0.640074211502783
220 0.640074211502783
221 0.640074211502783
222 0.640074211502783
223 0.640074211502783
224 0.640074211502783
225 0.640074211502783
226 0.640074211502783
227 0.640074211502783
228 0.640074211502783
229 0.640074211502783
230 0.640074211502783
231 0.640074211502783
232 0.640074211502783
233 0.640074211502783
234 0.640074211502783
235 0.640074211502783
236 0.640074211502783
237 0.640074211502783
238 0.640074211502783
239 0.640074211502783
240 0.640074211502783
241 0.640074211502783
242 0.640074211502783
243 0.640074211502783
244 0.640074211502783
245 0.640074211502783
246 0.640074211502783
247 0.640074211502783
248 0.640074211502783
249 0.640074211502783
250 0.640074211502783
251 0.640074211502783
252 0.640074211502783
253 0.640074211502783
254 0.640074211502783
255 0.640074211502783
256 0.640074211502783
257 0.640074211502783
258 0.640074211502783
259 0.640074211502783
260 0.640074211502783
261 0.640074211502783
262 0.640074211502783
263 0.640074211502783
264 0.640074211502783
265 0.640074211502783
266 0.640074211502783
267 0.640074211502783
268 0.640074211502783
269 0.640074211502783
270 0.640074211502783
271 0.640074211502783
272 0.640074211502783
273 0.640074211502783
274 0.640074211502783
275 0.640074211502783
276 0.647598433312719
277 0.647598433312719
278 0.647598433312719
279 0.647598433312719
280 0.6538857967429396
281 0.6538857967429396
282 0.6538857967429396
283 0.6538857967429396
284 0.660482374768089
285 0.660482374768089
286 0.660482374768089
287 0.660482374768089
288 0.6667697381983096
289 0.6667697381983096
290 0.6667697381983096
291 0.6667697381983096
292 0.6741908884766028
293 0.6741908884766028
294 0.6741908884766028
295 0.6741908884766028
296 0.68140589569161
297 0.68140589569161
298 0.68140589569161
299 0.68140589569161
300 0.6889301175015461
301 0.6889301175015461
302 0.6889301175015461
303 0.6889301175015461
304 0.6952174809317666
305 0.6952174809317666
306 0.6952174809317666
307 0.6952174809317666
308 0.7029478458049887
309 0.7029478458049887
310 0.7029478458049887
311 0.7029478458049887
312 0.7116058544629973
313 0.7116058544629973
314 0.7116058544629973
315 0.7116058544629973
316 0.7193362193362194
317 0.7193362193362194
318 0.7193362193362194
319 0.7193362193362194
320 0.7259327973613688
321 0.7259327973613688
322 0.7259327973613688
323 0.7259327973613688
324 0.7259327973613688
325 0.7259327973613688
326 0.7259327973613688
327 0.7259327973613688
328 0.7259327973613688
329 0.7259327973613688
330 0.7259327973613688
331 0.7259327973613688
332 0.7259327973613688
333 0.7259327973613688
334 0.7259327973613688
335 0.7259327973613688
336 0.7259327973613688
337 0.7259327973613688
338 0.7259327973613688
339 0.7259327973613688
340 0.7259327973613688
341 0.7259327973613688
342 0.7259327973613688
343 0.7259327973613688
344 0.7259327973613688
345 0.7259327973613688
346 0.7259327973613688
347 0.7259327973613688
348 0.7259327973613688
349 0.7259327973613688
350 0.7259327973613688
351 0.7259327973613688
352 0.7259327973613688
353 0.7259327973613688
354 0.7259327973613688
355 0.7259327973613688
356 0.7259327973613688
357 0.7259327973613688
358 0.7259327973613688
359 0.7259327973613688
360 0.7259327973613688
361 0.7259327973613688
362 0.7259327973613688
363 0.7259327973613688
364 0.7259327973613688
365 0.7259327973613688
366 0.7259327973613688
367 0.7259327973613688
368 0.7259327973613688
369 0.7259327973613688
370 0.7259327973613688
371 0.7259327973613688
372 0.7259327973613688
373 0.7259327973613688
374 0.7259327973613688
375 0.7259327973613688
376 0.7259327973613688
377 0.7259327973613688
378 0.7259327973613688
379 0.7259327973613688
380 0.7259327973613688
381 0.7259327973613688
382 0.7259327973613688
383 0.7259327973613688
384 0.7259327973613688
385 0.7259327973613688
386 0.7259327973613688
387 0.7259327973613688
388 0.7259327973613688
389 0.7259327973613688
390 0.7259327973613688
391 0.7259327973613688
392 0.7259327973613688
393 0.7259327973613688
394 0.7259327973613688
395 0.7259327973613688
396 0.7259327973613688
397 0.7259327973613688
398 0.7259327973613688
399 0.7259327973613688
400 0.7243867243867244
401 0.7243867243867244
402 0.7243867243867244
403 0.7243867243867244
404 0.7243867243867244
405 0.7243867243867244
406 0.7243867243867244
407 0.7243867243867244
408 0.7243867243867244
409 0.7243867243867244
410 0.7243867243867244
411 0.7243867243867244
412 0.7243867243867244
413 0.7243867243867244
414 0.7243867243867244
415 0.7243867243867244
416 0.7243867243867244
417 0.7243867243867244
418 0.7243867243867244
419 0.7243867243867244
420 0.7243867243867244
421 0.7243867243867244
422 0.7243867243867244
423 0.7243867243867244
424 0.7243867243867244
425 0.7308802308802309
426 0.7308802308802309
427 0.7308802308802309
428 0.7308802308802309
429 0.7308802308802309
430 0.7368583797155226
431 0.7368583797155226
432 0.7368583797155226
433 0.7368583797155226
434 0.7368583797155226
435 0.7414965986394558
436 0.7414965986394558
437 0.7414965986394558
438 0.7414965986394558
439 0.7414965986394558
440 0.7465471036899608
441 0.7465471036899608
442 0.7465471036899608
443 0.7465471036899608
444 0.7465471036899608
445 0.7519068233353947
446 0.7519068233353947
447 0.7519068233353947
448 0.7519068233353947
449 0.7519068233353947
450 0.756648113790971
451 0.756648113790971
452 0.756648113790971
453 0.756648113790971
454 0.756648113790971
455 0.7629354772211915
456 0.7629354772211915
457 0.7629354772211915
458 0.7629354772211915
459 0.7629354772211915
460 0.769325912183055
461 0.769325912183055
462 0.769325912183055
463 0.769325912183055
464 0.769325912183055
465 0.7755102040816326
466 0.7755102040816326
467 0.7755102040816326
468 0.7755102040816326
469 0.7755102040816326
470 0.7821067821067821
471 0.7821067821067821
472 0.7821067821067821
473 0.7821067821067821
474 0.7821067821067821
475 0.7869511440940012
476 0.7869511440940012
477 0.7869511440940012
478 0.7869511440940012
479 0.7869511440940012
480 0.7943722943722944
481 0.7943722943722944
482 0.7943722943722944
483 0.7943722943722944
484 0.7943722943722944
485 0.7943722943722944
486 0.7943722943722944
487 0.7943722943722944
488 0.7943722943722944
489 0.7943722943722944
490 0.7943722943722944
491 0.7943722943722944
492 0.7943722943722944
493 0.7943722943722944
494 0.7943722943722944
495 0.7943722943722944
496 0.7943722943722944
497 0.7943722943722944
498 0.7943722943722944
499 0.7943722943722944
500 0.8103483817769532
