# Data for router 9
0 0.0
1 0.0
2 0.0
3 0.0
4 0.0
5 0.0
6 0.0
7 0.0
8 0.0
9 0.0
10 0.0
11 0.0
12 0.0
13 0.0
14 0.0
15 0.0
16 0.0
17 0.0
18 0.0
19 0.0
20 0.0
21 0.001958359101216244
22 0.0036075036075036075
23 0.004947433518862091
24 0.006493506493506494
25 0.007627293341579056
26 0.00968872397443826
27 0.010822510822510822
28 0.012368583797155226
29 0.013502370645227788
30 0.01473922902494331
31 0.016388373531230675
32 0.017625231910946195
33 0.017625231910946195
34 0.017625231910946195
35 0.017625231910946195
36 0.017625231910946195
37 0.017625231910946195
38 0.017625231910946195
39 0.017625231910946195
40 0.017625231910946195
41 0.017625231910946195
42 0.017625231910946195
43 0.017625231910946195
44 0.017625231910946195
45 0.017625231910946195
46 0.017625231910946195
47 0.017625231910946195
48 0.017625231910946195
49 0.017625231910946195
50 0.017625231910946195
51 0.017625231910946195
52 0.017625231910946195
53 0.017625231910946195
54 0.017625231910946195
55 0.017625231910946195
56 0.017625231910946195
57 0.017625231910946195
58 0.017625231910946195
59 0.017625231910946195
60 0.017625231910946195
61 0.017625231910946195
62 0.017625231910946195
63 0.017625231910946195
64 0.017625231910946195
65 0.017625231910946195
66 0.017625231910946195
67 0.017625231910946195
68 0.017625231910946195
69 0.017625231910946195
70 0.017625231910946195
71 0.017625231910946195
72 0.017625231910946195
73 0.017625231910946195
74 0.021026592455163882
75 0.021026592455163882
76 0.02391259534116677
77 0.02391259534116677
78 0.02865388579674294
79 0.02865388579674294
80 0.032879818594104306
81 0.032879818594104306
82 0.03741496598639456
83 0.03741496598639456
84 0.04071325499896929
85 0.04071325499896929
86 0.04566068851783137
87 0.04566068851783137
88 0.049474335188620905
89 0.049474335188620905
90 0.05339105339105339
91 0.05339105339105339
92 0.05668934240362812
93 0.05668934240362812
94 0.060502989074417646
95 0.060502989074417646
96 0.06534735106163678
97 0.06534735106163678
98 0.06534735106163678
99 0.06534735106163678
100 0.0655534941249227
101 0.0655534941249227
102 0.0655534941249227
103 0.0655534941249227
104 0.0655534941249227
105 0.0655534941249227
106 0.0655534941249227
107 0.0655534941249227
108 0.0655534941249227
109 0.0655534941249227
110 0.0655534941249227
111 0.0655534941249227
112 0.0655534941249227
113 0.0655534941249227
114 0.0655534941249227
115 0.0655534941249227
116 0.0655534941249227
117 0.0655534941249227
118 0.0655534941249227
119 0.0655534941249227
120 0.0655534941249227
121 0.0655534941249227
122 0.0655534941249227
123 0.0655534941249227
124 0.0655534941249227
125 0.0655534941249227
126 0.0655534941249227
127 0.0655534941249227
128 0.0655534941249227
129 0.0655534941249227
130 0.0655534941249227
131 0.0655534941249227
132 0.0655534941249227
133 0.0655534941249227
134 0.0655534941249227
135 0.0655534941249227
136 0.0655534941249227
137 0.0655534941249227
138 0.0655534941249227
139 0.0655534941249227
140 0.0655534941249227
141 0.0655534941249227
142 0.0655534941249227
143 0.0655534941249227
144 0.0655534941249227
145 0.0655534941249227
146 0.0655534941249227
147 0.0655534941249227
148 0.0655534941249227
149 0.0655534941249227
150 0.0655534941249227
151 0.0655534941249227
152 0.0655534941249227
153 0.0655534941249227
154 0.0655534941249227
155 0.0655534941249227
156 0.0655534941249227
157 0.0655534941249227
158 0.0655534941249227
159 0.07627293341579056
160 0.07627293341579056
161 0.07627293341579056
162 0.08740465883323026
163 0.08740465883323026
164 0.08740465883323026
165 0.09936095650381364
166 0.09936095650381364
167 0.09936095650381364
168 0.1095650381364667
169 0.1095650381364667
170 0.1095650381364667
171 0.11873840445269017
172 0.11873840445269017
173 0.11873840445269017
174 0.12853019995877138
175 0.12853019995877138
176 0.12853019995877138
177 0.1406926406926407
178 0.1406926406926407
179 0.1406926406926407
180 0.15151515151515152
181 0.15151515151515152
182 0.15151515151515152
183 0.1614100185528757
184 0.1614100185528757
185 0.1614100185528757
186 0.1701710987425273
187 0.1701710987425273
188 0.1701710987425273
189 0.18089053803339517
190 0.18089053803339517
191 0.18089053803339517
192 0.1893424036281179
193 0.1893424036281179
194 0.1893424036281179
195 0.1893424036281179
196 0.1893424036281179
197 0.1893424036281179
198 0.1893424036281179
199 0.1893424036281179
200 0.18759018759018758
201 0.18759018759018758
202 0.18759018759018758
203 0.18759018759018758
204 0.18759018759018758
205 0.18759018759018758
206 0.18759018759018758
207 0.18759018759018758
208 0.18759018759018758
209 0.18759018759018758
210 0.18759018759018758
211 0.18759018759018758
212 0.18759018759018758
213 0.18759018759018758
214 0.18759018759018758
215 0.18759018759018758
216 0.18759018759018758
217 0.18759018759018758
218 0.18759018759018758
219 0.18759018759018758
220 0.18759018759018758
221 0.18759018759018758
222 0.18759018759018758
223 0.18759018759018758
224 0.18759018759018758
225 0.18759018759018758
226 0.18759018759018758
227 0.18759018759018758
228 0.18759018759018758
229 0.18759018759018758
230 0.18759018759018758
231 0.18759018759018758
232 0.18759018759018758
233 0.18759018759018758
234 0.18759018759018758
235 0.18759018759018758
236 0.18759018759018758
237 0.18759018759018758
238 0.18759018759018758
239 0.18759018759018758
240 0.18759018759018758
241 0.18759018759018758
242 0.18759018759018758
243 0.18759018759018758
244 0.18759018759018758
245 0.18759018759018758
246 0.18759018759018758
247 0.18759018759018758
248 0.18759018759018758
249 0.18759018759018758
250 0.18759018759018758
251 0.18759018759018758
252 0.18759018759018758
253 0.18759018759018758
254 0.18759018759018758
255 0.18759018759018758
256 0.18759018759018758
257 0.18759018759018758
258 0.18759018759018758
259 0.18759018759018758
260 0.18759018759018758
261 0.18759018759018758
262 0.18759018759018758
263 0.18759018759018758
264 0.18759018759018758
265 0.18759018759018758
266 0.18759018759018758
267 0.18759018759018758
268 0.18759018759018758
269 0.18759018759018758
270 0.18759018759018758
271 0.18759018759018758
272 0.18759018759018758
273 0.18759018759018758
274 0.18759018759018758
275 0.18759018759018758
276 0.19160997732426305
277 0.19160997732426305
278 0.19160997732426305
279 0.19160997732426305
280 0.19542362399505256
281 0.19542362399505256
282 0.19542362399505256
283 0.19542362399505256
284 0.19954648526077098
285 0.19954648526077098
286 0.19954648526077098
287 0.19954648526077098
288 0.2049062049062049
289 0.2049062049062049
290 0.2049062049062049
291 0.2049062049062049
292 0.2108843537414966
293 0.2108843537414966
294 0.2108843537414966
295 0.2108843537414966
296 0.21552257266542982
297 0.21552257266542982
298 0.21552257266542982
299 0.21552257266542982
300 0.22129457843743558
301 0.22129457843743558
302 0.22129457843743558
303 0.22129457843743558
304 0.22541743970315398
305 0.22541743970315398
306 0.22541743970315398
307 0.22541743970315398
308 0.23036487322201607
309 0.23036487322201607
310 0.23036487322201607
311 0.23036487322201607
312 0.23479694908266338
313 0.23479694908266338
314 0.23479694908266338
315 0.23479694908266338
316 0.2398474541331684
317 0.2398474541331684
318 0.2398474541331684
319 0.2398474541331684
320 0.2440733869305298
321 0.2440733869305298
322 0.2440733869305298
323 0.2440733869305298
324 0.2440733869305298
325 0.2440733869305298
326 0.2440733869305298
327 0.2440733869305298
328 0.2440733869305298
329 0.2440733869305298
330 0.2440733869305298
331 0.2440733869305298
332 0.2440733869305298
333 0.2440733869305298
334 0.2440733869305298
335 0.2440733869305298
336 0.2440733869305298
337 0.2440733869305298
338 0.2440733869305298
339 0.2440733869305298
340 0.2440733869305298
341 0.2440733869305298
342 0.2440733869305298
343 0.2440733869305298
344 0.2440733869305298
345 0.2440733869305298
346 0.2440733869305298
347 0.2440733869305298
348 0.2440733869305298
349 0.2440733869305298
350 0.2440733869305298
351 0.2440733869305298
352 0.2440733869305298
353 0.2440733869305298
354 0.2440733869305298
355 0.2440733869305298
356 0.2440733869305298
357 0.2440733869305298
358 0.2440733869305298
359 0.2440733869305298
360 0.2440733869305298
361 0.2440733869305298
362 0.2440733869305298
363 0.2440733869305298
364 0.2440733869305298
365 0.2440733869305298
366 0.2440733869305298
367 0.2440733869305298
368 0.2440733869305298
369 0.2440733869305298
370 0.2440733869305298
371 0.2440733869305298
372 0.2440733869305298
373 0.2440733869305298
374 0.2440733869305298
375 0.2440733869305298
376 0.2440733869305298
377 0.2440733869305298
378 0.2440733869305298
379 0.2440733869305298
380 0.2440733869305298
381 0.2440733869305298
382 0.2440733869305298
383 0.2440733869305298
384 0.2440733869305298
385 0.2440733869305298
386 0.2440733869305298
387 0.2440733869305298
388 0.2440733869305298
389 0.2440733869305298
390 0.2440733869305298
391 0.2440733869305298
392 0.2440733869305298
393 0.2440733869305298
394 0.2440733869305298
395 0.2440733869305298
396 0.2440733869305298
397 0.2440733869305298
398 0.2440733869305298
399 0.2440733869305298
400 0.24695938981653268
401 0.24695938981653268
402 0.24695938981653268
403 0.24695938981653268
404 0.24695938981653268
405 0.24695938981653268
406 0.24695938981653268
407 0.24695938981653268
408 0.24695938981653268
409 0.24695938981653268
410 0.24695938981653268
411 0.24695938981653268
412 0.24695938981653268
413 0.24695938981653268
414 0.24695938981653268
415 0.24695938981653268
416 0.24695938981653268
417 0.24695938981653268
418 0.24695938981653268
419 0.24695938981653268
420 0.24695938981653268
421 0.24695938981653268
422 0.24695938981653268
423 0.24695938981653268
424 0.24695938981653268
425 0.2502576788291074
426 0.2502576788291074
427 0.2502576788291074
428 0.2502576788291074
429 0.2502576788291074
430 0.2531436817151103
431 0.2531436817151103
432 0.2531436817151103
433 0.2531436817151103
434 0.2531436817151103
435 0.2582972582972583
436 0.2582972582972583
437 0.2582972582972583
438 0.2582972582972583
439 0.2582972582972583
440 0.2627293341579056
441 0.2627293341579056
442 0.2627293341579056
443 0.2627293341579056
444 0.2627293341579056
445 0.26695526695526695
446 0.26695526695526695
447 0.26695526695526695
448 0.26695526695526695
449 0.26695526695526695
450 0.2706658420944135
451 0.2706658420944135
452 0.2706658420944135
453 0.2706658420944135
454 0.2706658420944135
455 0.274685631828489
456 0.274685631828489
457 0.274685631828489
458 0.274685631828489
459 0.274685631828489
460 0.2787054215625644
461 0.2787054215625644
462 0.2787054215625644
463 0.2787054215625644
464 0.2787054215625644
465 0.2829313543599258
466 0.2829313543599258
467 0.2829313543599258
468 0.2829313543599258
469 0.2829313543599258
470 0.2860235003092146
471 0.2860235003092146
472 0.2860235003092146
473 0.2860235003092146
474 0.2860235003092146
475 0.2906617192331478
476 0.2906617192331478
477 0.2906617192331478
478 0.2906617192331478
479 0.2906617192331478
480 0.29488765203050915
481 0.29488765203050915
482 0.29488765203050915
483 0.29488765203050915
484 0.29488765203050915
485 0.29488765203050915
486 0.29488765203050915
487 0.29488765203050915
488 0.29488765203050915
489 0.29488765203050915
490 0.29488765203050915
491 0.29488765203050915
492 0.29488765203050915
493 0.29488765203050915
494 0.29488765203050915
495 0.29488765203050915
496 0.29488765203050915
497 0.29488765203050915
498 0.29488765203050915
499 0.29488765203050915
500 0.2938569367140796
