# Data for router 0
0 0.0
1 0.0
2 0.0
3 0.0
4 0.0
5 0.0
6 0.0
7 0.0
8 0.0
9 0.0
10 0.0
11 0.0
12 0.0
13 0.0
14 0.0
15 0.0
16 0.0
17 0.0
18 0.0
19 0.0
20 0.0
21 0.0015460729746444033
22 0.0032982890125747267
23 0.005256648113790971
24 0.0070088641517212944
25 0.008142650999793857
26 0.010101010101010102
27 0.011234796949082663
28 0.012883941455370028
29 0.014842300556586271
30 0.015976087404658834
31 0.018037518037518036
32 0.01989280560709132
33 0.01989280560709132
34 0.01989280560709132
35 0.01989280560709132
36 0.01989280560709132
37 0.01989280560709132
38 0.01989280560709132
39 0.01989280560709132
40 0.01989280560709132
41 0.01989280560709132
42 0.01989280560709132
43 0.01989280560709132
44 0.01989280560709132
45 0.01989280560709132
46 0.01989280560709132
47 0.01989280560709132
48 0.01989280560709132
49 0.01989280560709132
50 0.01989280560709132
51 0.01989280560709132
52 0.01989280560709132
53 0.01989280560709132
54 0.01989280560709132
55 0.01989280560709132
56 0.01989280560709132
57 0.01989280560709132
58 0.01989280560709132
59 0.01989280560709132
60 0.01989280560709132
61 0.01989280560709132
62 0.01989280560709132
63 0.01989280560709132
64 0.01989280560709132
65 0.01989280560709132
66 0.01989280560709132
67 0.01989280560709132
68 0.01989280560709132
69 0.01989280560709132
70 0.01989280560709132
71 0.01989280560709132
72 0.01989280560709132
73 0.01989280560709132
74 0.023397237682951967
75 0.023397237682951967
76 0.027520098948670378
77 0.027520098948670378
78 0.031127602556173986
79 0.031127602556173986
80 0.036178107606679034
81 0.036178107606679034
82 0.03978561121418264
83 0.03978561121418264
84 0.04493918779633065
85 0.04493918779633065
86 0.0474129045557617
87 0.0474129045557617
88 0.05297876726448155
89 0.05297876726448155
90 0.056998556998557
91 0.056998556998557
92 0.06173984745413317
93 0.06173984745413317
94 0.06483199340342198
95 0.06483199340342198
96 0.06885178313749743
97 0.06885178313749743
98 0.06885178313749743
99 0.06885178313749743
100 0.06627499484642342
101 0.06627499484642342
102 0.06627499484642342
103 0.06627499484642342
104 0.06627499484642342
105 0.06627499484642342
106 0.06627499484642342
107 0.06627499484642342
108 0.06627499484642342
109 0.06627499484642342
110 0.06627499484642342
111 0.06627499484642342
112 0.06627499484642342
113 0.06627499484642342
114 0.06627499484642342
115 0.06627499484642342
116 0.06627499484642342
117 0.06627499484642342
118 0.06627499484642342
119 0.06627499484642342
120 0.06627499484642342
121 0.06627499484642342
122 0.06627499484642342
123 0.06627499484642342
124 0.06627499484642342
125 0.06627499484642342
126 0.06627499484642342
127 0.06627499484642342
128 0.06627499484642342
129 0.06627499484642342
130 0.06627499484642342
131 0.06627499484642342
132 0.06627499484642342
133 0.06627499484642342
134 0.06627499484642342
135 0.06627499484642342
136 0.06627499484642342
137 0.06627499484642342
138 0.06627499484642342
139 0.06627499484642342
140 0.06627499484642342
141 0.06627499484642342
142 0.06627499484642342
143 0.06627499484642342
144 0.06627499484642342
145 0.06627499484642342
146 0.06627499484642342
147 0.06627499484642342
148 0.06627499484642342
149 0.06627499484642342
150 0.06627499484642342
151 0.06627499484642342
152 0.06627499484642342
153 0.06627499484642342
154 0.06627499484642342
155 0.06627499484642342
156 0.06627499484642342
157 0.06627499484642342
158 0.06627499484642342
159 0.07750979179550609
160 0.07750979179550609
161 0.07750979179550609
162 0.08895073180787466
163 0.08895073180787466
164 0.08895073180787466
165 0.09967017109874253
166 0.09967017109874253
167 0.09967017109874253
168 0.10946196660482375
169 0.10946196660482375
170 0.10946196660482375
171 0.12183055040197897
172 0.12183055040197897
173 0.12183055040197897
174 0.1305916305916306
175 0.1305916305916306
176 0.1305916305916306
177 0.14089878375592663
178 0.14089878375592663
179 0.14089878375592663
180 0.15038136466707896
181 0.15038136466707896
182 0.15038136466707896
183 0.16161616161616163
184 0.16161616161616163
185 0.16161616161616163
186 0.17037724180581323
187 0.17037724180581323
188 0.17037724180581323
189 0.17913832199546487
190 0.17913832199546487
191 0.17913832199546487
192 0.18954854669140384
193 0.18954854669140384
194 0.18954854669140384
195 0.18954854669140384
196 0.18954854669140384
197 0.18954854669140384
198 0.18954854669140384
199 0.18954854669140384
200 0.18985776128633272
201 0.18985776128633272
202 0.18985776128633272
203 0.18985776128633272
204 0.18985776128633272
205 0.18985776128633272
206 0.18985776128633272
207 0.18985776128633272
208 0.18985776128633272
209 0.18985776128633272
210 0.18985776128633272
211 0.18985776128633272
212 0.18985776128633272
213 0.18985776128633272
214 0.18985776128633272
215 0.18985776128633272
216 0.18985776128633272
217 0.18985776128633272
218 0.18985776128633272
219 0.18985776128633272
220 0.18985776128633272
221 0.18985776128633272
222 0.18985776128633272
223 0.18985776128633272
224 0.18985776128633272
225 0.18985776128633272
226 0.18985776128633272
227 0.18985776128633272
228 0.18985776128633272
229 0.18985776128633272
230 0.18985776128633272
231 0.18985776128633272
232 0.18985776128633272
233 0.18985776128633272
234 0.18985776128633272
235 0.18985776128633272
236 0.18985776128633272
237 0.18985776128633272
238 0.18985776128633272
239 0.18985776128633272
240 0.18985776128633272
241 0.18985776128633272
242 0.18985776128633272
243 0.18985776128633272
244 0.18985776128633272
245 0.18985776128633272
246 0.18985776128633272
247 0.18985776128633272
248 0.18985776128633272
249 0.18985776128633272
250 0.18985776128633272
251 0.18985776128633272
252 0.18985776128633272
253 0.18985776128633272
254 0.18985776128633272
255 0.18985776128633272
256 0.18985776128633272
257 0.18985776128633272
258 0.18985776128633272
259 0.18985776128633272
260 0.18985776128633272
261 0.18985776128633272
262 0.18985776128633272
263 0.18985776128633272
264 0.18985776128633272
265 0.18985776128633272
266 0.18985776128633272
267 0.18985776128633272
268 0.18985776128633272
269 0.18985776128633272
270 0.18985776128633272
271 0.18985776128633272
272 0.18985776128633272
273 0.18985776128633272
274 0.18985776128633272
275 0.18985776128633272
276 0.19439290867862297
277 0.19439290867862297
278 0.19439290867862297
279 0.19439290867862297
280 0.1989280560709132
281 0.1989280560709132
282 0.1989280560709132
283 0.1989280560709132
284 0.20253555967841683
285 0.20253555967841683
286 0.20253555967841683
287 0.20253555967841683
288 0.20511234796949082
289 0.20511234796949082
290 0.20511234796949082
291 0.20511234796949082
292 0.209853638425067
293 0.209853638425067
294 0.209853638425067
295 0.209853638425067
296 0.21511028653885797
297 0.21511028653885797
298 0.21511028653885797
299 0.21511028653885797
300 0.22366522366522368
301 0.22366522366522368
302 0.22366522366522368
303 0.22366522366522368
304 0.22881880024737167
305 0.22881880024737167
306 0.22881880024737167
307 0.22881880024737167
308 0.23283858998144713
309 0.23283858998144713
310 0.23283858998144713
311 0.23283858998144713
312 0.23850752422180993
313 0.23850752422180993
314 0.23850752422180993
315 0.23850752422180993
316 0.24397031539888683
317 0.24397031539888683
318 0.24397031539888683
319 0.24397031539888683
320 0.24860853432282004
321 0.24860853432282004
322 0.24860853432282004
323 0.24860853432282004
324 0.24860853432282004
325 0.24860853432282004
326 0.24860853432282004
327 0.24860853432282004
328 0.24860853432282004
329 0.24860853432282004
330 0.24860853432282004
331 0.24860853432282004
332 0.24860853432282004
333 0.24860853432282004
334 0.24860853432282004
335 0.24860853432282004
336 0.24860853432282004
337 0.24860853432282004
338 0.24860853432282004
339 0.24860853432282004
340 0.24860853432282004
341 0.24860853432282004
342 0.24860853432282004
343 0.24860853432282004
344 0.24860853432282004
345 0.24860853432282004
346 0.24860853432282004
347 0.24860853432282004
348 0.24860853432282004
349 0.24860853432282004
350 0.24860853432282004
351 0.24860853432282004
352 0.24860853432282004
353 0.24860853432282004
354 0.24860853432282004
355 0.24860853432282004
356 0.24860853432282004
357 0.24860853432282004
358 0.24860853432282004
359 0.24860853432282004
360 0.24860853432282004
361 0.24860853432282004
362 0.24860853432282004
363 0.24860853432282004
364 0.24860853432282004
365 0.24860853432282004
366 0.24860853432282004
367 0.24860853432282004
368 0.24860853432282004
369 0.24860853432282004
370 0.24860853432282004
371 0.24860853432282004
372 0.24860853432282004
373 0.24860853432282004
374 0.24860853432282004
375 0.24860853432282004
376 0.24860853432282004
377 0.24860853432282004
378 0.24860853432282004
379 0.24860853432282004
380 0.24860853432282004
381 0.24860853432282004
382 0.24860853432282004
383 0.24860853432282004
384 0.24860853432282004
385 0.24860853432282004
386 0.24860853432282004
387 0.24860853432282004
388 0.24860853432282004
389 0.24860853432282004
390 0.24860853432282004
391 0.24860853432282004
392 0.24860853432282004
393 0.24860853432282004
394 0.24860853432282004
395 0.24860853432282004
396 0.24860853432282004
397 0.24860853432282004
398 0.24860853432282004
399 0.24860853432282004
400 0.24644403215831787
401 0.24644403215831787
402 0.24644403215831787
403 0.24644403215831787
404 0.24644403215831787
405 0.24644403215831787
406 0.24644403215831787
407 0.24644403215831787
408 0.24644403215831787
409 0.24644403215831787
410 0.24644403215831787
411 0.24644403215831787
412 0.24644403215831787
413 0.24644403215831787
414 0.24644403215831787
415 0.24644403215831787
416 0.24644403215831787
417 0.24644403215831787
418 0.24644403215831787
419 0.24644403215831787
420 0.24644403215831787
421 0.24644403215831787
422 0.24644403215831787
423 0.24644403215831787
424 0.24644403215831787
425 0.25118532261389404
426 0.25118532261389404
427 0.25118532261389404
428 0.25118532261389404
429 0.25118532261389404
430 0.2562358276643991
431 0.2562358276643991
432 0.2562358276643991
433 0.2562358276643991
434 0.2562358276643991
435 0.2602556173984745
436 0.2602556173984745
437 0.2602556173984745
438 0.2602556173984745
439 0.2602556173984745
440 0.26468769325912184
441 0.26468769325912184
442 0.26468769325912184
443 0.26468769325912184
444 0.26468769325912184
445 0.27004741290455575
446 0.27004741290455575
447 0.27004741290455575
448 0.27004741290455575
449 0.27004741290455575
450 0.2743764172335601
451 0.2743764172335601
452 0.2743764172335601
453 0.2743764172335601
454 0.2743764172335601
455 0.2792207792207792
456 0.2792207792207792
457 0.2792207792207792
458 0.2792207792207792
459 0.2792207792207792
460 0.2844774273345702
461 0.2844774273345702
462 0.2844774273345702
463 0.2844774273345702
464 0.2844774273345702
465 0.2896310039167182
466 0.2896310039167182
467 0.2896310039167182
468 0.2896310039167182
469 0.2896310039167182
470 0.2932385075242218
471 0.2932385075242218
472 0.2932385075242218
473 0.2932385075242218
474 0.2932385075242218
475 0.29602143887858173
476 0.29602143887858173
477 0.29602143887858173
478 0.29602143887858173
479 0.29602143887858173
480 0.29993815708101423
481 0.29993815708101423
482 0.29993815708101423
483 0.29993815708101423
484 0.29993815708101423
485 0.29993815708101423
486 0.29993815708101423
487 0.29993815708101423
488 0.29993815708101423
489 0.29993815708101423
490 0.29993815708101423
491 0.29993815708101423
492 0.29993815708101423
493 0.29993815708101423
494 0.29993815708101423
495 0.29993815708101423
496 0.29993815708101423
497 0.29993815708101423
498 0.29993815708101423
499 0.29993815708101423
500 0.3021026592455164
