# Data for router 6
0 0.0
1 0.0
2 0.0
3 0.0
4 0.0
5 0.0
6 0.0
7 0.0
8 0.0
9 0.0
10 0.0
11 0.0
12 0.0
13 0.0
14 0.0
15 0.0
16 0.0
17 0.0
18 0.0
19 0.0
20 0.0
21 0.008039579468150896
22 0.016594516594516596
23 0.024943310657596373
24 0.03308596165739023
25 0.04009482580911152
26 0.047206761492475775
27 0.056070913213770356
28 0.06503813646670789
29 0.0741084312512884
30 0.08173572459286745
31 0.08874458874458875
32 0.09668109668109669
33 0.09668109668109669
34 0.09668109668109669
35 0.09668109668109669
36 0.09668109668109669
37 0.09668109668109669
38 0.09668109668109669
39 0.09668109668109669
40 0.09668109668109669
41 0.09668109668109669
42 0.09668109668109669
43 0.09668109668109669
44 0.09668109668109669
45 0.09668109668109669
46 0.09668109668109669
47 0.09668109668109669
48 0.09668109668109669
49 0.09668109668109669
50 0.09668109668109669
51 0.09668109668109669
52 0.09668109668109669
53 0.09668109668109669
54 0.09668109668109669
55 0.09668109668109669
56 0.09668109668109669
57 0.09668109668109669
58 0.09668109668109669
59 0.09668109668109669
60 0.09668109668109669
61 0.09668109668109669
62 0.09668109668109669
63 0.09668109668109669
64 0.09668109668109669
65 0.09668109668109669
66 0.09668109668109669
67 0.09668109668109669
68 0.09668109668109669
69 0.09668109668109669
70 0.09668109668109669
71 0.09668109668109669
72 0.09668109668109669
73 0.09668109668109669
74 0.1095650381364667
75 0.1095650381364667
76 0.12141826427540713
77 0.12141826427540713
78 0.13131313131313133
79 0.13131313131313133
80 0.14553700267985983
81 0.14553700267985983
82 0.15862708719851576
83 0.15862708719851576
84 0.17027417027417027
85 0.17027417027417027
86 0.18202432488146775
87 0.18202432488146775
88 0.19398062255205112
89 0.19398062255205112
90 0.207276850133993
91 0.207276850133993
92 0.22036693465264895
93 0.22036693465264895
94 0.23088023088023088
95 0.23088023088023088
96 0.24025974025974026
97 0.24025974025974026
98 0.24025974025974026
99 0.24025974025974026
100 0.24438260152545868
101 0.24438260152545868
102 0.24438260152545868
103 0.24438260152545868
104 0.24438260152545868
105 0.24438260152545868
106 0.24438260152545868
107 0.24438260152545868
108 0.24438260152545868
109 0.24438260152545868
110 0.24438260152545868
111 0.24438260152545868
112 0.24438260152545868
113 0.24438260152545868
114 0.24438260152545868
115 0.24438260152545868
116 0.24438260152545868
117 0.24438260152545868
118 0.24438260152545868
119 0.24438260152545868
120 0.24438260152545868
121 0.24438260152545868
122 0.24438260152545868
123 0.24438260152545868
124 0.24438260152545868
125 0.24438260152545868
126 0.24438260152545868
127 0.24438260152545868
128 0.24438260152545868
129 0.24438260152545868
130 0.24438260152545868
131 0.24438260152545868
132 0.24438260152545868
133 0.24438260152545868
134 0.24438260152545868
135 0.24438260152545868
136 0.24438260152545868
137 0.24438260152545868
138 0.24438260152545868
139 0.24438260152545868
140 0.24438260152545868
141 0.24438260152545868
142 0.24438260152545868
143 0.24438260152545868
144 0.24438260152545868
145 0.24438260152545868
146 0.24438260152545868
147 0.24438260152545868
148 0.24438260152545868
149 0.24438260152545868
150 0.24438260152545868
151 0.24438260152545868
152 0.24438260152545868
153 0.24438260152545868
154 0.24438260152545868
155 0.24438260152545868
156 0.24438260152545868
157 0.24438260152545868
158 0.24438260152545868
159 0.25087610801896515
160 0.25087610801896515
161 0.25087610801896515
162 0.25840032982890127
163 0.25840032982890127
164 0.25840032982890127
165 0.26520305091733665
166 0.26520305091733665
167 0.26520305091733665
168 0.2715934858792002
169 0.2715934858792002
170 0.2715934858792002
171 0.2786023500309215
172 0.2786023500309215
173 0.2786023500309215
174 0.28664192949907236
175 0.28664192949907236
176 0.28664192949907236
177 0.29426922284065143
178 0.29426922284065143
179 0.29426922284065143
180 0.30158730158730157
181 0.30158730158730157
182 0.30158730158730157
183 0.30715316429602146
184 0.30715316429602146
185 0.30715316429602146
186 0.3141620284477427
187 0.3141620284477427
188 0.3141620284477427
189 0.32055246340960625
190 0.32055246340960625
191 0.32055246340960625
192 0.32869511440940014
193 0.32869511440940014
194 0.32869511440940014
195 0.32869511440940014
196 0.32869511440940014
197 0.32869511440940014
198 0.32869511440940014
199 0.32869511440940014
200 0.33920841063698204
201 0.33920841063698204
202 0.33920841063698204
203 0.33920841063698204
204 0.33920841063698204
205 0.33920841063698204
206 0.33920841063698204
207 0.33920841063698204
208 0.33920841063698204
209 0.33920841063698204
210 0.33920841063698204
211 0.33920841063698204
212 0.33920841063698204
213 0.33920841063698204
214 0.33920841063698204
215 0.33920841063698204
216 0.33920841063698204
217 0.33920841063698204
218 0.33920841063698204
219 0.33920841063698204
220 0.33920841063698204
221 0.33920841063698204
222 0.33920841063698204
223 0.33920841063698204
224 0.33920841063698204
225 0.33920841063698204
226 0.33920841063698204
227 0.33920841063698204
228 0.33920841063698204
229 0.33920841063698204
230 0.33920841063698204
231 0.33920841063698204
232 0.33920841063698204
233 0.33920841063698204
234 0.33920841063698204
235 0.33920841063698204
236 0.33920841063698204
237 0.33920841063698204
238 0.33920841063698204
239 0.33920841063698204
240 0.33920841063698204
241 0.33920841063698204
242 0.33920841063698204
243 0.33920841063698204
244 0.33920841063698204
245 0.33920841063698204
246 0.33920841063698204
247 0.33920841063698204
248 0.33920841063698204
249 0.33920841063698204
250 0.33920841063698204
251 0.33920841063698204
252 0.33920841063698204
253 0.33920841063698204
254 0.33920841063698204
255 0.33920841063698204
256 0.33920841063698204
257 0.33920841063698204
258 0.33920841063698204
259 0.33920841063698204
260 0.33920841063698204
261 0.33920841063698204
262 0.33920841063698204
263 0.33920841063698204
264 0.33920841063698204
265 0.33920841063698204
266 0.33920841063698204
267 0.33920841063698204
268 0.33920841063698204
269 0.33920841063698204
270 0.33920841063698204
271 0.33920841063698204
272 0.33920841063698204
273 0.33920841063698204
274 0.33920841063698204
275 0.33920841063698204
276 0.3434343434343434
277 0.3434343434343434
278 0.3434343434343434
279 0.3434343434343434
280 0.3466295609152752
281 0.3466295609152752
282 0.3466295609152752
283 0.3466295609152752
284 0.35095856524427954
285 0.35095856524427954
286 0.35095856524427954
287 0.35095856524427954
288 0.3555967841682127
289 0.3555967841682127
290 0.3555967841682127
291 0.3555967841682127
292 0.360131931560503
293 0.360131931560503
294 0.360131931560503
295 0.360131931560503
296 0.3649762935477221
297 0.3649762935477221
298 0.3649762935477221
299 0.3649762935477221
300 0.3646670789527932
301 0.3646670789527932
302 0.3646670789527932
303 0.3646670789527932
304 0.3697175840032983
305 0.3697175840032983
306 0.3697175840032983
307 0.3697175840032983
308 0.3739435168006597
309 0.3739435168006597
310 0.3739435168006597
311 0.3739435168006597
312 0.37889095031952175
313 0.37889095031952175
314 0.37889095031952175
315 0.37889095031952175
316 0.3829107400535972
317 0.3829107400535972
318 0.3829107400535972
319 0.3829107400535972
320 0.3863121005978149
321 0.3863121005978149
322 0.3863121005978149
323 0.3863121005978149
324 0.3863121005978149
325 0.3863121005978149
326 0.3863121005978149
327 0.3863121005978149
328 0.3863121005978149
329 0.3863121005978149
330 0.3863121005978149
331 0.3863121005978149
332 0.3863121005978149
333 0.3863121005978149
334 0.3863121005978149
335 0.3863121005978149
336 0.3863121005978149
337 0.3863121005978149
338 0.3863121005978149
339 0.3863121005978149
340 0.3863121005978149
341 0.3863121005978149
342 0.3863121005978149
343 0.3863121005978149
344 0.3863121005978149
345 0.3863121005978149
346 0.3863121005978149
347 0.3863121005978149
348 0.3863121005978149
349 0.3863121005978149
350 0.3863121005978149
351 0.3863121005978149
352 0.3863121005978149
353 0.3863121005978149
354 0.3863121005978149
355 0.3863121005978149
356 0.3863121005978149
357 0.3863121005978149
358 0.3863121005978149
359 0.3863121005978149
360 0.3863121005978149
361 0.3863121005978149
362 0.3863121005978149
363 0.3863121005978149
364 0.3863121005978149
365 0.3863121005978149
366 0.3863121005978149
367 0.3863121005978149
368 0.3863121005978149
369 0.3863121005978149
370 0.3863121005978149
371 0.3863121005978149
372 0.3863121005978149
373 0.3863121005978149
374 0.3863121005978149
375 0.3863121005978149
376 0.3863121005978149
377 0.3863121005978149
378 0.3863121005978149
379 0.3863121005978149
380 0.3863121005978149
381 0.3863121005978149
382 0.3863121005978149
383 0.3863121005978149
384 0.3863121005978149
385 0.3863121005978149
386 0.3863121005978149
387 0.3863121005978149
388 0.3863121005978149
389 0.3863121005978149
390 0.3863121005978149
391 0.3863121005978149
392 0.3863121005978149
393 0.3863121005978149
394 0.3863121005978149
395 0.3863121005978149
396 0.3863121005978149
397 0.3863121005978149
398 0.3863121005978149
399 0.3863121005978149
400 0.3900226757369615
401 0.3900226757369615
402 0.3900226757369615
403 0.3900226757369615
404 0.3900226757369615
405 0.3900226757369615
406 0.3900226757369615
407 0.3900226757369615
408 0.3900226757369615
409 0.3900226757369615
410 0.3900226757369615
411 0.3900226757369615
412 0.3900226757369615
413 0.3900226757369615
414 0.3900226757369615
415 0.3900226757369615
416 0.3900226757369615
417 0.3900226757369615
418 0.3900226757369615
419 0.3900226757369615
420 0.3900226757369615
421 0.3900226757369615
422 0.3900226757369615
423 0.3900226757369615
424 0.3900226757369615
425 0.39435168006596577
426 0.39435168006596577
427 0.39435168006596577
428 0.39435168006596577
429 0.39435168006596577
430 0.39837146980004123
431 0.39837146980004123
432 0.39837146980004123
433 0.39837146980004123
434 0.39837146980004123
435 0.4030096887239744
436 0.4030096887239744
437 0.4030096887239744
438 0.4030096887239744
439 0.4030096887239744
440 0.40661719233147803
441 0.40661719233147803
442 0.40661719233147803
443 0.40661719233147803
444 0.40661719233147803
445 0.4111523397237683
446 0.4111523397237683
447 0.4111523397237683
448 0.4111523397237683
449 0.4111523397237683
450 0.4165120593692022
451 0.4165120593692022
452 0.4165120593692022
453 0.4165120593692022
454 0.4165120593692022
455 0.4204287775716347
456 0.4204287775716347
457 0.4204287775716347
458 0.4204287775716347
459 0.4204287775716347
460 0.4238301381158524
461 0.4238301381158524
462 0.4238301381158524
463 0.4238301381158524
464 0.4238301381158524
465 0.4294990723562152
466 0.4294990723562152
467 0.4294990723562152
468 0.4294990723562152
469 0.4294990723562152
470 0.4348587920016491
471 0.4348587920016491
472 0.4348587920016491
473 0.4348587920016491
474 0.4348587920016491
475 0.43918779633065347
476 0.43918779633065347
477 0.43918779633065347
478 0.43918779633065347
479 0.43918779633065347
480 0.443001443001443
481 0.443001443001443
482 0.443001443001443
483 0.443001443001443
484 0.443001443001443
485 0.443001443001443
486 0.443001443001443
487 0.443001443001443
488 0.443001443001443
489 0.443001443001443
490 0.443001443001443
491 0.443001443001443
492 0.443001443001443
493 0.443001443001443
494 0.443001443001443
495 0.443001443001443
496 0.443001443001443
497 0.443001443001443
498 0.443001443001443
499 0.443001443001443
500 0.4411461554318697
