# Data for router 8
0 0.0
1 0.0
2 0.0
3 0.0
4 0.0
5 0.0
6 0.0
7 0.0
8 0.0
9 0.0
10 0.0
11 0.0
12 0.0
13 0.0
14 0.0
15 0.0
16 0.0
17 0.0
18 0.0
19 0.0
20 0.0
21 0.00917336631622346
22 0.018140589569160998
23 0.025767882910740055
24 0.03452896310039167
25 0.04380540094825809
26 0.05174190888476603
27 0.061533704390847245
28 0.06854256854256854
29 0.07792207792207792
30 0.0862708719851577
31 0.09575345289631004
32 0.10502989074417646
33 0.10502989074417646
34 0.10502989074417646
35 0.10502989074417646
36 0.10502989074417646
37 0.10502989074417646
38 0.10502989074417646
39 0.10502989074417646
40 0.10502989074417646
41 0.10502989074417646
42 0.10502989074417646
43 0.10502989074417646
44 0.10502989074417646
45 0.10502989074417646
46 0.10502989074417646
47 0.10502989074417646
48 0.10502989074417646
49 0.10502989074417646
50 0.10502989074417646
51 0.10502989074417646
52 0.10502989074417646
53 0.10502989074417646
54 0.10502989074417646
55 0.10502989074417646
56 0.10502989074417646
57 0.10502989074417646
58 0.10502989074417646
59 0.10502989074417646
60 0.10502989074417646
61 0.10502989074417646
62 0.10502989074417646
63 0.10502989074417646
64 0.10502989074417646
65 0.10502989074417646
66 0.10502989074417646
67 0.10502989074417646
68 0.10502989074417646
69 0.10502989074417646
70 0.10502989074417646
71 0.10502989074417646
72 0.10502989074417646
73 0.10502989074417646
74 0.11667697381983096
75 0.11667697381983096
76 0.1282209853638425
77 0.1282209853638425
78 0.1393527107812822
79 0.1393527107812822
80 0.14924757781900638
81 0.14924757781900638
82 0.1590393733250876
83 0.1590393733250876
84 0.17130488559059986
85 0.17130488559059986
86 0.18449804164089878
87 0.18449804164089878
88 0.19449598021026593
89 0.19449598021026593
90 0.2054215625644197
91 0.2054215625644197
92 0.2160379303236446
93 0.2160379303236446
94 0.22809729952587096
95 0.22809729952587096
96 0.24087816944959803
97 0.24087816944959803
98 0.24087816944959803
99 0.24087816944959803
100 0.24417645846217276
101 0.24417645846217276
102 0.24417645846217276
103 0.24417645846217276
104 0.24417645846217276
105 0.24417645846217276
106 0.24417645846217276
107 0.24417645846217276
108 0.24417645846217276
109 0.24417645846217276
110 0.24417645846217276
111 0.24417645846217276
112 0.24417645846217276
113 0.24417645846217276
114 0.24417645846217276
115 0.24417645846217276
116 0.24417645846217276
117 0.24417645846217276
118 0.24417645846217276
119 0.24417645846217276
120 0.24417645846217276
121 0.24417645846217276
122 0.24417645846217276
123 0.24417645846217276
124 0.24417645846217276
125 0.24417645846217276
126 0.24417645846217276
127 0.24417645846217276
128 0.24417645846217276
129 0.24417645846217276
130 0.24417645846217276
131 0.24417645846217276
132 0.24417645846217276
133 0.24417645846217276
134 0.24417645846217276
135 0.24417645846217276
136 0.24417645846217276
137 0.24417645846217276
138 0.24417645846217276
139 0.24417645846217276
140 0.24417645846217276
141 0.24417645846217276
142 0.24417645846217276
143 0.24417645846217276
144 0.24417645846217276
145 0.24417645846217276
146 0.24417645846217276
147 0.24417645846217276
148 0.24417645846217276
149 0.24417645846217276
150 0.24417645846217276
151 0.24417645846217276
152 0.24417645846217276
153 0.24417645846217276
154 0.24417645846217276
155 0.24417645846217276
156 0.24417645846217276
157 0.24417645846217276
158 0.24417645846217276
159 0.2518037518037518
160 0.2518037518037518
161 0.2518037518037518
162 0.25901875901875904
163 0.25901875901875904
164 0.25901875901875904
165 0.26695526695526695
166 0.26695526695526695
167 0.26695526695526695
168 0.27396413110698825
169 0.27396413110698825
170 0.27396413110698825
171 0.27911770768913624
172 0.27911770768913624
173 0.27911770768913624
174 0.2884972170686456
175 0.2884972170686456
176 0.2884972170686456
177 0.29653679653679654
178 0.29653679653679654
179 0.29653679653679654
180 0.30385487528344673
181 0.30385487528344673
182 0.30385487528344673
183 0.31024531024531027
184 0.31024531024531027
185 0.31024531024531027
186 0.31910946196660483
187 0.31910946196660483
188 0.31910946196660483
189 0.3276643990929705
190 0.3276643990929705
191 0.3276643990929705
192 0.33436404864976293
193 0.33436404864976293
194 0.33436404864976293
195 0.33436404864976293
196 0.33436404864976293
197 0.33436404864976293
198 0.33436404864976293
199 0.33436404864976293
200 0.33745619459905174
201 0.33745619459905174
202 0.33745619459905174
203 0.33745619459905174
204 0.33745619459905174
205 0.33745619459905174
206 0.33745619459905174
207 0.33745619459905174
208 0.33745619459905174
209 0.33745619459905174
210 0.33745619459905174
211 0.33745619459905174
212 0.33745619459905174
213 0.33745619459905174
214 0.33745619459905174
215 0.33745619459905174
216 0.33745619459905174
217 0.33745619459905174
218 0.33745619459905174
219 0.33745619459905174
220 0.33745619459905174
221 0.33745619459905174
222 0.33745619459905174
223 0.33745619459905174
224 0.33745619459905174
225 0.33745619459905174
226 0.33745619459905174
227 0.33745619459905174
228 0.33745619459905174
229 0.33745619459905174
230 0.33745619459905174
231 0.33745619459905174
232 0.33745619459905174
233 0.33745619459905174
234 0.33745619459905174
235 0.33745619459905174
236 0.33745619459905174
237 0.33745619459905174
238 0.33745619459905174
239 0.33745619459905174
240 0.33745619459905174
241 0.33745619459905174
242 0.33745619459905174
243 0.33745619459905174
244 0.33745619459905174
245 0.33745619459905174
246 0.33745619459905174
247 0.33745619459905174
248 0.33745619459905174
249 0.33745619459905174
250 0.33745619459905174
251 0.33745619459905174
252 0.33745619459905174
253 0.33745619459905174
254 0.33745619459905174
255 0.33745619459905174
256 0.33745619459905174
257 0.33745619459905174
258 0.33745619459905174
259 0.33745619459905174
260 0.33745619459905174
261 0.33745619459905174
262 0.33745619459905174
263 0.33745619459905174
264 0.33745619459905174
265 0.33745619459905174
266 0.33745619459905174
267 0.33745619459905174
268 0.33745619459905174
269 0.33745619459905174
270 0.33745619459905174
271 0.33745619459905174
272 0.33745619459905174
273 0.33745619459905174
274 0.33745619459905174
275 0.33745619459905174
276 0.3430220573077716
277 0.3430220573077716
278 0.3430220573077716
279 0.3430220573077716
280 0.3473510616367759
281 0.3473510616367759
282 0.3473510616367759
283 0.3473510616367759
284 0.3515769944341373
285 0.3515769944341373
286 0.3515769944341373
287 0.3515769944341373
288 0.35662749948464234
289 0.35662749948464234
290 0.35662749948464234
291 0.35662749948464234
292 0.36023500309214596
293 0.36023500309214596
294 0.36023500309214596
295 0.36023500309214596
296 0.3645640074211503
297 0.3645640074211503
298 0.3645640074211503
299 0.3645640074211503
300 0.3711605854462997
301 0.3711605854462997
302 0.3711605854462997
303 0.3711605854462997
304 0.37579880437023294
305 0.37579880437023294
306 0.37579880437023294
307 0.37579880437023294
308 0.3818800247371676
309 0.3818800247371676
310 0.3818800247371676
311 0.3818800247371676
312 0.3875489589775304
313 0.3875489589775304
314 0.3875489589775304
315 0.3875489589775304
316 0.391156462585034
317 0.391156462585034
318 0.391156462585034
319 0.391156462585034
320 0.3939393939393939
321 0.3939393939393939
322 0.3939393939393939
323 0.3939393939393939
324 0.3939393939393939
325 0.3939393939393939
326 0.3939393939393939
327 0.3939393939393939
328 0.3939393939393939
329 0.3939393939393939
330 0.3939393939393939
331 0.3939393939393939
332 0.3939393939393939
333 0.3939393939393939
334 0.3939393939393939
335 0.3939393939393939
336 0.3939393939393939
337 0.3939393939393939
338 0.3939393939393939
339 0.3939393939393939
340 0.3939393939393939
341 0.3939393939393939
342 0.3939393939393939
343 0.3939393939393939
344 0.3939393939393939
345 0.3939393939393939
346 0.3939393939393939
347 0.3939393939393939
348 0.3939393939393939
349 0.3939393939393939
350 0.3939393939393939
351 0.3939393939393939
352 0.3939393939393939
353 0.3939393939393939
354 0.3939393939393939
355 0.3939393939393939
356 0.3939393939393939
357 0.3939393939393939
358 0.3939393939393939
359 0.3939393939393939
360 0.3939393939393939
361 0.3939393939393939
362 0.3939393939393939
363 0.3939393939393939
364 0.3939393939393939
365 0.3939393939393939
366 0.3939393939393939
367 0.3939393939393939
368 0.3939393939393939
369 0.3939393939393939
370 0.3939393939393939
371 0.3939393939393939
372 0.3939393939393939
373 0.3939393939393939
374 0.3939393939393939
375 0.3939393939393939
376 0.3939393939393939
377 0.3939393939393939
378 0.3939393939393939
379 0.3939393939393939
380 0.3939393939393939
381 0.3939393939393939
382 0.3939393939393939
383 0.3939393939393939
384 0.3939393939393939
385 0.3939393939393939
386 0.3939393939393939
387 0.3939393939393939
388 0.3939393939393939
389 0.3939393939393939
390 0.3939393939393939
391 0.3939393939393939
392 0.3939393939393939
393 0.3939393939393939
394 0.3939393939393939
395 0.3939393939393939
396 0.3939393939393939
397 0.3939393939393939
398 0.3939393939393939
399 0.3939393939393939
400 0.3942486085343228
401 0.3942486085343228
402 0.3942486085343228
403 0.3942486085343228
404 0.3942486085343228
405 0.3942486085343228
406 0.3942486085343228
407 0.3942486085343228
408 0.3942486085343228
409 0.3942486085343228
410 0.3942486085343228
411 0.3942486085343228
412 0.3942486085343228
413 0.3942486085343228
414 0.3942486085343228
415 0.3942486085343228
416 0.3942486085343228
417 0.3942486085343228
418 0.3942486085343228
419 0.3942486085343228
420 0.3942486085343228
421 0.3942486085343228
422 0.3942486085343228
423 0.3942486085343228
424 0.3942486085343228
425 0.3970315398886827
426 0.3970315398886827
427 0.3970315398886827
428 0.3970315398886827
429 0.3970315398886827
430 0.4004329004329004
431 0.4004329004329004
432 0.4004329004329004
433 0.4004329004329004
434 0.4004329004329004
435 0.40507111935683365
436 0.40507111935683365
437 0.40507111935683365
438 0.40507111935683365
439 0.40507111935683365
440 0.4095031952174809
441 0.4095031952174809
442 0.4095031952174809
443 0.4095031952174809
444 0.4095031952174809
445 0.4139352710781282
446 0.4139352710781282
447 0.4139352710781282
448 0.4139352710781282
449 0.4139352710781282
450 0.4178519892805607
451 0.4178519892805607
452 0.4178519892805607
453 0.4178519892805607
454 0.4178519892805607
455 0.4213564213564214
456 0.4213564213564214
457 0.4213564213564214
458 0.4213564213564214
459 0.4213564213564214
460 0.424963924963925
461 0.424963924963925
462 0.424963924963925
463 0.424963924963925
464 0.424963924963925
465 0.4286745001030715
466 0.4286745001030715
467 0.4286745001030715
468 0.4286745001030715
469 0.4286745001030715
470 0.43166357452071735
471 0.43166357452071735
472 0.43166357452071735
473 0.43166357452071735
474 0.43166357452071735
475 0.43588950731807874
476 0.43588950731807874
477 0.43588950731807874
478 0.43588950731807874
479 0.43588950731807874
480 0.44032158317872605
481 0.44032158317872605
482 0.44032158317872605
483 0.44032158317872605
484 0.44032158317872605
485 0.44032158317872605
486 0.44032158317872605
487 0.44032158317872605
488 0.44032158317872605
489 0.44032158317872605
490 0.44032158317872605
491 0.44032158317872605
492 0.44032158317872605
493 0.44032158317872605
494 0.44032158317872605
495 0.44032158317872605
496 0.44032158317872605
497 0.44032158317872605
498 0.44032158317872605
499 0.44032158317872605
500 0.4399092970521542
