# Data for router 5
0 0.0
1 0.0
2 0.0
3 0.0
4 0.0
5 0.0
6 0.0
7 0.0
8 0.0
9 0.0
10 0.0
11 0.0
12 0.0
13 0.0
14 0.0
15 0.0
16 0.0
17 0.0
18 0.0
19 0.0
20 0.0
21 0.01020408163265306
22 0.0196866625438054
23 0.0287569573283859
24 0.03875489589775304
25 0.04638218923933209
26 0.056380127808699235
27 0.06297670583384869
28 0.06998556998556998
29 0.07833436404864977
30 0.08812615955473098
31 0.09781488352916924
32 0.10616367759224903
33 0.10616367759224903
34 0.10616367759224903
35 0.10616367759224903
36 0.10616367759224903
37 0.10616367759224903
38 0.10616367759224903
39 0.10616367759224903
40 0.10616367759224903
41 0.10616367759224903
42 0.10616367759224903
43 0.10616367759224903
44 0.10616367759224903
45 0.10616367759224903
46 0.10616367759224903
47 0.10616367759224903
48 0.10616367759224903
49 0.10616367759224903
50 0.10616367759224903
51 0.10616367759224903
52 0.10616367759224903
53 0.10616367759224903
54 0.10616367759224903
55 0.10616367759224903
56 0.10616367759224903
57 0.10616367759224903
58 0.10616367759224903
59 0.10616367759224903
60 0.10616367759224903
61 0.10616367759224903
62 0.10616367759224903
63 0.10616367759224903
64 0.10616367759224903
65 0.10616367759224903
66 0.10616367759224903
67 0.10616367759224903
68 0.10616367759224903
69 0.10616367759224903
70 0.10616367759224903
71 0.10616367759224903
72 0.10616367759224903
73 0.10616367759224903
74 0.1170892599464028
75 0.1170892599464028
76 0.12832405689548546
77 0.12832405689548546
78 0.14100185528756956
79 0.14100185528756956
80 0.15058750773036486
81 0.15058750773036486
82 0.16336837765409193
83 0.16336837765409193
84 0.1754277468563183
85 0.1754277468563183
86 0.18645640074211503
87 0.18645640074211503
88 0.19954648526077098
89 0.19954648526077098
90 0.2110904968047825
91 0.2110904968047825
92 0.22428365285508142
93 0.22428365285508142
94 0.23386930529787672
95 0.23386930529787672
96 0.24551638837353124
97 0.24551638837353124
98 0.24551638837353124
99 0.24551638837353124
100 0.24386724386724387
101 0.24386724386724387
102 0.24386724386724387
103 0.24386724386724387
104 0.24386724386724387
105 0.24386724386724387
106 0.24386724386724387
107 0.24386724386724387
108 0.24386724386724387
109 0.24386724386724387
110 0.24386724386724387
111 0.24386724386724387
112 0.24386724386724387
113 0.24386724386724387
114 0.24386724386724387
115 0.24386724386724387
116 0.24386724386724387
117 0.24386724386724387
118 0.24386724386724387
119 0.24386724386724387
120 0.24386724386724387
121 0.24386724386724387
122 0.24386724386724387
123 0.24386724386724387
124 0.24386724386724387
125 0.24386724386724387
126 0.24386724386724387
127 0.24386724386724387
128 0.24386724386724387
129 0.24386724386724387
130 0.24386724386724387
131 0.24386724386724387
132 0.24386724386724387
133 0.24386724386724387
134 0.24386724386724387
135 0.24386724386724387
136 0.24386724386724387
137 0.24386724386724387
138 0.24386724386724387
139 0.24386724386724387
140 0.24386724386724387
141 0.24386724386724387
142 0.24386724386724387
143 0.24386724386724387
144 0.24386724386724387
145 0.24386724386724387
146 0.24386724386724387
147 0.24386724386724387
148 0.24386724386724387
149 0.24386724386724387
150 0.24386724386724387
151 0.24386724386724387
152 0.24386724386724387
153 0.24386724386724387
154 0.24386724386724387
155 0.24386724386724387
156 0.24386724386724387
157 0.24386724386724387
158 0.24386724386724387
159 0.25200989486703773
160 0.25200989486703773
161 0.25200989486703773
162 0.2594310451453309
163 0.2594310451453309
164 0.2594310451453309
165 0.2681921253349825
166 0.2681921253349825
167 0.2681921253349825
168 0.2759224902082045
169 0.2759224902082045
170 0.2759224902082045
171 0.2826221397649969
172 0.2826221397649969
173 0.2826221397649969
174 0.29035250463821893
175 0.29035250463821893
176 0.29035250463821893
177 0.29756751185322616
178 0.29756751185322616
179 0.29756751185322616
180 0.3048855905998763
181 0.3048855905998763
182 0.3048855905998763
183 0.3129251700680272
184 0.3129251700680272
185 0.3129251700680272
186 0.32075860647289217
187 0.32075860647289217
188 0.32075860647289217
189 0.32807668521954236
190 0.32807668521954236
191 0.32807668521954236
192 0.33591012162440737
193 0.33591012162440737
194 0.33591012162440737
195 0.33591012162440737
196 0.33591012162440737
197 0.33591012162440737
198 0.33591012162440737
199 0.33591012162440737
200 0.3281797567511853
201 0.3281797567511853
202 0.3281797567511853
203 0.3281797567511853
204 0.3281797567511853
205 0.3281797567511853
206 0.3281797567511853
207 0.3281797567511853
208 0.3281797567511853
209 0.3281797567511853
210 0.3281797567511853
211 0.3281797567511853
212 0.3281797567511853
213 0.3281797567511853
214 0.3281797567511853
215 0.3281797567511853
216 0.3281797567511853
217 0.3281797567511853
218 0.3281797567511853
219 0.3281797567511853
220 0.3281797567511853
221 0.3281797567511853
222 0.3281797567511853
223 0.3281797567511853
224 0.3281797567511853
225 0.3281797567511853
226 0.3281797567511853
227 0.3281797567511853
228 0.3281797567511853
229 0.3281797567511853
230 0.3281797567511853
231 0.3281797567511853
232 0.3281797567511853
233 0.3281797567511853
234 0.3281797567511853
235 0.3281797567511853
236 0.3281797567511853
237 0.3281797567511853
238 0.3281797567511853
239 0.3281797567511853
240 0.3281797567511853
241 0.3281797567511853
242 0.3281797567511853
243 0.3281797567511853
244 0.3281797567511853
245 0.3281797567511853
246 0.3281797567511853
247 0.3281797567511853
248 0.3281797567511853
249 0.3281797567511853
250 0.3281797567511853
251 0.3281797567511853
252 0.3281797567511853
253 0.3281797567511853
254 0.3281797567511853
255 0.3281797567511853
256 0.3281797567511853
257 0.3281797567511853
258 0.3281797567511853
259 0.3281797567511853
260 0.3281797567511853
261 0.3281797567511853
262 0.3281797567511853
263 0.3281797567511853
264 0.3281797567511853
265 0.3281797567511853
266 0.3281797567511853
267 0.3281797567511853
268 0.3281797567511853
269 0.3281797567511853
270 0.3281797567511853
271 0.3281797567511853
272 0.3281797567511853
273 0.3281797567511853
274 0.3281797567511853
275 0.3281797567511853
276 0.33230261801690375
277 0.33230261801690375
278 0.33230261801690375
279 0.33230261801690375
280 0.3370439084724799
281 0.3370439084724799
282 0.3370439084724799
283 0.3370439084724799
284 0.34250669964955677
285 0.34250669964955677
286 0.34250669964955677
287 0.34250669964955677
288 0.3460111317254174
289 0.3460111317254174
290 0.3460111317254174
291 0.3460111317254174
292 0.3499278499278499
293 0.3499278499278499
294 0.3499278499278499
295 0.3499278499278499
296 0.35456606885178316
297 0.35456606885178316
298 0.35456606885178316
299 0.35456606885178316
300 0.3793032364460936
301 0.3793032364460936
302 0.3793032364460936
303 0.3793032364460936
304 0.3827045969903113
305 0.3827045969903113
306 0.3827045969903113
307 0.3827045969903113
308 0.386105957534529
309 0.386105957534529
310 0.386105957534529
311 0.386105957534529
312 0.3909503195217481
313 0.3909503195217481
314 0.3909503195217481
315 0.3909503195217481
316 0.3955885384456813
317 0.3955885384456813
318 0.3955885384456813
319 0.3955885384456813
320 0.39919604205318493
321 0.39919604205318493
322 0.39919604205318493
323 0.39919604205318493
324 0.39919604205318493
325 0.39919604205318493
326 0.39919604205318493
327 0.39919604205318493
328 0.39919604205318493
329 0.39919604205318493
330 0.39919604205318493
331 0.39919604205318493
332 0.39919604205318493
333 0.39919604205318493
334 0.39919604205318493
335 0.39919604205318493
336 0.39919604205318493
337 0.39919604205318493
338 0.39919604205318493
339 0.39919604205318493
340 0.39919604205318493
341 0.39919604205318493
342 0.39919604205318493
343 0.39919604205318493
344 0.39919604205318493
345 0.39919604205318493
346 0.39919604205318493
347 0.39919604205318493
348 0.39919604205318493
349 0.39919604205318493
350 0.39919604205318493
351 0.39919604205318493
352 0.39919604205318493
353 0.39919604205318493
354 0.39919604205318493
355 0.39919604205318493
356 0.39919604205318493
357 0.39919604205318493
358 0.39919604205318493
359 0.39919604205318493
360 0.39919604205318493
361 0.39919604205318493
362 0.39919604205318493
363 0.39919604205318493
364 0.39919604205318493
365 0.39919604205318493
366 0.39919604205318493
367 0.39919604205318493
368 0.39919604205318493
369 0.39919604205318493
370 0.39919604205318493
371 0.39919604205318493
372 0.39919604205318493
373 0.39919604205318493
374 0.39919604205318493
375 0.39919604205318493
376 0.39919604205318493
377 0.39919604205318493
378 0.39919604205318493
379 0.39919604205318493
380 0.39919604205318493
381 0.39919604205318493
382 0.39919604205318493
383 0.39919604205318493
384 0.39919604205318493
385 0.39919604205318493
386 0.39919604205318493
387 0.39919604205318493
388 0.39919604205318493
389 0.39919604205318493
390 0.39919604205318493
391 0.39919604205318493
392 0.39919604205318493
393 0.39919604205318493
394 0.39919604205318493
395 0.39919604205318493
396 0.39919604205318493
397 0.39919604205318493
398 0.39919604205318493
399 0.39919604205318493
400 0.3935271078128221
401 0.3935271078128221
402 0.3935271078128221
403 0.3935271078128221
404 0.3935271078128221
405 0.3935271078128221
406 0.3935271078128221
407 0.3935271078128221
408 0.3935271078128221
409 0.3935271078128221
410 0.3935271078128221
411 0.3935271078128221
412 0.3935271078128221
413 0.3935271078128221
414 0.3935271078128221
415 0.3935271078128221
416 0.3935271078128221
417 0.3935271078128221
418 0.3935271078128221
419 0.3935271078128221
420 0.3935271078128221
421 0.3935271078128221
422 0.3935271078128221
423 0.3935271078128221
424 0.3935271078128221
425 0.3987837559266131
426 0.3987837559266131
427 0.3987837559266131
428 0.3987837559266131
429 0.3987837559266131
430 0.4013605442176871
431 0.4013605442176871
432 0.4013605442176871
433 0.4013605442176871
434 0.4013605442176871
435 0.4059987631416203
436 0.4059987631416203
437 0.4059987631416203
438 0.4059987631416203
439 0.4059987631416203
440 0.40970933828076683
441 0.40970933828076683
442 0.40970933828076683
443 0.40970933828076683
444 0.40970933828076683
445 0.41352298495155637
446 0.41352298495155637
447 0.41352298495155637
448 0.41352298495155637
449 0.41352298495155637
450 0.4186765615337044
451 0.4186765615337044
452 0.4186765615337044
453 0.4186765615337044
454 0.4186765615337044
455 0.42321170892599463
456 0.42321170892599463
457 0.42321170892599463
458 0.42321170892599463
459 0.42321170892599463
460 0.427437641723356
461 0.427437641723356
462 0.427437641723356
463 0.427437641723356
464 0.427437641723356
465 0.4332096474953618
466 0.4332096474953618
467 0.4332096474953618
468 0.4332096474953618
469 0.4332096474953618
470 0.4376417233560091
471 0.4376417233560091
472 0.4376417233560091
473 0.4376417233560091
474 0.4376417233560091
475 0.44207379921665635
476 0.44207379921665635
477 0.44207379921665635
478 0.44207379921665635
479 0.44207379921665635
480 0.4464028035456607
481 0.4464028035456607
482 0.4464028035456607
483 0.4464028035456607
484 0.4464028035456607
485 0.4464028035456607
486 0.4464028035456607
487 0.4464028035456607
488 0.4464028035456607
489 0.4464028035456607
490 0.4464028035456607
491 0.4464028035456607
492 0.4464028035456607
493 0.4464028035456607
494 0.4464028035456607
495 0.4464028035456607
496 0.4464028035456607
497 0.4464028035456607
498 0.4464028035456607
499 0.4464028035456607
500 0.4491857349000206
