# Data for router 3
0 0.0
1 0.0
2 0.0
3 0.0
4 0.0
5 0.0
6 0.0
7 0.0
8 0.0
9 0.0
10 0.0
11 0.0
12 0.0
13 0.0
14 0.0
15 0.0
16 0.0
17 0.0
18 0.0
19 0.0
20 0.0
21 0.007936507936507936
22 0.017728303442589157
23 0.024737167594310452
24 0.032467532467532464
25 0.04215625644197073
26 0.04937126365697794
27 0.05813234384662956
28 0.06679035250463822
29 0.075139146567718
30 0.08482787054215625
31 0.09245516388373531
32 0.10111317254174397
33 0.10111317254174397
34 0.10111317254174397
35 0.10111317254174397
36 0.10111317254174397
37 0.10111317254174397
38 0.10111317254174397
39 0.10111317254174397
40 0.10111317254174397
41 0.10111317254174397
42 0.10111317254174397
43 0.10111317254174397
44 0.10111317254174397
45 0.10111317254174397
46 0.10111317254174397
47 0.10111317254174397
48 0.10111317254174397
49 0.10111317254174397
50 0.10111317254174397
51 0.10111317254174397
52 0.10111317254174397
53 0.10111317254174397
54 0.10111317254174397
55 0.10111317254174397
56 0.10111317254174397
57 0.10111317254174397
58 0.10111317254174397
59 0.10111317254174397
60 0.10111317254174397
61 0.10111317254174397
62 0.10111317254174397
63 0.10111317254174397
64 0.10111317254174397
65 0.10111317254174397
66 0.10111317254174397
67 0.10111317254174397
68 0.10111317254174397
69 0.10111317254174397
70 0.10111317254174397
71 0.10111317254174397
72 0.10111317254174397
73 0.10111317254174397
74 0.11234796949082664
75 0.11234796949082664
76 0.12677798392084105
77 0.12677798392084105
78 0.13811585240156668
79 0.13811585240156668
80 0.14955679241393527
81 0.14955679241393527
82 0.16305916305916307
83 0.16305916305916307
84 0.17656153370439084
85 0.17656153370439084
86 0.18954854669140384
87 0.18954854669140384
88 0.20047412904555761
89 0.20047412904555761
90 0.21397649969078542
91 0.21397649969078542
92 0.22737579880437023
93 0.22737579880437023
94 0.23768295196866626
95 0.23768295196866626
96 0.24799010513296227
97 0.24799010513296227
98 0.24799010513296227
99 0.24799010513296227
100 0.24953617810760667
101 0.24953617810760667
102 0.24953617810760667
103 0.24953617810760667
104 0.24953617810760667
105 0.24953617810760667
106 0.24953617810760667
107 0.24953617810760667
108 0.24953617810760667
109 0.24953617810760667
110 0.24953617810760667
111 0.24953617810760667
112 0.24953617810760667
113 0.24953617810760667
114 0.24953617810760667
115 0.24953617810760667
116 0.24953617810760667
117 0.24953617810760667
118 0.24953617810760667
119 0.24953617810760667
120 0.24953617810760667
121 0.24953617810760667
122 0.24953617810760667
123 0.24953617810760667
124 0.24953617810760667
125 0.24953617810760667
126 0.24953617810760667
127 0.24953617810760667
128 0.24953617810760667
129 0.24953617810760667
130 0.24953617810760667
131 0.24953617810760667
132 0.24953617810760667
133 0.24953617810760667
134 0.24953617810760667
135 0.24953617810760667
136 0.24953617810760667
137 0.24953617810760667
138 0.24953617810760667
139 0.24953617810760667
140 0.24953617810760667
141 0.24953617810760667
142 0.24953617810760667
143 0.24953617810760667
144 0.24953617810760667
145 0.24953617810760667
146 0.24953617810760667
147 0.24953617810760667
148 0.24953617810760667
149 0.24953617810760667
150 0.24953617810760667
151 0.24953617810760667
152 0.24953617810760667
153 0.24953617810760667
154 0.24953617810760667
155 0.24953617810760667
156 0.24953617810760667
157 0.24953617810760667
158 0.24953617810760667
159 0.25654504225932795
160 0.25654504225932795
161 0.25654504225932795
162 0.26262626262626265
163 0.26262626262626265
164 0.26262626262626265
165 0.2689136260564832
166 0.2689136260564832
167 0.2689136260564832
168 0.2764378478664193
169 0.2764378478664193
170 0.2764378478664193
171 0.28437435580292725
172 0.28437435580292725
173 0.28437435580292725
174 0.29086786229643374
175 0.29086786229643374
176 0.29086786229643374
177 0.297876726448155
178 0.297876726448155
179 0.297876726448155
180 0.3043702329416615
181 0.3043702329416615
182 0.3043702329416615
183 0.31034838177695323
184 0.31034838177695323
185 0.31034838177695323
186 0.31746031746031744
187 0.31746031746031744
188 0.31746031746031744
189 0.3248814677386106
190 0.3248814677386106
191 0.3248814677386106
192 0.331581117295403
193 0.331581117295403
194 0.331581117295403
195 0.331581117295403
196 0.331581117295403
197 0.331581117295403
198 0.331581117295403
199 0.331581117295403
200 0.33323026180169035
201 0.33323026180169035
202 0.33323026180169035
203 0.33323026180169035
204 0.33323026180169035
205 0.33323026180169035
206 0.33323026180169035
207 0.33323026180169035
208 0.33323026180169035
209 0.33323026180169035
210 0.33323026180169035
211 0.33323026180169035
212 0.33323026180169035
213 0.33323026180169035
214 0.33323026180169035
215 0.33323026180169035
216 0.33323026180169035
217 0.33323026180169035
218 0.33323026180169035
219 0.33323026180169035
220 0.33323026180169035
221 0.33323026180169035
222 0.33323026180169035
223 0.33323026180169035
224 0.33323026180169035
225 0.33323026180169035
226 0.33323026180169035
227 0.33323026180169035
228 0.33323026180169035
229 0.33323026180169035
230 0.33323026180169035
231 0.33323026180169035
232 0.33323026180169035
233 0.33323026180169035
234 0.33323026180169035
235 0.33323026180169035
236 0.33323026180169035
237 0.33323026180169035
238 0.33323026180169035
239 0.33323026180169035
240 0.33323026180169035
241 0.33323026180169035
242 0.33323026180169035
243 0.33323026180169035
244 0.33323026180169035
245 0.33323026180169035
246 0.33323026180169035
247 0.33323026180169035
248 0.33323026180169035
249 0.33323026180169035
250 0.33323026180169035
251 0.33323026180169035
252 0.33323026180169035
253 0.33323026180169035
254 0.33323026180169035
255 0.33323026180169035
256 0.33323026180169035
257 0.33323026180169035
258 0.33323026180169035
259 0.33323026180169035
260 0.33323026180169035
261 0.33323026180169035
262 0.33323026180169035
263 0.33323026180169035
264 0.33323026180169035
265 0.33323026180169035
266 0.33323026180169035
267 0.33323026180169035
268 0.33323026180169035
269 0.33323026180169035
270 0.33323026180169035
271 0.33323026180169035
272 0.33323026180169035
273 0.33323026180169035
274 0.33323026180169035
275 0.33323026180169035
276 0.3373531230674088
277 0.3373531230674088
278 0.3373531230674088
279 0.3373531230674088
280 0.3412698412698413
281 0.3412698412698413
282 0.3412698412698413
283 0.3412698412698413
284 0.34549577406720267
285 0.34549577406720267
286 0.34549577406720267
287 0.34549577406720267
288 0.3492063492063492
289 0.3492063492063492
290 0.3492063492063492
291 0.3492063492063492
292 0.35353535353535354
293 0.35353535353535354
294 0.35353535353535354
295 0.35353535353535354
296 0.35796742939600085
297 0.35796742939600085
298 0.35796742939600085
299 0.35796742939600085
300 0.36755308183879615
301 0.36755308183879615
302 0.36755308183879615
303 0.36755308183879615
304 0.37208822923108636
305 0.37208822923108636
306 0.37208822923108636
307 0.37208822923108636
308 0.3770356627499485
309 0.3770356627499485
310 0.3770356627499485
311 0.3770356627499485
312 0.38054009482580914
313 0.38054009482580914
314 0.38054009482580914
315 0.38054009482580914
316 0.3843537414965986
317 0.3843537414965986
318 0.3843537414965986
319 0.3843537414965986
320 0.3897134611420326
321 0.3897134611420326
322 0.3897134611420326
323 0.3897134611420326
324 0.3897134611420326
325 0.3897134611420326
326 0.3897134611420326
327 0.3897134611420326
328 0.3897134611420326
329 0.3897134611420326
330 0.3897134611420326
331 0.3897134611420326
332 0.3897134611420326
333 0.3897134611420326
334 0.3897134611420326
335 0.3897134611420326
336 0.3897134611420326
337 0.3897134611420326
338 0.3897134611420326
339 0.3897134611420326
340 0.3897134611420326
341 0.3897134611420326
342 0.3897134611420326
343 0.3897134611420326
344 0.3897134611420326
345 0.3897134611420326
346 0.3897134611420326
347 0.3897134611420326
348 0.3897134611420326
349 0.3897134611420326
350 0.3897134611420326
351 0.3897134611420326
352 0.3897134611420326
353 0.3897134611420326
354 0.3897134611420326
355 0.3897134611420326
356 0.3897134611420326
357 0.3897134611420326
358 0.3897134611420326
359 0.3897134611420326
360 0.3897134611420326
361 0.3897134611420326
362 0.3897134611420326
363 0.3897134611420326
364 0.3897134611420326
365 0.3897134611420326
366 0.3897134611420326
367 0.3897134611420326
368 0.3897134611420326
369 0.3897134611420326
370 0.3897134611420326
371 0.3897134611420326
372 0.3897134611420326
373 0.3897134611420326
374 0.3897134611420326
375 0.3897134611420326
376 0.3897134611420326
377 0.3897134611420326
378 0.3897134611420326
379 0.3897134611420326
380 0.3897134611420326
381 0.3897134611420326
382 0.3897134611420326
383 0.3897134611420326
384 0.3897134611420326
385 0.3897134611420326
386 0.3897134611420326
387 0.3897134611420326
388 0.3897134611420326
389 0.3897134611420326
390 0.3897134611420326
391 0.3897134611420326
392 0.3897134611420326
393 0.3897134611420326
394 0.3897134611420326
395 0.3897134611420326
396 0.3897134611420326
397 0.3897134611420326
398 0.3897134611420326
399 0.3897134611420326
400 0.393733250876108
401 0.393733250876108
402 0.393733250876108
403 0.393733250876108
404 0.393733250876108
405 0.393733250876108
406 0.393733250876108
407 0.393733250876108
408 0.393733250876108
409 0.393733250876108
410 0.393733250876108
411 0.393733250876108
412 0.393733250876108
413 0.393733250876108
414 0.393733250876108
415 0.393733250876108
416 0.393733250876108
417 0.393733250876108
418 0.393733250876108
419 0.393733250876108
420 0.393733250876108
421 0.393733250876108
422 0.393733250876108
423 0.393733250876108
424 0.393733250876108
425 0.39826839826839827
426 0.39826839826839827
427 0.39826839826839827
428 0.39826839826839827
429 0.39826839826839827
430 0.40166975881261596
431 0.40166975881261596
432 0.40166975881261596
433 0.40166975881261596
434 0.40166975881261596
435 0.4056895485466914
436 0.4056895485466914
437 0.4056895485466914
438 0.4056895485466914
439 0.4056895485466914
440 0.4101216244073387
441 0.4101216244073387
442 0.4101216244073387
443 0.4101216244073387
444 0.4101216244073387
445 0.4142444856730571
446 0.4142444856730571
447 0.4142444856730571
448 0.4142444856730571
449 0.4142444856730571
450 0.41898577612863325
451 0.41898577612863325
452 0.41898577612863325
453 0.41898577612863325
454 0.41898577612863325
455 0.42321170892599463
456 0.42321170892599463
457 0.42321170892599463
458 0.42321170892599463
459 0.42321170892599463
460 0.427437641723356
461 0.427437641723356
462 0.427437641723356
463 0.427437641723356
464 0.427437641723356
465 0.4311482168625026
466 0.4311482168625026
467 0.4311482168625026
468 0.4311482168625026
469 0.4311482168625026
470 0.4349618635332921
471 0.4349618635332921
472 0.4349618635332921
473 0.4349618635332921
474 0.4349618635332921
475 0.4390847247990105
476 0.4390847247990105
477 0.4390847247990105
478 0.4390847247990105
479 0.4390847247990105
480 0.4421768707482993
481 0.4421768707482993
482 0.4421768707482993
483 0.4421768707482993
484 0.4421768707482993
485 0.4421768707482993
486 0.4421768707482993
487 0.4421768707482993
488 0.4421768707482993
489 0.4421768707482993
490 0.4421768707482993
491 0.4421768707482993
492 0.4421768707482993
493 0.4421768707482993
494 0.4421768707482993
495 0.4421768707482993
496 0.4421768707482993
497 0.4421768707482993
498 0.4421768707482993
499 0.4421768707482993
500 0.43609565038136466
