# Data for router 11
0 0.0
1 0.0
2 0.0
3 0.0
4 0.0
5 0.0
6 0.0
7 0.0
8 0.0
9 0.0
10 0.0
11 0.0
12 0.0
13 0.0
14 0.0
15 0.0
16 0.0
17 0.0
18 0.0
19 0.0
20 0.0
21 0.0013399299113584827
22 0.0032982890125747267
23 0.005050505050505051
24 0.006081220366934653
25 0.007627293341579056
26 0.009070294784580499
27 0.010925582354153782
28 0.011956297670583385
29 0.013296227581941867
30 0.01463615749330035
31 0.015460729746444033
32 0.018037518037518036
33 0.018037518037518036
34 0.018037518037518036
35 0.018037518037518036
36 0.018037518037518036
37 0.018037518037518036
38 0.018037518037518036
39 0.018037518037518036
40 0.018037518037518036
41 0.018037518037518036
42 0.018037518037518036
43 0.018037518037518036
44 0.018037518037518036
45 0.018037518037518036
46 0.018037518037518036
47 0.018037518037518036
48 0.018037518037518036
49 0.018037518037518036
50 0.018037518037518036
51 0.018037518037518036
52 0.018037518037518036
53 0.018037518037518036
54 0.018037518037518036
55 0.018037518037518036
56 0.018037518037518036
57 0.018037518037518036
58 0.018037518037518036
59 0.018037518037518036
60 0.018037518037518036
61 0.018037518037518036
62 0.018037518037518036
63 0.018037518037518036
64 0.018037518037518036
65 0.018037518037518036
66 0.018037518037518036
67 0.018037518037518036
68 0.018037518037518036
69 0.018037518037518036
70 0.018037518037518036
71 0.018037518037518036
72 0.018037518037518036
73 0.018037518037518036
74 0.020202020202020204
75 0.020202020202020204
76 0.026077097505668934
77 0.026077097505668934
78 0.029890744176458463
79 0.029890744176458463
80 0.034425891568748715
81 0.034425891568748715
82 0.03947639661925376
83 0.03947639661925376
84 0.04359925788497217
85 0.04359925788497217
86 0.04803133374561946
87 0.04803133374561946
88 0.051638837353123065
89 0.051638837353123065
90 0.05524634096062667
91 0.05524634096062667
92 0.05998763141620284
93 0.05998763141620284
94 0.06431663574520717
95 0.06431663574520717
96 0.06895485466914038
97 0.06895485466914038
98 0.06895485466914038
99 0.06895485466914038
100 0.06534735106163678
101 0.06534735106163678
102 0.06534735106163678
103 0.06534735106163678
104 0.06534735106163678
105 0.06534735106163678
106 0.06534735106163678
107 0.06534735106163678
108 0.06534735106163678
109 0.06534735106163678
110 0.06534735106163678
111 0.06534735106163678
112 0.06534735106163678
113 0.06534735106163678
114 0.06534735106163678
115 0.06534735106163678
116 0.06534735106163678
117 0.06534735106163678
118 0.06534735106163678
119 0.06534735106163678
120 0.06534735106163678
121 0.06534735106163678
122 0.06534735106163678
123 0.06534735106163678
124 0.06534735106163678
125 0.06534735106163678
126 0.06534735106163678
127 0.06534735106163678
128 0.06534735106163678
129 0.06534735106163678
130 0.06534735106163678
131 0.06534735106163678
132 0.06534735106163678
133 0.06534735106163678
134 0.06534735106163678
135 0.06534735106163678
136 0.06534735106163678
137 0.06534735106163678
138 0.06534735106163678
139 0.06534735106163678
140 0.06534735106163678
141 0.06534735106163678
142 0.06534735106163678
143 0.06534735106163678
144 0.06534735106163678
145 0.06534735106163678
146 0.06534735106163678
147 0.06534735106163678
148 0.06534735106163678
149 0.06534735106163678
150 0.06534735106163678
151 0.06534735106163678
152 0.06534735106163678
153 0.06534735106163678
154 0.06534735106163678
155 0.06534735106163678
156 0.06534735106163678
157 0.06534735106163678
158 0.06534735106163678
159 0.0756545042259328
160 0.0756545042259328
161 0.0756545042259328
162 0.08616780045351474
163 0.08616780045351474
164 0.08616780045351474
165 0.09709338280766852
166 0.09709338280766852
167 0.09709338280766852
168 0.10523603380746238
169 0.10523603380746238
170 0.10523603380746238
171 0.11513090084518655
172 0.11513090084518655
173 0.11513090084518655
174 0.1261595547309833
175 0.1261595547309833
176 0.1261595547309833
177 0.13790970933828076
178 0.13790970933828076
179 0.13790970933828076
180 0.1494537208822923
181 0.1494537208822923
182 0.1494537208822923
183 0.1598639455782313
184 0.1598639455782313
185 0.1598639455782313
186 0.170995670995671
187 0.170995670995671
188 0.170995670995671
189 0.18181818181818182
190 0.18181818181818182
191 0.18181818181818182
192 0.19315605029890745
193 0.19315605029890745
194 0.19315605029890745
195 0.19315605029890745
196 0.19315605029890745
197 0.19315605029890745
198 0.19315605029890745
199 0.19315605029890745
200 0.19604205318491033
201 0.19604205318491033
202 0.19604205318491033
203 0.19604205318491033
204 0.19604205318491033
205 0.19604205318491033
206 0.19604205318491033
207 0.19604205318491033
208 0.19604205318491033
209 0.19604205318491033
210 0.19604205318491033
211 0.19604205318491033
212 0.19604205318491033
213 0.19604205318491033
214 0.19604205318491033
215 0.19604205318491033
216 0.19604205318491033
217 0.19604205318491033
218 0.19604205318491033
219 0.19604205318491033
220 0.19604205318491033
221 0.19604205318491033
222 0.19604205318491033
223 0.19604205318491033
224 0.19604205318491033
225 0.19604205318491033
226 0.19604205318491033
227 0.19604205318491033
228 0.19604205318491033
229 0.19604205318491033
230 0.19604205318491033
231 0.19604205318491033
232 0.19604205318491033
233 0.19604205318491033
234 0.19604205318491033
235 0.19604205318491033
236 0.19604205318491033
237 0.19604205318491033
238 0.19604205318491033
239 0.19604205318491033
240 0.19604205318491033
241 0.19604205318491033
242 0.19604205318491033
243 0.19604205318491033
244 0.19604205318491033
245 0.19604205318491033
246 0.19604205318491033
247 0.19604205318491033
248 0.19604205318491033
249 0.19604205318491033
250 0.19604205318491033
251 0.19604205318491033
252 0.19604205318491033
253 0.19604205318491033
254 0.19604205318491033
255 0.19604205318491033
256 0.19604205318491033
257 0.19604205318491033
258 0.19604205318491033
259 0.19604205318491033
260 0.19604205318491033
261 0.19604205318491033
262 0.19604205318491033
263 0.19604205318491033
264 0.19604205318491033
265 0.19604205318491033
266 0.19604205318491033
267 0.19604205318491033
268 0.19604205318491033
269 0.19604205318491033
270 0.19604205318491033
271 0.19604205318491033
272 0.19604205318491033
273 0.19604205318491033
274 0.19604205318491033
275 0.19604205318491033
276 0.20098948670377242
277 0.20098948670377242
278 0.20098948670377242
279 0.20098948670377242
280 0.20614306328592044
281 0.20614306328592044
282 0.20614306328592044
283 0.20614306328592044
284 0.21119356833642547
285 0.21119356833642547
286 0.21119356833642547
287 0.21119356833642547
288 0.21480107194392908
289 0.21480107194392908
290 0.21480107194392908
291 0.21480107194392908
292 0.2206761492475778
293 0.2206761492475778
294 0.2206761492475778
295 0.2206761492475778
296 0.2245928674500103
297 0.2245928674500103
298 0.2245928674500103
299 0.2245928674500103
300 0.22830344258915689
301 0.22830344258915689
302 0.22830344258915689
303 0.22830344258915689
304 0.2318078746650175
305 0.2318078746650175
306 0.2318078746650175
307 0.2318078746650175
308 0.23644609358895075
309 0.23644609358895075
310 0.23644609358895075
311 0.23644609358895075
312 0.24149659863945577
313 0.24149659863945577
314 0.24149659863945577
315 0.24149659863945577
316 0.24603174603174602
317 0.24603174603174602
318 0.24603174603174602
319 0.24603174603174602
320 0.2502576788291074
321 0.2502576788291074
322 0.2502576788291074
323 0.2502576788291074
324 0.2502576788291074
325 0.2502576788291074
326 0.2502576788291074
327 0.2502576788291074
328 0.2502576788291074
329 0.2502576788291074
330 0.2502576788291074
331 0.2502576788291074
332 0.2502576788291074
333 0.2502576788291074
334 0.2502576788291074
335 0.2502576788291074
336 0.2502576788291074
337 0.2502576788291074
338 0.2502576788291074
339 0.2502576788291074
340 0.2502576788291074
341 0.2502576788291074
342 0.2502576788291074
343 0.2502576788291074
344 0.2502576788291074
345 0.2502576788291074
346 0.2502576788291074
347 0.2502576788291074
348 0.2502576788291074
349 0.2502576788291074
350 0.2502576788291074
351 0.2502576788291074
352 0.2502576788291074
353 0.2502576788291074
354 0.2502576788291074
355 0.2502576788291074
356 0.2502576788291074
357 0.2502576788291074
358 0.2502576788291074
359 0.2502576788291074
360 0.2502576788291074
361 0.2502576788291074
362 0.2502576788291074
363 0.2502576788291074
364 0.2502576788291074
365 0.2502576788291074
366 0.2502576788291074
367 0.2502576788291074
368 0.2502576788291074
369 0.2502576788291074
370 0.2502576788291074
371 0.2502576788291074
372 0.2502576788291074
373 0.2502576788291074
374 0.2502576788291074
375 0.2502576788291074
376 0.2502576788291074
377 0.2502576788291074
378 0.2502576788291074
379 0.2502576788291074
380 0.2502576788291074
381 0.2502576788291074
382 0.2502576788291074
383 0.2502576788291074
384 0.2502576788291074
385 0.2502576788291074
386 0.2502576788291074
387 0.2502576788291074
388 0.2502576788291074
389 0.2502576788291074
390 0.2502576788291074
391 0.2502576788291074
392 0.2502576788291074
393 0.2502576788291074
394 0.2502576788291074
395 0.2502576788291074
396 0.2502576788291074
397 0.2502576788291074
398 0.2502576788291074
399 0.2502576788291074
400 0.24933003504432075
401 0.24933003504432075
402 0.24933003504432075
403 0.24933003504432075
404 0.24933003504432075
405 0.24933003504432075
406 0.24933003504432075
407 0.24933003504432075
408 0.24933003504432075
409 0.24933003504432075
410 0.24933003504432075
411 0.24933003504432075
412 0.24933003504432075
413 0.24933003504432075
414 0.24933003504432075
415 0.24933003504432075
416 0.24933003504432075
417 0.24933003504432075
418 0.24933003504432075
419 0.24933003504432075
420 0.24933003504432075
421 0.24933003504432075
422 0.24933003504432075
423 0.24933003504432075
424 0.24933003504432075
425 0.2529375386518244
426 0.2529375386518244
427 0.2529375386518244
428 0.2529375386518244
429 0.2529375386518244
430 0.2572665429808287
431 0.2572665429808287
432 0.2572665429808287
433 0.2572665429808287
434 0.2572665429808287
435 0.2610801896516182
436 0.2610801896516182
437 0.2610801896516182
438 0.2610801896516182
439 0.2610801896516182
440 0.26468769325912184
441 0.26468769325912184
442 0.26468769325912184
443 0.26468769325912184
444 0.26468769325912184
445 0.2678829107400536
446 0.2678829107400536
447 0.2678829107400536
448 0.2678829107400536
449 0.2678829107400536
450 0.2714904143475572
451 0.2714904143475572
452 0.2714904143475572
453 0.2714904143475572
454 0.2714904143475572
455 0.2766439909297052
456 0.2766439909297052
457 0.2766439909297052
458 0.2766439909297052
459 0.2766439909297052
460 0.28076685219542363
461 0.28076685219542363
462 0.28076685219542363
463 0.28076685219542363
464 0.28076685219542363
465 0.2831374974232117
466 0.2831374974232117
467 0.2831374974232117
468 0.2831374974232117
469 0.2831374974232117
470 0.28715728715728717
471 0.28715728715728717
472 0.28715728715728717
473 0.28715728715728717
474 0.28715728715728717
475 0.29055864770150486
476 0.29055864770150486
477 0.29055864770150486
478 0.29055864770150486
479 0.29055864770150486
480 0.29426922284065143
481 0.29426922284065143
482 0.29426922284065143
483 0.29426922284065143
484 0.29426922284065143
485 0.29426922284065143
486 0.29426922284065143
487 0.29426922284065143
488 0.29426922284065143
489 0.29426922284065143
490 0.29426922284065143
491 0.29426922284065143
492 0.29426922284065143
493 0.29426922284065143
494 0.29426922284065143
495 0.29426922284065143
496 0.29426922284065143
497 0.29426922284065143
498 0.29426922284065143
499 0.29426922284065143
500 0.2891156462585034
