# Data for router 3
0 0.0
10 0.0
20 0.0
30 0.12286126571840858
40 0.12286126571840858
50 0.12286126571840858
60 0.12286126571840858
70 0.12286126571840858
80 0.19490826633683778
90 0.25118532261389404
100 0.25118532261389404
110 0.25118532261389404
120 0.25118532261389404
130 0.25118532261389404
140 0.25118532261389404
150 0.2620078334364049
160 0.2950937950937951
170 0.32941661513090087
180 0.3508554937126366
190 0.3508554937126366
200 0.3508554937126366
210 0.3508554937126366
220 0.3508554937126366
230 0.3508554937126366
240 0.3508554937126366
250 0.3508554937126366
260 0.35745207173778604
270 0.3770356627499485
280 0.3909503195217481
290 0.4109461966604824
300 0.4109461966604824
310 0.4109461966604824
320 0.4109461966604824
330 0.4109461966604824
340 0.4109461966604824
350 0.4109461966604824
360 0.4109461966604824
370 0.4109461966604824
380 0.4109461966604824
390 0.4109461966604824
400 0.42970521541950113
410 0.44341372912801486
420 0.45784374355802926
430 0.4722737579880437
440 0.47917955060812206
450 0.47917955060812206
460 0.47917955060812206
470 0.47917955060812206
480 0.47917955060812206
490 0.47917955060812206
500 0.47917955060812206
510 0.47917955060812206
520 0.47917955060812206
530 0.47917955060812206
540 0.47917955060812206
550 0.47917955060812206
560 0.47917955060812206
570 0.4935064935064935
580 0.5068027210884354
590 0.5141207998350855
600 0.5275200989486704
610 0.54143475572047
620 0.54143475572047
630 0.54143475572047
640 0.54143475572047
650 0.54143475572047
660 0.54143475572047
670 0.54143475572047
680 0.54143475572047
690 0.54143475572047
700 0.54143475572047
710 0.54143475572047
720 0.54143475572047
730 0.54143475572047
740 0.54143475572047
750 0.54143475572047
760 0.544114615543187
770 0.5505050505050505
780 0.554215625644197
790 0.5558647701504844
800 0.5607091321377036
810 0.5624613481756339
820 0.5645227788084931
830 0.5645227788084931
840 0.5645227788084931
850 0.5645227788084931
860 0.5645227788084931
870 0.5645227788084931
880 0.5645227788084931
890 0.5645227788084931
900 0.5645227788084931
910 0.5645227788084931
920 0.5645227788084931
930 0.5645227788084931
940 0.5645227788084931
950 0.5645227788084931
960 0.5645227788084931
970 0.5645227788084931
980 0.5653473510616368
990 0.5658627087198516
1000 0.5631828488971347
