# Data for router 6
0 0.0
10 0.0
20 0.0
30 0.02442795299938157
40 0.02442795299938157
50 0.02442795299938157
60 0.02442795299938157
70 0.02442795299938157
80 0.05627705627705628
90 0.08400329828901257
100 0.08400329828901257
110 0.08400329828901257
120 0.08400329828901257
130 0.08400329828901257
140 0.08400329828901257
150 0.09771181199752628
160 0.1352298495155638
170 0.17439703153988867
180 0.20057720057720058
190 0.20057720057720058
200 0.20057720057720058
210 0.20057720057720058
220 0.20057720057720058
230 0.20057720057720058
240 0.20057720057720058
250 0.20057720057720058
260 0.20789527932385074
270 0.22397443826015254
280 0.23428159142444857
290 0.24953617810760667
300 0.24953617810760667
310 0.24953617810760667
320 0.24953617810760667
330 0.24953617810760667
340 0.24953617810760667
350 0.24953617810760667
360 0.24953617810760667
370 0.24953617810760667
380 0.24953617810760667
390 0.24953617810760667
400 0.2610801896516182
410 0.27087198515769945
420 0.2821067821067821
430 0.29107400535971967
440 0.29519686662543804
450 0.29519686662543804
460 0.29519686662543804
470 0.29519686662543804
480 0.29519686662543804
490 0.29519686662543804
500 0.29519686662543804
510 0.29519686662543804
520 0.29519686662543804
530 0.29519686662543804
540 0.29519686662543804
550 0.29519686662543804
560 0.29519686662543804
570 0.3014842300556586
580 0.30694702123273554
590 0.3094207379921666
600 0.3146773861059575
610 0.321273964131107
620 0.321273964131107
630 0.321273964131107
640 0.321273964131107
650 0.321273964131107
660 0.321273964131107
670 0.321273964131107
680 0.321273964131107
690 0.321273964131107
700 0.321273964131107
710 0.321273964131107
720 0.321273964131107
730 0.321273964131107
740 0.321273964131107
750 0.321273964131107
760 0.3219954648526077
770 0.3235415378272521
780 0.3245722531436817
790 0.3251906823335395
800 0.326427540713255
810 0.32704596990311274
820 0.3279736136878994
830 0.3279736136878994
840 0.3279736136878994
850 0.3279736136878994
860 0.3279736136878994
870 0.3279736136878994
880 0.3279736136878994
890 0.3279736136878994
900 0.3279736136878994
910 0.3279736136878994
920 0.3279736136878994
930 0.3279736136878994
940 0.3279736136878994
950 0.3279736136878994
960 0.3279736136878994
970 0.3279736136878994
980 0.32807668521954236
990 0.32807668521954236
1000 0.3235415378272521
