# Data for router 0
0 0.0
10 0.0
20 0.0
30 0.025458668315811173
40 0.025458668315811173
50 0.025458668315811173
60 0.025458668315811173
70 0.025458668315811173
80 0.05844155844155844
90 0.07946815089672232
100 0.07946815089672232
110 0.07946815089672232
120 0.07946815089672232
130 0.07946815089672232
140 0.07946815089672232
150 0.09358895073180787
160 0.13141620284477426
170 0.16924345495774068
180 0.19521748093176663
190 0.19521748093176663
200 0.19521748093176663
210 0.19521748093176663
220 0.19521748093176663
230 0.19521748093176663
240 0.19521748093176663
250 0.19521748093176663
260 0.2023294166151309
270 0.22036693465264895
280 0.23232323232323232
290 0.2509791795506081
300 0.2509791795506081
310 0.2509791795506081
320 0.2509791795506081
330 0.2509791795506081
340 0.2509791795506081
350 0.2509791795506081
360 0.2509791795506081
370 0.2509791795506081
380 0.2509791795506081
390 0.2509791795506081
400 0.26211090496804784
410 0.2732426303854875
420 0.2859204287775716
430 0.2971552257266543
440 0.30354566068851785
450 0.30354566068851785
460 0.30354566068851785
470 0.30354566068851785
480 0.30354566068851785
490 0.30354566068851785
500 0.30354566068851785
510 0.30354566068851785
520 0.30354566068851785
530 0.30354566068851785
540 0.30354566068851785
550 0.30354566068851785
560 0.30354566068851785
570 0.30818387961245103
580 0.31230674087816945
590 0.31364667078952796
600 0.3173572459286745
610 0.3209647495361781
620 0.3209647495361781
630 0.3209647495361781
640 0.3209647495361781
650 0.3209647495361781
660 0.3209647495361781
670 0.3209647495361781
680 0.3209647495361781
690 0.3209647495361781
700 0.3209647495361781
710 0.3209647495361781
720 0.3209647495361781
730 0.3209647495361781
740 0.3209647495361781
750 0.3209647495361781
760 0.32137703566274994
770 0.3219954648526077
780 0.3225108225108225
790 0.32323232323232326
800 0.3242630385487528
810 0.3245722531436817
820 0.3251906823335395
830 0.3251906823335395
840 0.3251906823335395
850 0.3251906823335395
860 0.3251906823335395
870 0.3251906823335395
880 0.3251906823335395
890 0.3251906823335395
900 0.3251906823335395
910 0.3251906823335395
920 0.3251906823335395
930 0.3251906823335395
940 0.3251906823335395
950 0.3251906823335395
960 0.3251906823335395
970 0.3251906823335395
980 0.32529375386518244
990 0.32529375386518244
1000 0.3427128427128427
