# Data for router 7
0 0.0
10 0.0
20 0.0
30 0.27530406101834676
40 0.27530406101834676
50 0.27530406101834676
60 0.27530406101834676
70 0.27530406101834676
80 0.32189239332096475
90 0.3586889301175015
100 0.3586889301175015
110 0.3586889301175015
120 0.3586889301175015
130 0.3586889301175015
140 0.3586889301175015
150 0.3665223665223665
160 0.39125953411667697
170 0.41517212945784376
180 0.4320758606472892
190 0.4320758606472892
200 0.4320758606472892
210 0.4320758606472892
220 0.4320758606472892
230 0.4320758606472892
240 0.4320758606472892
250 0.4320758606472892
260 0.4503195217480932
270 0.5151515151515151
280 0.5504019789734076
290 0.6101834673263244
300 0.6101834673263244
310 0.6101834673263244
320 0.6101834673263244
330 0.6101834673263244
340 0.6101834673263244
350 0.6101834673263244
360 0.6101834673263244
370 0.6101834673263244
380 0.6101834673263244
390 0.6101834673263244
400 0.6352298495155638
410 0.6586270871985158
420 0.6805813234384663
430 0.7036693465264894
440 0.7159348587920017
450 0.7159348587920017
460 0.7159348587920017
470 0.7159348587920017
480 0.7159348587920017
490 0.7159348587920017
500 0.7159348587920017
510 0.7159348587920017
520 0.7159348587920017
530 0.7159348587920017
540 0.7159348587920017
550 0.7159348587920017
560 0.7159348587920017
570 0.7170686456400742
580 0.7191300762729335
590 0.720160791589363
600 0.7227375798804371
610 0.7249020820449392
620 0.7249020820449392
630 0.7249020820449392
640 0.7249020820449392
650 0.7249020820449392
660 0.7249020820449392
670 0.7249020820449392
680 0.7249020820449392
690 0.7249020820449392
700 0.7249020820449392
710 0.7249020820449392
720 0.7249020820449392
730 0.7249020820449392
740 0.7249020820449392
750 0.7249020820449392
760 0.7250051535765821
770 0.7250051535765821
780 0.7250051535765821
790 0.7250051535765821
800 0.7251082251082251
810 0.725211296639868
820 0.7253143681715111
830 0.7253143681715111
840 0.7253143681715111
850 0.7253143681715111
860 0.7253143681715111
870 0.7253143681715111
880 0.7253143681715111
890 0.7253143681715111
900 0.7253143681715111
910 0.7253143681715111
920 0.7253143681715111
930 0.7253143681715111
940 0.7253143681715111
950 0.7253143681715111
960 0.7253143681715111
970 0.7253143681715111
980 0.7253143681715111
990 0.7253143681715111
1000 0.7286126571840857
