# Data for router 1
0 0.0
10 0.0
20 0.0
30 0.0
40 0.0
50 0.0
60 0.0
70 0.0
80 0.0
90 0.0
100 0.0
110 0.0
120 0.0
130 0.0
140 0.0
150 0.00010307153164296021
160 0.00030921459492888067
170 0.00030921459492888067
180 0.00030921459492888067
190 0.00030921459492888067
200 0.00030921459492888067
210 0.00030921459492888067
220 0.00030921459492888067
230 0.00030921459492888067
240 0.00030921459492888067
250 0.00030921459492888067
260 0.0007215007215007215
270 0.003813646670789528
280 0.00515357658214801
290 0.008039579468150896
300 0.008039579468150896
310 0.008039579468150896
320 0.008039579468150896
330 0.008039579468150896
340 0.008039579468150896
350 0.008039579468150896
360 0.008039579468150896
370 0.008039579468150896
380 0.008039579468150896
390 0.008039579468150896
400 0.008039579468150896
410 0.008142650999793857
420 0.008245722531436817
430 0.008348794063079777
440 0.008451865594722737
450 0.008451865594722737
460 0.008451865594722737
470 0.008451865594722737
480 0.008451865594722737
490 0.008451865594722737
500 0.008451865594722737
510 0.008451865594722737
520 0.008451865594722737
530 0.008451865594722737
540 0.008451865594722737
550 0.008451865594722737
560 0.008451865594722737
570 0.008451865594722737
580 0.008451865594722737
590 0.008451865594722737
600 0.008451865594722737
610 0.008451865594722737
620 0.008451865594722737
630 0.008451865594722737
640 0.008451865594722737
650 0.008451865594722737
660 0.008451865594722737
670 0.008451865594722737
680 0.008451865594722737
690 0.008451865594722737
700 0.008451865594722737
710 0.008451865594722737
720 0.008451865594722737
730 0.008451865594722737
740 0.008451865594722737
750 0.008451865594722737
760 0.008451865594722737
770 0.008451865594722737
780 0.008451865594722737
790 0.008451865594722737
800 0.008451865594722737
810 0.008451865594722737
820 0.008451865594722737
830 0.008451865594722737
840 0.008451865594722737
850 0.008451865594722737
860 0.008451865594722737
870 0.008451865594722737
880 0.008451865594722737
890 0.008451865594722737
900 0.008451865594722737
910 0.008451865594722737
920 0.008451865594722737
930 0.008451865594722737
940 0.008451865594722737
950 0.008451865594722737
960 0.008451865594722737
970 0.008451865594722737
980 0.008451865594722737
990 0.008451865594722737
1000 0.011028653885796743
