# Data for router 4
0 0.0
10 0.0
20 0.0
30 0.0018552875695732839
40 0.0018552875695732839
50 0.0018552875695732839
60 0.0018552875695732839
70 0.0018552875695732839
80 0.002576788291074005
90 0.003195217480931767
100 0.003195217480931767
110 0.003195217480931767
120 0.003195217480931767
130 0.003195217480931767
140 0.003195217480931767
150 0.003401360544217687
160 0.003813646670789528
170 0.004329004329004329
180 0.00463821892393321
190 0.00463821892393321
200 0.00463821892393321
210 0.00463821892393321
220 0.00463821892393321
230 0.00463821892393321
240 0.00463821892393321
250 0.00463821892393321
260 0.006287363430220573
270 0.01030715316429602
280 0.012368583797155226
290 0.017419088847660275
300 0.017419088847660275
310 0.017419088847660275
320 0.017419088847660275
330 0.017419088847660275
340 0.017419088847660275
350 0.017419088847660275
360 0.017419088847660275
370 0.017419088847660275
380 0.017419088847660275
390 0.017419088847660275
400 0.018449804164089877
410 0.01937744794887652
420 0.02061430632859204
430 0.022160379303236447
440 0.02298495155638013
450 0.02298495155638013
460 0.02298495155638013
470 0.02298495155638013
480 0.02298495155638013
490 0.02298495155638013
500 0.02298495155638013
510 0.02298495155638013
520 0.02298495155638013
530 0.02298495155638013
540 0.02298495155638013
550 0.02298495155638013
560 0.02298495155638013
570 0.02298495155638013
580 0.02298495155638013
590 0.02298495155638013
600 0.02298495155638013
610 0.02298495155638013
620 0.02298495155638013
630 0.02298495155638013
640 0.02298495155638013
650 0.02298495155638013
660 0.02298495155638013
670 0.02298495155638013
680 0.02298495155638013
690 0.02298495155638013
700 0.02298495155638013
710 0.02298495155638013
720 0.02298495155638013
730 0.02298495155638013
740 0.02298495155638013
750 0.02298495155638013
760 0.02298495155638013
770 0.02298495155638013
780 0.02298495155638013
790 0.02298495155638013
800 0.02298495155638013
810 0.02298495155638013
820 0.02298495155638013
830 0.02298495155638013
840 0.02298495155638013
850 0.02298495155638013
860 0.02298495155638013
870 0.02298495155638013
880 0.02298495155638013
890 0.02298495155638013
900 0.02298495155638013
910 0.02298495155638013
920 0.02298495155638013
930 0.02298495155638013
940 0.02298495155638013
950 0.02298495155638013
960 0.02298495155638013
970 0.02298495155638013
980 0.02298495155638013
990 0.02298495155638013
1000 0.021748093176664606
