# Data for router 7
0 0.0
10 0.0
20 0.0
30 0.0
40 0.0
50 0.0
60 0.0
70 0.0
80 0.0
90 0.0
100 0.0
110 0.0
120 0.0
130 0.0
140 0.0
150 0.00010307153164296021
160 0.00010307153164296021
170 0.00030921459492888067
180 0.00041228612657184083
190 0.00041228612657184083
200 0.00041228612657184083
210 0.00041228612657184083
220 0.00041228612657184083
230 0.00041228612657184083
240 0.00041228612657184083
250 0.00041228612657184083
260 0.0011337868480725624
270 0.003813646670789528
280 0.0055658627087198514
290 0.008658008658008658
300 0.008658008658008658
310 0.008658008658008658
320 0.008658008658008658
330 0.008658008658008658
340 0.008658008658008658
350 0.008658008658008658
360 0.008658008658008658
370 0.008658008658008658
380 0.008658008658008658
390 0.008658008658008658
400 0.008761080189651618
410 0.008864151721294579
420 0.009070294784580499
430 0.009070294784580499
440 0.009070294784580499
450 0.009070294784580499
460 0.009070294784580499
470 0.009070294784580499
480 0.009070294784580499
490 0.009070294784580499
500 0.009070294784580499
510 0.009070294784580499
520 0.009070294784580499
530 0.009070294784580499
540 0.009070294784580499
550 0.009070294784580499
560 0.009070294784580499
570 0.009070294784580499
580 0.009070294784580499
590 0.009070294784580499
600 0.009070294784580499
610 0.009070294784580499
620 0.009070294784580499
630 0.009070294784580499
640 0.009070294784580499
650 0.009070294784580499
660 0.009070294784580499
670 0.009070294784580499
680 0.009070294784580499
690 0.009070294784580499
700 0.009070294784580499
710 0.009070294784580499
720 0.009070294784580499
730 0.009070294784580499
740 0.009070294784580499
750 0.009070294784580499
760 0.009070294784580499
770 0.009070294784580499
780 0.009070294784580499
790 0.009070294784580499
800 0.009070294784580499
810 0.009070294784580499
820 0.009070294784580499
830 0.009070294784580499
840 0.009070294784580499
850 0.009070294784580499
860 0.009070294784580499
870 0.009070294784580499
880 0.009070294784580499
890 0.009070294784580499
900 0.009070294784580499
910 0.009070294784580499
920 0.009070294784580499
930 0.009070294784580499
940 0.009070294784580499
950 0.009070294784580499
960 0.009070294784580499
970 0.009070294784580499
980 0.009070294784580499
990 0.009070294784580499
1000 0.008967223252937539
