# Data for router 0
0 0.0
2 0.0
4 0.0
6 0.0
8 0.0
10 0.0
12 0.0
14 0.0
16 0.0
18 0.0
20 0.0
22 0.0
24 0.0
26 0.0
28 0.0
30 0.0
32 0.0
34 0.0
36 0.0
38 0.0
40 0.0
42 0.0
44 0.0
46 0.0
48 0.0
50 0.0
52 0.0
54 0.0
56 0.0
58 0.0
60 0.0
62 0.0
64 0.0
66 0.0
68 0.0
70 0.0
72 0.0
74 0.0
76 0.0
78 0.0
80 0.0
82 0.0
84 0.0
86 0.0
88 0.0
90 0.0
92 0.0
94 0.0
96 0.0
98 0.0
100 0.0
102 0.0
104 0.0
106 0.0
108 0.0
110 0.0
112 0.0
114 0.0
116 0.0
118 0.0
120 0.0
122 0.0
124 0.0
126 0.0
128 0.0
130 0.0
132 0.0
134 0.0
136 0.0
138 0.0
140 0.0
142 0.0
144 0.0
146 0.0
148 0.0
150 0.0
152 0.0
154 0.0
156 0.0
158 0.0
160 0.0
162 0.0
164 0.0
166 0.0
168 0.0
170 0.0
172 0.0
174 0.0
176 0.0
178 0.0
180 0.0
182 0.0
184 0.0
186 0.0
188 0.0
190 0.0
192 0.0
194 0.0
196 0.0
198 0.0
200 0.0
202 0.0055658627087198514
204 0.1504844361987219
206 0.34498041640898786
208 0.5072150072150072
210 0.6367759224902082
212 0.7222222222222222
214 0.7542774685631829
216 0.7569573283858998
218 0.7569573283858998
220 0.7569573283858998
222 0.7569573283858998
224 0.7569573283858998
226 0.7569573283858998
228 0.7569573283858998
230 0.7569573283858998
232 0.7569573283858998
234 0.7569573283858998
236 0.7569573283858998
238 0.7569573283858998
240 0.7569573283858998
242 0.7569573283858998
244 0.7569573283858998
246 0.7569573283858998
248 0.7569573283858998
250 0.7569573283858998
252 0.7569573283858998
254 0.7569573283858998
256 0.7569573283858998
258 0.7569573283858998
260 0.7569573283858998
262 0.7569573283858998
264 0.7569573283858998
266 0.7569573283858998
268 0.7569573283858998
270 0.7569573283858998
272 0.7569573283858998
274 0.7569573283858998
276 0.7569573283858998
278 0.7569573283858998
280 0.7569573283858998
282 0.7569573283858998
284 0.7569573283858998
286 0.7569573283858998
288 0.7569573283858998
290 0.7569573283858998
292 0.7569573283858998
294 0.7569573283858998
296 0.7569573283858998
298 0.7569573283858998
300 0.7569573283858998
302 0.7569573283858998
304 0.7569573283858998
306 0.7569573283858998
308 0.7569573283858998
310 0.7569573283858998
312 0.7569573283858998
314 0.7569573283858998
316 0.7569573283858998
318 0.7569573283858998
320 0.7569573283858998
322 0.7569573283858998
324 0.7569573283858998
326 0.7569573283858998
328 0.7569573283858998
330 0.7569573283858998
332 0.7569573283858998
334 0.7569573283858998
336 0.7569573283858998
338 0.7569573283858998
340 0.7569573283858998
342 0.7569573283858998
344 0.7569573283858998
346 0.7569573283858998
348 0.7569573283858998
350 0.7569573283858998
352 0.7569573283858998
354 0.7569573283858998
356 0.7569573283858998
358 0.7569573283858998
360 0.7569573283858998
362 0.7569573283858998
364 0.7569573283858998
366 0.7569573283858998
368 0.7569573283858998
370 0.7569573283858998
372 0.7569573283858998
374 0.7569573283858998
376 0.7569573283858998
378 0.7569573283858998
380 0.7569573283858998
382 0.7569573283858998
384 0.7569573283858998
386 0.7569573283858998
388 0.7569573283858998
390 0.7569573283858998
392 0.7569573283858998
394 0.7569573283858998
396 0.7569573283858998
398 0.7569573283858998
400 0.7541743970315399
402 0.7541743970315399
404 0.7541743970315399
406 0.7541743970315399
408 0.7541743970315399
410 0.7541743970315399
412 0.7541743970315399
414 0.7544836116264688
416 0.766852195423624
418 0.8092145949288806
420 0.8518862090290662
422 0.8899196042053185
424 0.9180581323438466
426 0.929911358482787
428 0.9333127190270047
430 0.9338280766852195
432 0.9339311482168625
434 0.9339311482168625
436 0.9339311482168625
438 0.9339311482168625
440 0.9339311482168625
442 0.9339311482168625
444 0.9339311482168625
446 0.9339311482168625
448 0.9339311482168625
450 0.9339311482168625
452 0.9339311482168625
454 0.9339311482168625
456 0.9339311482168625
458 0.9339311482168625
460 0.9339311482168625
462 0.9339311482168625
464 0.9339311482168625
466 0.9339311482168625
468 0.9339311482168625
470 0.9339311482168625
472 0.9339311482168625
474 0.9339311482168625
476 0.9339311482168625
478 0.9339311482168625
480 0.9339311482168625
482 0.9339311482168625
484 0.9339311482168625
486 0.9339311482168625
488 0.9339311482168625
490 0.9339311482168625
492 0.9339311482168625
494 0.9339311482168625
496 0.9339311482168625
498 0.9339311482168625
500 0.9339311482168625
