# Data for router 1
0 0.0
2 0.0
4 0.0
6 0.0
8 0.0
10 0.0
12 0.0
14 0.0
16 0.0
18 0.0
20 0.0
22 0.0
24 0.0
26 0.0
28 0.0
30 0.0
32 0.0
34 0.0
36 0.0
38 0.0
40 0.0
42 0.0
44 0.0
46 0.0
48 0.0
50 0.0
52 0.0
54 0.0
56 0.0
58 0.0
60 0.0
62 0.0
64 0.0
66 0.0
68 0.0
70 0.0
72 0.0
74 0.0
76 0.0
78 0.0
80 0.0
82 0.0
84 0.0
86 0.0
88 0.0
90 0.0
92 0.0
94 0.0
96 0.0
98 0.0
100 0.0
102 0.0
104 0.0
106 0.0
108 0.0
110 0.0
112 0.0
114 0.0
116 0.0
118 0.0
120 0.0
122 0.0
124 0.0
126 0.0
128 0.0
130 0.0
132 0.0
134 0.0
136 0.0
138 0.0
140 0.0
142 0.0
144 0.0
146 0.0
148 0.0
150 0.0
152 0.0
154 0.0
156 0.0
158 0.0
160 0.0
162 0.0
164 0.0
166 0.0
168 0.0
170 0.0
172 0.0
174 0.0
176 0.0
178 0.0
180 0.0
182 0.0
184 0.0
186 0.0
188 0.0
190 0.0
192 0.0
194 0.0
196 0.0
198 0.0
200 0.0
202 0.006905792620078334
204 0.13553906411049269
206 0.31828488971346114
208 0.47753040610183467
210 0.6159554730983302
212 0.7082044939187796
214 0.7400535971964544
216 0.7427334570191713
218 0.7428365285508143
220 0.7429396000824572
222 0.7429396000824572
224 0.7429396000824572
226 0.7429396000824572
228 0.7429396000824572
230 0.7429396000824572
232 0.7429396000824572
234 0.7429396000824572
236 0.7429396000824572
238 0.7429396000824572
240 0.7429396000824572
242 0.7429396000824572
244 0.7429396000824572
246 0.7429396000824572
248 0.7429396000824572
250 0.7429396000824572
252 0.7429396000824572
254 0.7429396000824572
256 0.7429396000824572
258 0.7429396000824572
260 0.7429396000824572
262 0.7429396000824572
264 0.7429396000824572
266 0.7429396000824572
268 0.7429396000824572
270 0.7429396000824572
272 0.7429396000824572
274 0.7429396000824572
276 0.7429396000824572
278 0.7429396000824572
280 0.7429396000824572
282 0.7429396000824572
284 0.7429396000824572
286 0.7429396000824572
288 0.7429396000824572
290 0.7429396000824572
292 0.7429396000824572
294 0.7429396000824572
296 0.7429396000824572
298 0.7429396000824572
300 0.7429396000824572
302 0.7429396000824572
304 0.7429396000824572
306 0.7429396000824572
308 0.7429396000824572
310 0.7429396000824572
312 0.7429396000824572
314 0.7429396000824572
316 0.7429396000824572
318 0.7429396000824572
320 0.7429396000824572
322 0.7429396000824572
324 0.7429396000824572
326 0.7429396000824572
328 0.7429396000824572
330 0.7429396000824572
332 0.7429396000824572
334 0.7429396000824572
336 0.7429396000824572
338 0.7429396000824572
340 0.7429396000824572
342 0.7429396000824572
344 0.7429396000824572
346 0.7429396000824572
348 0.7429396000824572
350 0.7429396000824572
352 0.7429396000824572
354 0.7429396000824572
356 0.7429396000824572
358 0.7429396000824572
360 0.7429396000824572
362 0.7429396000824572
364 0.7429396000824572
366 0.7429396000824572
368 0.7429396000824572
370 0.7429396000824572
372 0.7429396000824572
374 0.7429396000824572
376 0.7429396000824572
378 0.7429396000824572
380 0.7429396000824572
382 0.7429396000824572
384 0.7429396000824572
386 0.7429396000824572
388 0.7429396000824572
390 0.7429396000824572
392 0.7429396000824572
394 0.7429396000824572
396 0.7429396000824572
398 0.7429396000824572
400 0.7339723768295197
402 0.7339723768295197
404 0.7339723768295197
406 0.7339723768295197
408 0.7339723768295197
410 0.7339723768295197
412 0.7339723768295197
414 0.7340754483611627
416 0.7458256029684601
418 0.7831374974232117
420 0.8251906823335394
422 0.8684807256235828
424 0.8983714698000412
426 0.9124922696351268
428 0.9158936301793444
430 0.9159967017109875
432 0.9159967017109875
434 0.9159967017109875
436 0.9159967017109875
438 0.9159967017109875
440 0.9159967017109875
442 0.9159967017109875
444 0.9159967017109875
446 0.9159967017109875
448 0.9159967017109875
450 0.9159967017109875
452 0.9159967017109875
454 0.9159967017109875
456 0.9159967017109875
458 0.9159967017109875
460 0.9159967017109875
462 0.9159967017109875
464 0.9159967017109875
466 0.9159967017109875
468 0.9159967017109875
470 0.9159967017109875
472 0.9159967017109875
474 0.9159967017109875
476 0.9159967017109875
478 0.9159967017109875
480 0.9159967017109875
482 0.9159967017109875
484 0.9159967017109875
486 0.9159967017109875
488 0.9159967017109875
490 0.9159967017109875
492 0.9159967017109875
494 0.9159967017109875
496 0.9159967017109875
498 0.9159967017109875
500 0.9159967017109875
