# Data for router 2
0 0.0
2 0.0
4 0.0
6 0.0
8 0.0
10 0.0
12 0.0
14 0.0
16 0.0
18 0.0
20 0.0
22 0.0
24 0.0
26 0.0
28 0.0
30 0.0
32 0.0
34 0.0
36 0.0
38 0.0
40 0.0
42 0.0
44 0.0
46 0.0
48 0.0
50 0.0
52 0.0
54 0.0
56 0.0
58 0.0
60 0.0
62 0.0
64 0.0
66 0.0
68 0.0
70 0.0
72 0.0
74 0.0
76 0.0
78 0.0
80 0.0
82 0.0
84 0.0
86 0.0
88 0.0
90 0.0
92 0.0
94 0.0
96 0.0
98 0.0
100 0.0
102 0.0
104 0.0
106 0.0
108 0.0
110 0.0
112 0.0
114 0.0
116 0.0
118 0.0
120 0.0
122 0.0
124 0.0
126 0.0
128 0.0
130 0.0
132 0.0
134 0.0
136 0.0
138 0.0
140 0.0
142 0.0
144 0.0
146 0.0
148 0.0
150 0.0
152 0.0
154 0.0
156 0.0
158 0.0
160 0.0
162 0.0
164 0.0
166 0.0
168 0.0
170 0.0
172 0.0
174 0.0
176 0.0
178 0.0
180 0.0
182 0.0
184 0.0
186 0.0
188 0.0
190 0.0
192 0.0
194 0.0
196 0.0
198 0.0
200 0.0
202 0.006390434961863534
204 0.13945578231292516
206 0.3223046794475366
208 0.48804370232941663
210 0.618944547515976
212 0.7092352092352092
214 0.7406720263863121
216 0.743558029272315
218 0.743661100803958
220 0.743661100803958
222 0.743661100803958
224 0.743661100803958
226 0.743661100803958
228 0.743661100803958
230 0.743661100803958
232 0.743661100803958
234 0.743661100803958
236 0.743661100803958
238 0.743661100803958
240 0.743661100803958
242 0.743661100803958
244 0.743661100803958
246 0.743661100803958
248 0.743661100803958
250 0.743661100803958
252 0.743661100803958
254 0.743661100803958
256 0.743661100803958
258 0.743661100803958
260 0.743661100803958
262 0.743661100803958
264 0.743661100803958
266 0.743661100803958
268 0.743661100803958
270 0.743661100803958
272 0.743661100803958
274 0.743661100803958
276 0.743661100803958
278 0.743661100803958
280 0.743661100803958
282 0.743661100803958
284 0.743661100803958
286 0.743661100803958
288 0.743661100803958
290 0.743661100803958
292 0.743661100803958
294 0.743661100803958
296 0.743661100803958
298 0.743661100803958
300 0.743661100803958
302 0.743661100803958
304 0.743661100803958
306 0.743661100803958
308 0.743661100803958
310 0.743661100803958
312 0.743661100803958
314 0.743661100803958
316 0.743661100803958
318 0.743661100803958
320 0.743661100803958
322 0.743661100803958
324 0.743661100803958
326 0.743661100803958
328 0.743661100803958
330 0.743661100803958
332 0.743661100803958
334 0.743661100803958
336 0.743661100803958
338 0.743661100803958
340 0.743661100803958
342 0.743661100803958
344 0.743661100803958
346 0.743661100803958
348 0.743661100803958
350 0.743661100803958
352 0.743661100803958
354 0.743661100803958
356 0.743661100803958
358 0.743661100803958
360 0.743661100803958
362 0.743661100803958
364 0.743661100803958
366 0.743661100803958
368 0.743661100803958
370 0.743661100803958
372 0.743661100803958
374 0.743661100803958
376 0.743661100803958
378 0.743661100803958
380 0.743661100803958
382 0.743661100803958
384 0.743661100803958
386 0.743661100803958
388 0.743661100803958
390 0.743661100803958
392 0.743661100803958
394 0.743661100803958
396 0.743661100803958
398 0.743661100803958
400 0.7363430220573077
402 0.7363430220573077
404 0.7363430220573077
406 0.7363430220573077
408 0.7363430220573077
410 0.7363430220573077
412 0.7363430220573077
414 0.7363430220573077
416 0.7467532467532467
418 0.7880849309420738
420 0.8333333333333334
422 0.8735312306740878
424 0.9046588332302617
426 0.9201195629767058
428 0.9238301381158524
430 0.9243454957740672
432 0.9243454957740672
434 0.9243454957740672
436 0.9243454957740672
438 0.9243454957740672
440 0.9243454957740672
442 0.9243454957740672
444 0.9243454957740672
446 0.9243454957740672
448 0.9243454957740672
450 0.9243454957740672
452 0.9243454957740672
454 0.9243454957740672
456 0.9243454957740672
458 0.9243454957740672
460 0.9243454957740672
462 0.9243454957740672
464 0.9243454957740672
466 0.9243454957740672
468 0.9243454957740672
470 0.9243454957740672
472 0.9243454957740672
474 0.9243454957740672
476 0.9243454957740672
478 0.9243454957740672
480 0.9243454957740672
482 0.9243454957740672
484 0.9243454957740672
486 0.9243454957740672
488 0.9243454957740672
490 0.9243454957740672
492 0.9243454957740672
494 0.9243454957740672
496 0.9243454957740672
498 0.9243454957740672
500 0.9243454957740672
