# Data for router 3
0 0.0
2 0.0
4 0.0
6 0.0
8 0.0
10 0.0
12 0.0
14 0.0
16 0.0
18 0.0
20 0.0
22 0.0
24 0.0
26 0.0
28 0.0
30 0.0
32 0.0
34 0.0
36 0.0
38 0.0
40 0.0
42 0.0
44 0.0
46 0.0
48 0.0
50 0.0
52 0.0
54 0.0
56 0.0
58 0.0
60 0.0
62 0.0
64 0.0
66 0.0
68 0.0
70 0.0
72 0.0
74 0.0
76 0.0
78 0.0
80 0.0
82 0.0
84 0.0
86 0.0
88 0.0
90 0.0
92 0.0
94 0.0
96 0.0
98 0.0
100 0.0
102 0.0
104 0.0
106 0.0
108 0.0
110 0.0
112 0.0
114 0.0
116 0.0
118 0.0
120 0.0
122 0.0
124 0.0
126 0.0
128 0.0
130 0.0
132 0.0
134 0.0
136 0.0
138 0.0
140 0.0
142 0.0
144 0.0
146 0.0
148 0.0
150 0.0
152 0.0
154 0.0
156 0.0
158 0.0
160 0.0
162 0.0
164 0.0
166 0.0
168 0.0
170 0.0
172 0.0
174 0.0
176 0.0
178 0.0
180 0.0
182 0.0
184 0.0
186 0.0
188 0.0
190 0.0
192 0.0
194 0.0
196 0.0
198 0.0
200 0.0
202 0.006081220366934653
204 0.13667285095856524
206 0.30571016285302
208 0.47423211708925994
210 0.6069882498453927
212 0.7033601319315606
214 0.7347969490826634
216 0.7377860235003092
218 0.7378890950319522
220 0.7378890950319522
222 0.7378890950319522
224 0.7378890950319522
226 0.7378890950319522
228 0.7378890950319522
230 0.7378890950319522
232 0.7378890950319522
234 0.7378890950319522
236 0.7378890950319522
238 0.7378890950319522
240 0.7378890950319522
242 0.7378890950319522
244 0.7378890950319522
246 0.7378890950319522
248 0.7378890950319522
250 0.7378890950319522
252 0.7378890950319522
254 0.7378890950319522
256 0.7378890950319522
258 0.7378890950319522
260 0.7378890950319522
262 0.7378890950319522
264 0.7378890950319522
266 0.7378890950319522
268 0.7378890950319522
270 0.7378890950319522
272 0.7378890950319522
274 0.7378890950319522
276 0.7378890950319522
278 0.7378890950319522
280 0.7378890950319522
282 0.7378890950319522
284 0.7378890950319522
286 0.7378890950319522
288 0.7378890950319522
290 0.7378890950319522
292 0.7378890950319522
294 0.7378890950319522
296 0.7378890950319522
298 0.7378890950319522
300 0.7378890950319522
302 0.7378890950319522
304 0.7378890950319522
306 0.7378890950319522
308 0.7378890950319522
310 0.7378890950319522
312 0.7378890950319522
314 0.7378890950319522
316 0.7378890950319522
318 0.7378890950319522
320 0.7378890950319522
322 0.7378890950319522
324 0.7378890950319522
326 0.7378890950319522
328 0.7378890950319522
330 0.7378890950319522
332 0.7378890950319522
334 0.7378890950319522
336 0.7378890950319522
338 0.7378890950319522
340 0.7378890950319522
342 0.7378890950319522
344 0.7378890950319522
346 0.7378890950319522
348 0.7378890950319522
350 0.7378890950319522
352 0.7378890950319522
354 0.7378890950319522
356 0.7378890950319522
358 0.7378890950319522
360 0.7378890950319522
362 0.7378890950319522
364 0.7378890950319522
366 0.7378890950319522
368 0.7378890950319522
370 0.7378890950319522
372 0.7378890950319522
374 0.7378890950319522
376 0.7378890950319522
378 0.7378890950319522
380 0.7378890950319522
382 0.7378890950319522
384 0.7378890950319522
386 0.7378890950319522
388 0.7378890950319522
390 0.7378890950319522
392 0.7378890950319522
394 0.7378890950319522
396 0.7378890950319522
398 0.7378890950319522
400 0.7296433725005154
402 0.7296433725005154
404 0.7296433725005154
406 0.7296433725005154
408 0.7296433725005154
410 0.7296433725005154
412 0.7296433725005154
414 0.7296433725005154
416 0.740775097917955
418 0.7796330653473511
420 0.8248814677386106
422 0.8672438672438673
424 0.8990929705215419
426 0.9147598433312719
428 0.9184704184704184
430 0.9188827045969903
432 0.9188827045969903
434 0.9188827045969903
436 0.9188827045969903
438 0.9188827045969903
440 0.9188827045969903
442 0.9188827045969903
444 0.9188827045969903
446 0.9188827045969903
448 0.9188827045969903
450 0.9188827045969903
452 0.9188827045969903
454 0.9188827045969903
456 0.9188827045969903
458 0.9188827045969903
460 0.9188827045969903
462 0.9188827045969903
464 0.9188827045969903
466 0.9188827045969903
468 0.9188827045969903
470 0.9188827045969903
472 0.9188827045969903
474 0.9188827045969903
476 0.9188827045969903
478 0.9188827045969903
480 0.9188827045969903
482 0.9188827045969903
484 0.9188827045969903
486 0.9188827045969903
488 0.9188827045969903
490 0.9188827045969903
492 0.9188827045969903
494 0.9188827045969903
496 0.9188827045969903
498 0.9188827045969903
500 0.9188827045969903
