# Data for router 3
0 0.0
10 0.0
20 0.003195217480931767
30 0.12636569779426923
40 0.12636569779426923
50 0.13481756338899195
60 0.13481756338899195
70 0.13481756338899195
80 0.4088847660276232
90 0.4088847660276232
100 0.4090909090909091
110 0.409297052154195
120 0.409297052154195
130 0.409297052154195
140 0.4733044733044733
150 0.4733044733044733
160 0.4733044733044733
170 0.47340754483611625
180 0.47371675943104513
190 0.47371675943104513
200 0.47371675943104513
210 0.47371675943104513
220 0.47371675943104513
230 0.4957740672026386
240 0.4957740672026386
250 0.4957740672026386
260 0.4957740672026386
270 0.4957740672026386
280 0.4957740672026386
290 0.4957740672026386
300 0.4957740672026386
310 0.4957740672026386
320 0.4957740672026386
330 0.4957740672026386
340 0.4957740672026386
350 0.5058750773036488
360 0.5058750773036488
370 0.5058750773036488
380 0.5058750773036488
390 0.5058750773036488
400 0.5058750773036488
410 0.5058750773036488
420 0.5058750773036488
430 0.5058750773036488
440 0.5058750773036488
450 0.5058750773036488
460 0.5058750773036488
470 0.5058750773036488
480 0.5066996495567924
490 0.5066996495567924
500 0.5066996495567924
510 0.5066996495567924
520 0.5066996495567924
530 0.5066996495567924
540 0.5066996495567924
550 0.5066996495567924
560 0.5066996495567924
570 0.5066996495567924
580 0.5066996495567924
590 0.5066996495567924
600 0.5066996495567924
610 0.5066996495567924
620 0.5066996495567924
630 0.5066996495567924
640 0.5066996495567924
650 0.5066996495567924
660 0.5066996495567924
670 0.5066996495567924
680 0.5066996495567924
690 0.5066996495567924
700 0.5066996495567924
710 0.5066996495567924
720 0.5066996495567924
730 0.5066996495567924
740 0.5066996495567924
750 0.5066996495567924
760 0.5066996495567924
770 0.5066996495567924
780 0.5066996495567924
790 0.5066996495567924
800 0.5066996495567924
810 0.5066996495567924
820 0.5066996495567924
830 0.5066996495567924
840 0.5066996495567924
850 0.5066996495567924
860 0.5066996495567924
870 0.5066996495567924
880 0.5066996495567924
890 0.5066996495567924
900 0.5066996495567924
910 0.5066996495567924
920 0.5066996495567924
930 0.5066996495567924
940 0.5066996495567924
950 0.5066996495567924
960 0.5066996495567924
970 0.5066996495567924
980 0.5066996495567924
990 0.5066996495567924
1000 0.4971139971139971
