# Data for router 0
0 0.0
10 0.0
20 0.0
30 0.024943310657596373
40 0.024943310657596373
50 0.024943310657596373
60 0.024943310657596373
70 0.024943310657596373
80 0.12121212121212122
90 0.12121212121212122
100 0.12121212121212122
110 0.12121212121212122
120 0.12121212121212122
130 0.12121212121212122
140 0.13378684807256236
150 0.13378684807256236
160 0.13378684807256236
170 0.13378684807256236
180 0.13378684807256236
190 0.13378684807256236
200 0.13378684807256236
210 0.13378684807256236
220 0.13378684807256236
230 0.13378684807256236
240 0.13378684807256236
250 0.13378684807256236
260 0.13378684807256236
270 0.13378684807256236
280 0.13378684807256236
290 0.13378684807256236
300 0.13378684807256236
310 0.13378684807256236
320 0.13378684807256236
330 0.13378684807256236
340 0.13378684807256236
350 0.13378684807256236
360 0.13378684807256236
370 0.13378684807256236
380 0.13378684807256236
390 0.13378684807256236
400 0.13378684807256236
410 0.13378684807256236
420 0.13378684807256236
430 0.13378684807256236
440 0.13378684807256236
450 0.13378684807256236
460 0.13378684807256236
470 0.13378684807256236
480 0.13378684807256236
490 0.13378684807256236
500 0.13378684807256236
510 0.13378684807256236
520 0.13378684807256236
530 0.13378684807256236
540 0.13378684807256236
550 0.13378684807256236
560 0.13378684807256236
570 0.13378684807256236
580 0.13378684807256236
590 0.13378684807256236
600 0.13378684807256236
610 0.13378684807256236
620 0.13378684807256236
630 0.13378684807256236
640 0.13378684807256236
650 0.13378684807256236
660 0.13378684807256236
670 0.13378684807256236
680 0.13378684807256236
690 0.13378684807256236
700 0.13378684807256236
710 0.13378684807256236
720 0.13378684807256236
730 0.13378684807256236
740 0.13378684807256236
750 0.13378684807256236
760 0.13378684807256236
770 0.13378684807256236
780 0.13378684807256236
790 0.13378684807256236
800 0.13378684807256236
810 0.13378684807256236
820 0.13378684807256236
830 0.13378684807256236
840 0.13378684807256236
850 0.13378684807256236
860 0.13378684807256236
870 0.13378684807256236
880 0.13378684807256236
890 0.13378684807256236
900 0.13378684807256236
910 0.13378684807256236
920 0.13378684807256236
930 0.13378684807256236
940 0.13378684807256236
950 0.13378684807256236
960 0.13378684807256236
970 0.13378684807256236
980 0.13378684807256236
990 0.13378684807256236
1000 0.12389198103483817
