# Data for router 6
0 0.0
10 0.0
20 0.0
30 0.027107812822098537
40 0.027107812822098537
50 0.027107812822098537
60 0.027107812822098537
70 0.027107812822098537
80 0.11966604823747681
90 0.11966604823747681
100 0.11966604823747681
110 0.11966604823747681
120 0.11966604823747681
130 0.11966604823747681
140 0.13151927437641722
150 0.13151927437641722
160 0.13151927437641722
170 0.13151927437641722
180 0.13151927437641722
190 0.13151927437641722
200 0.13151927437641722
210 0.13151927437641722
220 0.13151927437641722
230 0.13151927437641722
240 0.13151927437641722
250 0.13151927437641722
260 0.13151927437641722
270 0.13151927437641722
280 0.13151927437641722
290 0.13151927437641722
300 0.13151927437641722
310 0.13151927437641722
320 0.13151927437641722
330 0.13151927437641722
340 0.13151927437641722
350 0.13151927437641722
360 0.13151927437641722
370 0.13151927437641722
380 0.13151927437641722
390 0.13151927437641722
400 0.13151927437641722
410 0.13151927437641722
420 0.13151927437641722
430 0.13151927437641722
440 0.13151927437641722
450 0.13151927437641722
460 0.13151927437641722
470 0.13151927437641722
480 0.13151927437641722
490 0.13151927437641722
500 0.13151927437641722
510 0.13151927437641722
520 0.13151927437641722
530 0.13151927437641722
540 0.13151927437641722
550 0.13151927437641722
560 0.13151927437641722
570 0.13151927437641722
580 0.13151927437641722
590 0.13151927437641722
600 0.13151927437641722
610 0.13151927437641722
620 0.13151927437641722
630 0.13151927437641722
640 0.13151927437641722
650 0.13151927437641722
660 0.13151927437641722
670 0.13151927437641722
680 0.13151927437641722
690 0.13151927437641722
700 0.13151927437641722
710 0.13151927437641722
720 0.13151927437641722
730 0.13151927437641722
740 0.13151927437641722
750 0.13151927437641722
760 0.13151927437641722
770 0.13151927437641722
780 0.13151927437641722
790 0.13151927437641722
800 0.13151927437641722
810 0.13151927437641722
820 0.13151927437641722
830 0.13151927437641722
840 0.13151927437641722
850 0.13151927437641722
860 0.13151927437641722
870 0.13151927437641722
880 0.13151927437641722
890 0.13151927437641722
900 0.13151927437641722
910 0.13151927437641722
920 0.13151927437641722
930 0.13151927437641722
940 0.13151927437641722
950 0.13151927437641722
960 0.13151927437641722
970 0.13151927437641722
980 0.13151927437641722
990 0.13151927437641722
1000 0.1240981240981241
