# Data for router 1
0 0.0
10 0.0
20 0.012162440733869306
30 0.2727272727272727
40 0.2727272727272727
50 0.279839208410637
60 0.279839208410637
70 0.279839208410637
80 0.5833848690991548
90 0.5833848690991548
100 0.5833848690991548
110 0.5856524427952999
120 0.5856524427952999
130 0.5856524427952999
140 0.7421150278293135
150 0.7421150278293135
160 0.7421150278293135
170 0.7421150278293135
180 0.7421150278293135
190 0.7423211708925994
200 0.7423211708925994
210 0.7423211708925994
220 0.7423211708925994
230 0.759224902082045
240 0.759224902082045
250 0.759224902082045
260 0.759224902082045
270 0.759224902082045
280 0.759224902082045
290 0.759224902082045
300 0.759224902082045
310 0.759224902082045
320 0.759224902082045
330 0.759224902082045
340 0.759224902082045
350 0.7600494743351887
360 0.7600494743351887
370 0.7600494743351887
380 0.7600494743351887
390 0.7600494743351887
400 0.7600494743351887
410 0.7600494743351887
420 0.7600494743351887
430 0.7600494743351887
440 0.7600494743351887
450 0.7600494743351887
460 0.7600494743351887
470 0.7600494743351887
480 0.7600494743351887
490 0.7600494743351887
500 0.7600494743351887
510 0.7600494743351887
520 0.7600494743351887
530 0.7600494743351887
540 0.7600494743351887
550 0.7600494743351887
560 0.7600494743351887
570 0.7600494743351887
580 0.7600494743351887
590 0.7600494743351887
600 0.7600494743351887
610 0.7600494743351887
620 0.7600494743351887
630 0.7600494743351887
640 0.7600494743351887
650 0.7600494743351887
660 0.7600494743351887
670 0.7600494743351887
680 0.7600494743351887
690 0.7600494743351887
700 0.7600494743351887
710 0.7600494743351887
720 0.7600494743351887
730 0.7600494743351887
740 0.7600494743351887
750 0.7600494743351887
760 0.7600494743351887
770 0.7600494743351887
780 0.7600494743351887
790 0.7600494743351887
800 0.7600494743351887
810 0.7600494743351887
820 0.7600494743351887
830 0.7600494743351887
840 0.7600494743351887
850 0.7600494743351887
860 0.7600494743351887
870 0.7600494743351887
880 0.7600494743351887
890 0.7600494743351887
900 0.7600494743351887
910 0.7600494743351887
920 0.7600494743351887
930 0.7600494743351887
940 0.7600494743351887
950 0.7600494743351887
960 0.7600494743351887
970 0.7600494743351887
980 0.7600494743351887
990 0.7600494743351887
1000 0.7528344671201814
