# Data for router 7
0 0.0
10 0.0
20 0.01432694289837147
30 0.2756132756132756
40 0.2756132756132756
50 0.27994227994227994
60 0.27994227994227994
70 0.27994227994227994
80 0.5797773654916512
90 0.5797773654916512
100 0.5797773654916512
110 0.5815295815295816
120 0.5815295815295816
130 0.5815295815295816
140 0.7339723768295197
150 0.7339723768295197
160 0.7339723768295197
170 0.7339723768295197
180 0.7339723768295197
190 0.7339723768295197
200 0.7339723768295197
210 0.7339723768295197
220 0.7339723768295197
230 0.756648113790971
240 0.756648113790971
250 0.756648113790971
260 0.756648113790971
270 0.756648113790971
280 0.756648113790971
290 0.756648113790971
300 0.756648113790971
310 0.756648113790971
320 0.756648113790971
330 0.756648113790971
340 0.756648113790971
350 0.7575757575757576
360 0.7575757575757576
370 0.7575757575757576
380 0.7575757575757576
390 0.7575757575757576
400 0.7575757575757576
410 0.7575757575757576
420 0.7575757575757576
430 0.7575757575757576
440 0.7575757575757576
450 0.7575757575757576
460 0.7575757575757576
470 0.7575757575757576
480 0.7576788291074006
490 0.7576788291074006
500 0.7576788291074006
510 0.7576788291074006
520 0.7576788291074006
530 0.7576788291074006
540 0.7576788291074006
550 0.7576788291074006
560 0.7576788291074006
570 0.7576788291074006
580 0.7576788291074006
590 0.7576788291074006
600 0.7576788291074006
610 0.7576788291074006
620 0.7576788291074006
630 0.7576788291074006
640 0.7576788291074006
650 0.7576788291074006
660 0.7576788291074006
670 0.7576788291074006
680 0.7576788291074006
690 0.7576788291074006
700 0.7576788291074006
710 0.7576788291074006
720 0.7576788291074006
730 0.7576788291074006
740 0.7576788291074006
750 0.7576788291074006
760 0.7576788291074006
770 0.7576788291074006
780 0.7576788291074006
790 0.7576788291074006
800 0.7576788291074006
810 0.7576788291074006
820 0.7576788291074006
830 0.7576788291074006
840 0.7576788291074006
850 0.7576788291074006
860 0.7576788291074006
870 0.7576788291074006
880 0.7576788291074006
890 0.7576788291074006
900 0.7576788291074006
910 0.7576788291074006
920 0.7576788291074006
930 0.7576788291074006
940 0.7576788291074006
950 0.7576788291074006
960 0.7576788291074006
970 0.7576788291074006
980 0.7576788291074006
990 0.7576788291074006
1000 0.7520098948670377
