# Data for router 8
0 0.0
10 0.0
20 0.0
30 0.023191094619666047
40 0.023191094619666047
50 0.023191094619666047
60 0.023191094619666047
70 0.023191094619666047
80 0.11379097093382808
90 0.11379097093382808
100 0.11379097093382808
110 0.11379097093382808
120 0.11379097093382808
130 0.11379097093382808
140 0.12760255617398475
150 0.12760255617398475
160 0.12760255617398475
170 0.12760255617398475
180 0.12760255617398475
190 0.12760255617398475
200 0.12760255617398475
210 0.12760255617398475
220 0.12760255617398475
230 0.12760255617398475
240 0.12760255617398475
250 0.12760255617398475
260 0.12760255617398475
270 0.12760255617398475
280 0.12760255617398475
290 0.12760255617398475
300 0.12760255617398475
310 0.12760255617398475
320 0.12760255617398475
330 0.12760255617398475
340 0.12760255617398475
350 0.12760255617398475
360 0.12760255617398475
370 0.12760255617398475
380 0.12760255617398475
390 0.12760255617398475
400 0.12760255617398475
410 0.12760255617398475
420 0.12760255617398475
430 0.12760255617398475
440 0.12760255617398475
450 0.12760255617398475
460 0.12760255617398475
470 0.12760255617398475
480 0.12760255617398475
490 0.12760255617398475
500 0.12760255617398475
510 0.12760255617398475
520 0.12760255617398475
530 0.12760255617398475
540 0.12760255617398475
550 0.12760255617398475
560 0.12760255617398475
570 0.12760255617398475
580 0.12760255617398475
590 0.12760255617398475
600 0.12760255617398475
610 0.12760255617398475
620 0.12760255617398475
630 0.12760255617398475
640 0.12760255617398475
650 0.12760255617398475
660 0.12760255617398475
670 0.12760255617398475
680 0.12760255617398475
690 0.12760255617398475
700 0.12760255617398475
710 0.12760255617398475
720 0.12760255617398475
730 0.12760255617398475
740 0.12760255617398475
750 0.12760255617398475
760 0.12760255617398475
770 0.12760255617398475
780 0.12760255617398475
790 0.12760255617398475
800 0.12760255617398475
810 0.12760255617398475
820 0.12760255617398475
830 0.12760255617398475
840 0.12760255617398475
850 0.12760255617398475
860 0.12760255617398475
870 0.12760255617398475
880 0.12760255617398475
890 0.12760255617398475
900 0.12760255617398475
910 0.12760255617398475
920 0.12760255617398475
930 0.12760255617398475
940 0.12760255617398475
950 0.12760255617398475
960 0.12760255617398475
970 0.12760255617398475
980 0.12760255617398475
990 0.12760255617398475
1000 0.13079777365491652
