# Data for router 5
0 0.0
10 0.0
20 0.004225932797361369
30 0.12430426716141002
40 0.12430426716141002
50 0.1318284889713461
60 0.1318284889713461
70 0.1318284889713461
80 0.40197897340754485
90 0.40197897340754485
100 0.40197897340754485
110 0.4023912595341167
120 0.4023912595341167
130 0.4023912595341167
140 0.46794475365903937
150 0.46794475365903937
160 0.46794475365903937
170 0.46794475365903937
180 0.4681508967223253
190 0.4681508967223253
200 0.4681508967223253
210 0.4681508967223253
220 0.4681508967223253
230 0.48876520305091736
240 0.48876520305091736
250 0.48876520305091736
260 0.48876520305091736
270 0.48876520305091736
280 0.48897134611420323
290 0.48897134611420323
300 0.48897134611420323
310 0.48897134611420323
320 0.48897134611420323
330 0.48897134611420323
340 0.48897134611420323
350 0.4957740672026386
360 0.4957740672026386
370 0.4957740672026386
380 0.4957740672026386
390 0.4957740672026386
400 0.4957740672026386
410 0.4957740672026386
420 0.4957740672026386
430 0.4957740672026386
440 0.4957740672026386
450 0.4957740672026386
460 0.4957740672026386
470 0.4957740672026386
480 0.4969078540507112
490 0.4969078540507112
500 0.4969078540507112
510 0.4969078540507112
520 0.4969078540507112
530 0.4969078540507112
540 0.4969078540507112
550 0.4969078540507112
560 0.4969078540507112
570 0.4969078540507112
580 0.4969078540507112
590 0.4969078540507112
600 0.4969078540507112
610 0.4969078540507112
620 0.4969078540507112
630 0.4969078540507112
640 0.4969078540507112
650 0.4969078540507112
660 0.4969078540507112
670 0.4969078540507112
680 0.4969078540507112
690 0.4969078540507112
700 0.4969078540507112
710 0.4969078540507112
720 0.4969078540507112
730 0.4969078540507112
740 0.4969078540507112
750 0.4969078540507112
760 0.4969078540507112
770 0.4969078540507112
780 0.4969078540507112
790 0.4969078540507112
800 0.4969078540507112
810 0.4969078540507112
820 0.4969078540507112
830 0.4969078540507112
840 0.4969078540507112
850 0.4969078540507112
860 0.4969078540507112
870 0.4969078540507112
880 0.4969078540507112
890 0.4969078540507112
900 0.4969078540507112
910 0.4969078540507112
920 0.4969078540507112
930 0.4969078540507112
940 0.4969078540507112
950 0.4969078540507112
960 0.4969078540507112
970 0.4969078540507112
980 0.4969078540507112
990 0.4969078540507112
1000 0.4963924963924964
