# Data for router 4
0 0.0
10 0.0
20 0.08080808080808081
30 0.47340754483611625
40 0.47340754483611625
50 0.49783549783549785
60 0.49783549783549785
70 0.49783549783549785
80 0.8453927025355596
90 0.8453927025355596
100 0.8457019171304886
110 0.8490002061430633
120 0.8490002061430633
130 0.8490002061430633
140 0.9384662956091527
150 0.9384662956091527
160 0.9384662956091527
170 0.9384662956091527
180 0.9384662956091527
190 0.9385693671407958
200 0.9385693671407958
210 0.9385693671407958
220 0.9385693671407958
230 0.950731807874665
240 0.950731807874665
250 0.950731807874665
260 0.950731807874665
270 0.950731807874665
280 0.950731807874665
290 0.950731807874665
300 0.950731807874665
310 0.950731807874665
320 0.950731807874665
330 0.950731807874665
340 0.950731807874665
350 0.9515563801278087
360 0.9515563801278087
370 0.9515563801278087
380 0.9515563801278087
390 0.9515563801278087
400 0.9515563801278087
410 0.9515563801278087
420 0.9515563801278087
430 0.9515563801278087
440 0.9515563801278087
450 0.9515563801278087
460 0.9515563801278087
470 0.9515563801278087
480 0.9515563801278087
490 0.9515563801278087
500 0.9515563801278087
510 0.9515563801278087
520 0.9515563801278087
530 0.9515563801278087
540 0.9515563801278087
550 0.9515563801278087
560 0.9515563801278087
570 0.9515563801278087
580 0.9515563801278087
590 0.9515563801278087
600 0.9515563801278087
610 0.9515563801278087
620 0.9515563801278087
630 0.9515563801278087
640 0.9515563801278087
650 0.9515563801278087
660 0.9515563801278087
670 0.9515563801278087
680 0.9515563801278087
690 0.9515563801278087
700 0.9515563801278087
710 0.9515563801278087
720 0.9515563801278087
730 0.9515563801278087
740 0.9515563801278087
750 0.9515563801278087
760 0.9515563801278087
770 0.9515563801278087
780 0.9515563801278087
790 0.9515563801278087
800 0.9515563801278087
810 0.9515563801278087
820 0.9515563801278087
830 0.9515563801278087
840 0.9515563801278087
850 0.9515563801278087
860 0.9515563801278087
870 0.9515563801278087
880 0.9515563801278087
890 0.9515563801278087
900 0.9515563801278087
910 0.9515563801278087
920 0.9515563801278087
930 0.9515563801278087
940 0.9515563801278087
950 0.9515563801278087
960 0.9515563801278087
970 0.9515563801278087
980 0.9515563801278087
990 0.9515563801278087
1000 0.9517625231910947
