# Data for router 3
0 0.0
10 0.0
20 0.0
30 0.004019789734075448
40 0.004019789734075448
50 0.004019789734075448
60 0.004019789734075448
70 0.004019789734075448
80 0.016079158936301793
90 0.025252525252525252
100 0.025252525252525252
110 0.025252525252525252
120 0.025252525252525252
130 0.025252525252525252
140 0.025252525252525252
150 0.025458668315811173
160 0.026077097505668934
170 0.026798598227169654
180 0.027417027417027416
190 0.027417027417027416
200 0.027417027417027416
210 0.027417027417027416
220 0.027417027417027416
230 0.027417027417027416
240 0.027417027417027416
250 0.027417027417027416
260 0.027417027417027416
270 0.027520098948670378
280 0.027520098948670378
290 0.027520098948670378
300 0.027520098948670378
310 0.027520098948670378
320 0.027520098948670378
330 0.027520098948670378
340 0.027520098948670378
350 0.027520098948670378
360 0.027520098948670378
370 0.027520098948670378
380 0.027520098948670378
390 0.027520098948670378
400 0.027520098948670378
410 0.027520098948670378
420 0.027520098948670378
430 0.027520098948670378
440 0.027520098948670378
450 0.027520098948670378
460 0.027520098948670378
470 0.027520098948670378
480 0.027520098948670378
490 0.027520098948670378
500 0.027520098948670378
510 0.027520098948670378
520 0.027520098948670378
530 0.027520098948670378
540 0.027520098948670378
550 0.027520098948670378
560 0.027520098948670378
570 0.027520098948670378
580 0.027520098948670378
590 0.027520098948670378
600 0.027520098948670378
610 0.027520098948670378
620 0.027520098948670378
630 0.027520098948670378
640 0.027520098948670378
650 0.027520098948670378
660 0.027520098948670378
670 0.027520098948670378
680 0.027520098948670378
690 0.027520098948670378
700 0.027520098948670378
710 0.027520098948670378
720 0.027520098948670378
730 0.027520098948670378
740 0.027520098948670378
750 0.027520098948670378
760 0.027520098948670378
770 0.027520098948670378
780 0.027520098948670378
790 0.027520098948670378
800 0.027520098948670378
810 0.027520098948670378
820 0.027520098948670378
830 0.027520098948670378
840 0.027520098948670378
850 0.027520098948670378
860 0.027520098948670378
870 0.027520098948670378
880 0.027520098948670378
890 0.027520098948670378
900 0.027520098948670378
910 0.027520098948670378
920 0.027520098948670378
930 0.027520098948670378
940 0.027520098948670378
950 0.027520098948670378
960 0.027520098948670378
970 0.027520098948670378
980 0.027520098948670378
990 0.027520098948670378
1000 0.02865388579674294
