# Data for router 7
0 0.0
10 0.0
20 0.0
30 0.012574726860441147
40 0.012574726860441147
50 0.012574726860441147
60 0.012574726860441147
70 0.012574726860441147
80 0.03391053391053391
90 0.05297876726448155
100 0.05297876726448155
110 0.05297876726448155
120 0.05297876726448155
130 0.05297876726448155
140 0.05297876726448155
150 0.055761698618841476
160 0.0681302824159967
170 0.0787466501752216
180 0.0857555143269429
190 0.0857555143269429
200 0.0857555143269429
210 0.0857555143269429
220 0.0857555143269429
230 0.0857555143269429
240 0.0857555143269429
250 0.0857555143269429
260 0.0857555143269429
270 0.08637394351680067
280 0.08668315811172954
290 0.0867862296433725
300 0.0867862296433725
310 0.0867862296433725
320 0.0867862296433725
330 0.0867862296433725
340 0.0867862296433725
350 0.0867862296433725
360 0.0867862296433725
370 0.0867862296433725
380 0.0867862296433725
390 0.0867862296433725
400 0.0867862296433725
410 0.0867862296433725
420 0.0867862296433725
430 0.0867862296433725
440 0.0867862296433725
450 0.0867862296433725
460 0.0867862296433725
470 0.0867862296433725
480 0.0867862296433725
490 0.0867862296433725
500 0.0867862296433725
510 0.0867862296433725
520 0.0867862296433725
530 0.0867862296433725
540 0.0867862296433725
550 0.0867862296433725
560 0.0867862296433725
570 0.0867862296433725
580 0.0867862296433725
590 0.0867862296433725
600 0.0867862296433725
610 0.0867862296433725
620 0.0867862296433725
630 0.0867862296433725
640 0.0867862296433725
650 0.0867862296433725
660 0.0867862296433725
670 0.0867862296433725
680 0.0867862296433725
690 0.0867862296433725
700 0.0867862296433725
710 0.0867862296433725
720 0.0867862296433725
730 0.0867862296433725
740 0.0867862296433725
750 0.0867862296433725
760 0.0867862296433725
770 0.0867862296433725
780 0.0867862296433725
790 0.0867862296433725
800 0.0867862296433725
810 0.0867862296433725
820 0.0867862296433725
830 0.0867862296433725
840 0.0867862296433725
850 0.0867862296433725
860 0.0867862296433725
870 0.0867862296433725
880 0.0867862296433725
890 0.0867862296433725
900 0.0867862296433725
910 0.0867862296433725
920 0.0867862296433725
930 0.0867862296433725
940 0.0867862296433725
950 0.0867862296433725
960 0.0867862296433725
970 0.0867862296433725
980 0.0867862296433725
990 0.0867862296433725
1000 0.08802308802308802
