# Data for router 4
0 0.0
10 0.0
20 0.0
30 0.08297258297258298
40 0.08297258297258298
50 0.08297258297258298
60 0.08297258297258298
70 0.08297258297258298
80 0.19109461966604824
90 0.28612657184085755
100 0.28612657184085755
110 0.28612657184085755
120 0.28612657184085755
130 0.28612657184085755
140 0.28612657184085755
150 0.29962894248608535
160 0.33591012162440737
170 0.3779633065347351
180 0.40558647701504846
190 0.40558647701504846
200 0.40558647701504846
210 0.40558647701504846
220 0.40558647701504846
230 0.40558647701504846
240 0.40558647701504846
250 0.40558647701504846
260 0.40661719233147803
270 0.4109461966604824
280 0.414553700267986
290 0.41836734693877553
300 0.41836734693877553
310 0.41836734693877553
320 0.41836734693877553
330 0.41836734693877553
340 0.41836734693877553
350 0.41836734693877553
360 0.41836734693877553
370 0.41836734693877553
380 0.41836734693877553
390 0.41836734693877553
400 0.41836734693877553
410 0.41836734693877553
420 0.41836734693877553
430 0.41836734693877553
440 0.41836734693877553
450 0.41836734693877553
460 0.41836734693877553
470 0.41836734693877553
480 0.41836734693877553
490 0.41836734693877553
500 0.41836734693877553
510 0.41836734693877553
520 0.41836734693877553
530 0.41836734693877553
540 0.41836734693877553
550 0.41836734693877553
560 0.41836734693877553
570 0.41836734693877553
580 0.41836734693877553
590 0.41836734693877553
600 0.41836734693877553
610 0.41836734693877553
620 0.41836734693877553
630 0.41836734693877553
640 0.41836734693877553
650 0.41836734693877553
660 0.41836734693877553
670 0.41836734693877553
680 0.41836734693877553
690 0.41836734693877553
700 0.41836734693877553
710 0.41836734693877553
720 0.41836734693877553
730 0.41836734693877553
740 0.41836734693877553
750 0.41836734693877553
760 0.41836734693877553
770 0.41836734693877553
780 0.41836734693877553
790 0.41836734693877553
800 0.41836734693877553
810 0.41836734693877553
820 0.41836734693877553
830 0.41836734693877553
840 0.41836734693877553
850 0.41836734693877553
860 0.41836734693877553
870 0.41836734693877553
880 0.41836734693877553
890 0.41836734693877553
900 0.41836734693877553
910 0.41836734693877553
920 0.41836734693877553
930 0.41836734693877553
940 0.41836734693877553
950 0.41836734693877553
960 0.41836734693877553
970 0.41836734693877553
980 0.41836734693877553
990 0.41836734693877553
1000 0.4150690579262008
