S0 (0)	- 1230 || 1302 || 1032 || 2301 || 2310 || 2031 || 3012 || 3201 || 3210
S1 (1)	- 1231 || 1232 || 1200 || 1201 || 1202 || 1210 || 1300 || 1310 || 1312 || 1330 || 1332 || 1031 || 1012 || 1030 || 1002 || 2230 || 2231 || 2201 || 2210 || 2300 || 2311 || 2302 || 2312 || 2011 || 2030 || 2001 || 2010 || 3211 || 3230 || 3231 || 3202 || 3212 || 3200 || 3301 || 3302 || 3310 || 3312 || 3011 || 3031 || 3032 || 3001 || 3002 || 3010
S2 (2)	- 2332 || 3232 || 3311 || 1001 || 1010 || 2200 || 1212 || 1331 || 2211 || 2002 || 3300 || 3030
S3 (3)	- 1000 || 2000 || 3000 || 1211 || 1311 || 1011 || 2232 || 2202 || 2212 || 3330 || 3331 || 3332
			
			to
from	0	1	2	3	
0	1/9	16/27	4/27	14/27
1	1/9	16/27	4/27	4/27
2	5/36	11/18	5/36	1/9
3	0	4/9	2/9	1/3
