# Data for router 4
0 0.0
10 0.0
20 0.0
30 0.0026798598227169654
40 0.0026798598227169654
50 0.0026798598227169654
60 0.0026798598227169654
70 0.0026798598227169654
80 0.008554937126365698
90 0.012677798392084107
100 0.012677798392084107
110 0.012677798392084107
120 0.012677798392084107
130 0.012677798392084107
140 0.012677798392084107
150 0.012987012987012988
160 0.015048443619872192
170 0.017728303442589157
180 0.02009894867037724
190 0.02009894867037724
200 0.02009894867037724
210 0.02009894867037724
220 0.02009894867037724
230 0.02009894867037724
240 0.02009894867037724
250 0.02009894867037724
260 0.02009894867037724
270 0.02009894867037724
280 0.020202020202020204
290 0.020202020202020204
300 0.020202020202020204
310 0.020202020202020204
320 0.020202020202020204
330 0.020202020202020204
340 0.020202020202020204
350 0.020202020202020204
360 0.020202020202020204
370 0.020202020202020204
380 0.020202020202020204
390 0.020202020202020204
400 0.020202020202020204
410 0.020202020202020204
420 0.020202020202020204
430 0.020202020202020204
440 0.020202020202020204
450 0.020202020202020204
460 0.020202020202020204
470 0.020202020202020204
480 0.020202020202020204
490 0.020202020202020204
500 0.020202020202020204
510 0.020202020202020204
520 0.020202020202020204
530 0.020202020202020204
540 0.020202020202020204
550 0.020202020202020204
560 0.020202020202020204
570 0.020202020202020204
580 0.020202020202020204
590 0.020202020202020204
600 0.020202020202020204
610 0.020202020202020204
620 0.020202020202020204
630 0.020202020202020204
640 0.020202020202020204
650 0.020202020202020204
660 0.020202020202020204
670 0.020202020202020204
680 0.020202020202020204
690 0.020202020202020204
700 0.020202020202020204
710 0.020202020202020204
720 0.020202020202020204
730 0.020202020202020204
740 0.020202020202020204
750 0.020202020202020204
760 0.020202020202020204
770 0.020202020202020204
780 0.020202020202020204
790 0.020202020202020204
800 0.020202020202020204
810 0.020202020202020204
820 0.020202020202020204
830 0.020202020202020204
840 0.020202020202020204
850 0.020202020202020204
860 0.020202020202020204
870 0.020202020202020204
880 0.020202020202020204
890 0.020202020202020204
900 0.020202020202020204
910 0.020202020202020204
920 0.020202020202020204
930 0.020202020202020204
940 0.020202020202020204
950 0.020202020202020204
960 0.020202020202020204
970 0.020202020202020204
980 0.020202020202020204
990 0.020202020202020204
1000 0.021748093176664606
