# Data for router 0
0 0.0
10 0.0
20 0.0
30 0.0
40 0.0
50 0.0
60 0.0
70 0.0
80 0.0
90 0.0
100 0.0
110 0.0
120 0.0
130 0.0
140 0.0
150 0.001958359101216244
160 0.007215007215007215
170 0.011750154607297465
180 0.014945372088229231
190 0.014945372088229231
200 0.014945372088229231
210 0.014945372088229231
220 0.014945372088229231
230 0.014945372088229231
240 0.014945372088229231
250 0.014945372088229231
260 0.015048443619872192
270 0.016079158936301793
280 0.016594516594516596
290 0.017006802721088437
300 0.017006802721088437
310 0.017006802721088437
320 0.017006802721088437
330 0.017006802721088437
340 0.017006802721088437
350 0.017006802721088437
360 0.017006802721088437
370 0.017006802721088437
380 0.017006802721088437
390 0.017006802721088437
400 0.017006802721088437
410 0.017006802721088437
420 0.017006802721088437
430 0.017006802721088437
440 0.017006802721088437
450 0.017006802721088437
460 0.017006802721088437
470 0.017006802721088437
480 0.017006802721088437
490 0.017006802721088437
500 0.017006802721088437
510 0.017006802721088437
520 0.017006802721088437
530 0.017006802721088437
540 0.017006802721088437
550 0.017006802721088437
560 0.017006802721088437
570 0.017006802721088437
580 0.017006802721088437
590 0.017006802721088437
600 0.017006802721088437
610 0.017006802721088437
620 0.017006802721088437
630 0.017006802721088437
640 0.017006802721088437
650 0.017006802721088437
660 0.017006802721088437
670 0.017006802721088437
680 0.017006802721088437
690 0.017006802721088437
700 0.017006802721088437
710 0.017006802721088437
720 0.017006802721088437
730 0.017006802721088437
740 0.017006802721088437
750 0.017006802721088437
760 0.017006802721088437
770 0.017006802721088437
780 0.017006802721088437
790 0.017006802721088437
800 0.017006802721088437
810 0.017006802721088437
820 0.017006802721088437
830 0.017006802721088437
840 0.017006802721088437
850 0.017006802721088437
860 0.017006802721088437
870 0.017006802721088437
880 0.017006802721088437
890 0.017006802721088437
900 0.017006802721088437
910 0.017006802721088437
920 0.017006802721088437
930 0.017006802721088437
940 0.017006802721088437
950 0.017006802721088437
960 0.017006802721088437
970 0.017006802721088437
980 0.017006802721088437
990 0.017006802721088437
1000 0.016697588126159554
