# Data for router 7
0 0.0
10 0.0
20 0.0
30 0.017109874252731395
40 0.017109874252731395
50 0.017109874252731395
60 0.017109874252731395
70 0.017109874252731395
80 0.020820449391877962
90 0.023603380746237888
100 0.023603380746237888
110 0.023603380746237888
120 0.023603380746237888
130 0.023603380746237888
140 0.023603380746237888
150 0.02504638218923933
160 0.030406101834673262
170 0.034013605442176874
180 0.038033395176252316
190 0.038033395176252316
200 0.038033395176252316
210 0.038033395176252316
220 0.038033395176252316
230 0.038033395176252316
240 0.038033395176252316
250 0.038033395176252316
260 0.045042259327973615
270 0.0686456400742115
280 0.08565244279529993
290 0.11286332714904143
300 0.11286332714904143
310 0.11286332714904143
320 0.11286332714904143
330 0.11286332714904143
340 0.11286332714904143
350 0.11286332714904143
360 0.11286332714904143
370 0.11286332714904143
380 0.11286332714904143
390 0.11286332714904143
400 0.11822304679447537
410 0.12327355184498041
420 0.12863327149041434
430 0.13275613275613277
440 0.13481756338899195
450 0.13481756338899195
460 0.13481756338899195
470 0.13481756338899195
480 0.13481756338899195
490 0.13481756338899195
500 0.13481756338899195
510 0.13481756338899195
520 0.13481756338899195
530 0.13481756338899195
540 0.13481756338899195
550 0.13481756338899195
560 0.13481756338899195
570 0.13481756338899195
580 0.1349206349206349
590 0.1349206349206349
600 0.13502370645227788
610 0.13502370645227788
620 0.13502370645227788
630 0.13502370645227788
640 0.13502370645227788
650 0.13502370645227788
660 0.13502370645227788
670 0.13502370645227788
680 0.13502370645227788
690 0.13502370645227788
700 0.13502370645227788
710 0.13502370645227788
720 0.13502370645227788
730 0.13502370645227788
740 0.13502370645227788
750 0.13502370645227788
760 0.13502370645227788
770 0.13502370645227788
780 0.13502370645227788
790 0.13502370645227788
800 0.13502370645227788
810 0.13502370645227788
820 0.13502370645227788
830 0.13502370645227788
840 0.13502370645227788
850 0.13502370645227788
860 0.13502370645227788
870 0.13502370645227788
880 0.13502370645227788
890 0.13502370645227788
900 0.13502370645227788
910 0.13502370645227788
920 0.13502370645227788
930 0.13502370645227788
940 0.13502370645227788
950 0.13502370645227788
960 0.13502370645227788
970 0.13502370645227788
980 0.13502370645227788
990 0.13502370645227788
1000 0.1271902700474129
