# Data for router 5
0 0.0
10 0.0
20 0.0
30 0.0045351473922902496
40 0.0045351473922902496
50 0.0045351473922902496
60 0.0045351473922902496
70 0.0045351473922902496
80 0.007833436404864976
90 0.011544011544011544
100 0.011544011544011544
110 0.011544011544011544
120 0.011544011544011544
130 0.011544011544011544
140 0.011544011544011544
150 0.012987012987012988
160 0.01896516182230468
170 0.025458668315811173
180 0.02937538651824366
190 0.02937538651824366
200 0.02937538651824366
210 0.02937538651824366
220 0.02937538651824366
230 0.02937538651824366
240 0.02937538651824366
250 0.02937538651824366
260 0.030406101834673262
270 0.03318903318903319
280 0.03452896310039167
290 0.03720882292310864
300 0.03720882292310864
310 0.03720882292310864
320 0.03720882292310864
330 0.03720882292310864
340 0.03720882292310864
350 0.03720882292310864
360 0.03720882292310864
370 0.03720882292310864
380 0.03720882292310864
390 0.03720882292310864
400 0.03865182436611008
410 0.039888682745825604
420 0.040919398062255204
430 0.04225932797361369
440 0.04308390022675737
450 0.04308390022675737
460 0.04308390022675737
470 0.04308390022675737
480 0.04308390022675737
490 0.04308390022675737
500 0.04308390022675737
510 0.04308390022675737
520 0.04308390022675737
530 0.04308390022675737
540 0.04308390022675737
550 0.04308390022675737
560 0.04308390022675737
570 0.04401154401154401
580 0.045351473922902494
590 0.046072974644403214
600 0.04700061842918986
610 0.04813440527726242
620 0.04813440527726242
630 0.04813440527726242
640 0.04813440527726242
650 0.04813440527726242
660 0.04813440527726242
670 0.04813440527726242
680 0.04813440527726242
690 0.04813440527726242
700 0.04813440527726242
710 0.04813440527726242
720 0.04813440527726242
730 0.04813440527726242
740 0.04813440527726242
750 0.04813440527726242
760 0.048340548340548344
770 0.048752834467120185
780 0.0489589775304061
790 0.049062049062049064
800 0.04916512059369202
810 0.04926819212533498
820 0.04937126365697794
830 0.04937126365697794
840 0.04937126365697794
850 0.04937126365697794
860 0.04937126365697794
870 0.04937126365697794
880 0.04937126365697794
890 0.04937126365697794
900 0.04937126365697794
910 0.04937126365697794
920 0.04937126365697794
930 0.04937126365697794
940 0.04937126365697794
950 0.04937126365697794
960 0.04937126365697794
970 0.04937126365697794
980 0.04937126365697794
990 0.04937126365697794
1000 0.0484436198721913
