# Data for router 8
0 0.0
10 0.0
20 0.0
30 0.0
40 0.0
50 0.0
60 0.0
70 0.0
80 0.0
90 0.0
100 0.0
110 0.0
120 0.0
130 0.0
140 0.0
150 0.0012368583797155227
160 0.005772005772005772
170 0.011028653885796743
180 0.01432694289837147
190 0.01432694289837147
200 0.01432694289837147
210 0.01432694289837147
220 0.01432694289837147
230 0.01432694289837147
240 0.01432694289837147
250 0.01432694289837147
260 0.01443001443001443
270 0.014945372088229231
280 0.015048443619872192
290 0.015357658214801072
300 0.015357658214801072
310 0.015357658214801072
320 0.015357658214801072
330 0.015357658214801072
340 0.015357658214801072
350 0.015357658214801072
360 0.015357658214801072
370 0.015357658214801072
380 0.015357658214801072
390 0.015357658214801072
400 0.015357658214801072
410 0.015357658214801072
420 0.015357658214801072
430 0.015357658214801072
440 0.015357658214801072
450 0.015357658214801072
460 0.015357658214801072
470 0.015357658214801072
480 0.015357658214801072
490 0.015357658214801072
500 0.015357658214801072
510 0.015357658214801072
520 0.015357658214801072
530 0.015357658214801072
540 0.015357658214801072
550 0.015357658214801072
560 0.015357658214801072
570 0.015357658214801072
580 0.015357658214801072
590 0.015357658214801072
600 0.015357658214801072
610 0.015357658214801072
620 0.015357658214801072
630 0.015357658214801072
640 0.015357658214801072
650 0.015357658214801072
660 0.015357658214801072
670 0.015357658214801072
680 0.015357658214801072
690 0.015357658214801072
700 0.015357658214801072
710 0.015357658214801072
720 0.015357658214801072
730 0.015357658214801072
740 0.015357658214801072
750 0.015357658214801072
760 0.015357658214801072
770 0.015357658214801072
780 0.015357658214801072
790 0.015357658214801072
800 0.015357658214801072
810 0.015357658214801072
820 0.015357658214801072
830 0.015357658214801072
840 0.015357658214801072
850 0.015357658214801072
860 0.015357658214801072
870 0.015357658214801072
880 0.015357658214801072
890 0.015357658214801072
900 0.015357658214801072
910 0.015357658214801072
920 0.015357658214801072
930 0.015357658214801072
940 0.015357658214801072
950 0.015357658214801072
960 0.015357658214801072
970 0.015357658214801072
980 0.015357658214801072
990 0.015357658214801072
1000 0.016800659657802516
