# Data for router 4
0 0.0
10 0.0
20 0.0
30 0.08049886621315193
40 0.08049886621315193
50 0.08049886621315193
60 0.08049886621315193
70 0.08049886621315193
80 0.09400123685837972
90 0.10678210678210678
100 0.10678210678210678
110 0.10678210678210678
120 0.10678210678210678
130 0.10678210678210678
140 0.10678210678210678
150 0.10946196660482375
160 0.11647083075654505
170 0.12265512265512266
180 0.12626262626262627
190 0.12626262626262627
200 0.12626262626262627
210 0.12626262626262627
220 0.12626262626262627
230 0.12626262626262627
240 0.12626262626262627
250 0.12626262626262627
260 0.1345083487940631
270 0.16017316017316016
280 0.1792413935271078
290 0.2054215625644197
300 0.2054215625644197
310 0.2054215625644197
320 0.2054215625644197
330 0.2054215625644197
340 0.2054215625644197
350 0.2054215625644197
360 0.2054215625644197
370 0.2054215625644197
380 0.2054215625644197
390 0.2054215625644197
400 0.21614100185528756
410 0.22624201195629767
420 0.23469387755102042
430 0.24644403215831787
440 0.2524221809936096
450 0.2524221809936096
460 0.2524221809936096
470 0.2524221809936096
480 0.2524221809936096
490 0.2524221809936096
500 0.2524221809936096
510 0.2524221809936096
520 0.2524221809936096
530 0.2524221809936096
540 0.2524221809936096
550 0.2524221809936096
560 0.2524221809936096
570 0.2540713254998969
580 0.2548958977530406
590 0.2549989692846836
600 0.25530818387961246
610 0.2560296846011132
620 0.2560296846011132
630 0.2560296846011132
640 0.2560296846011132
650 0.2560296846011132
660 0.2560296846011132
670 0.2560296846011132
680 0.2560296846011132
690 0.2560296846011132
700 0.2560296846011132
710 0.2560296846011132
720 0.2560296846011132
730 0.2560296846011132
740 0.2560296846011132
750 0.2560296846011132
760 0.2560296846011132
770 0.2560296846011132
780 0.2560296846011132
790 0.2560296846011132
800 0.2560296846011132
810 0.2560296846011132
820 0.2560296846011132
830 0.2560296846011132
840 0.2560296846011132
850 0.2560296846011132
860 0.2560296846011132
870 0.2560296846011132
880 0.2560296846011132
890 0.2560296846011132
900 0.2560296846011132
910 0.2560296846011132
920 0.2560296846011132
930 0.2560296846011132
940 0.2560296846011132
950 0.2560296846011132
960 0.2560296846011132
970 0.2560296846011132
980 0.2560296846011132
990 0.2560296846011132
1000 0.2548958977530406
