# Data for router 4
0 0.0
10 0.0
20 0.0
30 0.0
40 0.0
50 0.0
60 0.0
70 0.0
80 0.0
90 0.0
100 0.0
110 0.0
120 0.0
130 0.0
140 0.0
150 0.0
160 0.0
170 0.0
180 0.00010307153164296021
190 0.00010307153164296021
200 0.00010307153164296021
210 0.00010307153164296021
220 0.00010307153164296021
230 0.00010307153164296021
240 0.00010307153164296021
250 0.00010307153164296021
260 0.00030921459492888067
270 0.00041228612657184083
280 0.00041228612657184083
290 0.0006184291898577613
300 0.0006184291898577613
310 0.0006184291898577613
320 0.0006184291898577613
330 0.0006184291898577613
340 0.0006184291898577613
350 0.0006184291898577613
360 0.0006184291898577613
370 0.0006184291898577613
380 0.0006184291898577613
390 0.0006184291898577613
400 0.0006184291898577613
410 0.0006184291898577613
420 0.0006184291898577613
430 0.0006184291898577613
440 0.0006184291898577613
450 0.0006184291898577613
460 0.0006184291898577613
470 0.0006184291898577613
480 0.0006184291898577613
490 0.0006184291898577613
500 0.0006184291898577613
510 0.0006184291898577613
520 0.0006184291898577613
530 0.0006184291898577613
540 0.0006184291898577613
550 0.0006184291898577613
560 0.0006184291898577613
570 0.0006184291898577613
580 0.0006184291898577613
590 0.0006184291898577613
600 0.0006184291898577613
610 0.0006184291898577613
620 0.0006184291898577613
630 0.0006184291898577613
640 0.0006184291898577613
650 0.0006184291898577613
660 0.0006184291898577613
670 0.0006184291898577613
680 0.0006184291898577613
690 0.0006184291898577613
700 0.0006184291898577613
710 0.0006184291898577613
720 0.0006184291898577613
730 0.0006184291898577613
740 0.0006184291898577613
750 0.0006184291898577613
760 0.0006184291898577613
770 0.0006184291898577613
780 0.0006184291898577613
790 0.0006184291898577613
800 0.0006184291898577613
810 0.0006184291898577613
820 0.0006184291898577613
830 0.0006184291898577613
840 0.0006184291898577613
850 0.0006184291898577613
860 0.0006184291898577613
870 0.0006184291898577613
880 0.0006184291898577613
890 0.0006184291898577613
900 0.0006184291898577613
910 0.0006184291898577613
920 0.0006184291898577613
930 0.0006184291898577613
940 0.0006184291898577613
950 0.0006184291898577613
960 0.0006184291898577613
970 0.0006184291898577613
980 0.0006184291898577613
990 0.0006184291898577613
1000 0.0007215007215007215
