# Data for router 6
0 0.0
10 0.0
20 0.0
30 0.39187796330653474
40 0.39187796330653474
50 0.39187796330653474
60 0.39187796330653474
70 0.39187796330653474
80 0.6167800453514739
90 0.7910740053597196
100 0.7910740053597196
110 0.7910740053597196
120 0.7910740053597196
130 0.7910740053597196
140 0.7910740053597196
150 0.7980828695114409
160 0.8188002473716759
170 0.8404452690166976
180 0.8552875695732839
190 0.8552875695732839
200 0.8552875695732839
210 0.8552875695732839
220 0.8552875695732839
230 0.8552875695732839
240 0.8552875695732839
250 0.8552875695732839
260 0.8578643578643579
270 0.865491651205937
280 0.8712636569779427
290 0.8778602350030922
300 0.8778602350030922
310 0.8778602350030922
320 0.8778602350030922
330 0.8778602350030922
340 0.8778602350030922
350 0.8778602350030922
360 0.8778602350030922
370 0.8778602350030922
380 0.8778602350030922
390 0.8778602350030922
400 0.8799216656359513
410 0.8817769532055246
420 0.8837353123067409
430 0.8854875283446711
440 0.8866213151927438
450 0.8866213151927438
460 0.8866213151927438
470 0.8866213151927438
480 0.8866213151927438
490 0.8866213151927438
500 0.8866213151927438
510 0.8866213151927438
520 0.8866213151927438
530 0.8866213151927438
540 0.8866213151927438
550 0.8866213151927438
560 0.8866213151927438
570 0.8869305297876726
580 0.8869305297876726
590 0.8870336013193156
600 0.8872397443826016
610 0.8874458874458875
620 0.8874458874458875
630 0.8874458874458875
640 0.8874458874458875
650 0.8874458874458875
660 0.8874458874458875
670 0.8874458874458875
680 0.8874458874458875
690 0.8874458874458875
700 0.8874458874458875
710 0.8874458874458875
720 0.8874458874458875
730 0.8874458874458875
740 0.8874458874458875
750 0.8874458874458875
760 0.8874458874458875
770 0.8874458874458875
780 0.8874458874458875
790 0.8875489589775304
800 0.8876520305091734
810 0.8876520305091734
820 0.8876520305091734
830 0.8876520305091734
840 0.8876520305091734
850 0.8876520305091734
860 0.8876520305091734
870 0.8876520305091734
880 0.8876520305091734
890 0.8876520305091734
900 0.8876520305091734
910 0.8876520305091734
920 0.8876520305091734
930 0.8876520305091734
940 0.8876520305091734
950 0.8876520305091734
960 0.8876520305091734
970 0.8876520305091734
980 0.8876520305091734
990 0.8876520305091734
1000 0.8851783137497423
