# Data for router 5
0 0.0
10 0.0
20 0.0
30 0.6099773242630385
40 0.6099773242630385
50 0.6099773242630385
60 0.6099773242630385
70 0.6099773242630385
80 0.7825190682333539
90 0.9303236446093589
100 0.9303236446093589
110 0.9303236446093589
120 0.9303236446093589
130 0.9303236446093589
140 0.9303236446093589
150 0.9337250051535766
160 0.9464028035456606
170 0.9591836734693877
180 0.9677386105957535
190 0.9677386105957535
200 0.9677386105957535
210 0.9677386105957535
220 0.9677386105957535
230 0.9677386105957535
240 0.9677386105957535
250 0.9677386105957535
260 0.9691816120387549
270 0.9718614718614719
280 0.9751597608740465
290 0.9783549783549783
300 0.9783549783549783
310 0.9783549783549783
320 0.9783549783549783
330 0.9783549783549783
340 0.9783549783549783
350 0.9783549783549783
360 0.9783549783549783
370 0.9783549783549783
380 0.9783549783549783
390 0.9783549783549783
400 0.979179550608122
410 0.9797979797979798
420 0.9804164089878376
430 0.9810348381776953
440 0.9815501958359101
450 0.9815501958359101
460 0.9815501958359101
470 0.9815501958359101
480 0.9815501958359101
490 0.9815501958359101
500 0.9815501958359101
510 0.9815501958359101
520 0.9815501958359101
530 0.9815501958359101
540 0.9815501958359101
550 0.9815501958359101
560 0.9815501958359101
570 0.981756338899196
580 0.9820655534941249
590 0.9820655534941249
600 0.9823747680890538
610 0.9825809111523397
620 0.9825809111523397
630 0.9825809111523397
640 0.9825809111523397
650 0.9825809111523397
660 0.9825809111523397
670 0.9825809111523397
680 0.9825809111523397
690 0.9825809111523397
700 0.9825809111523397
710 0.9825809111523397
720 0.9825809111523397
730 0.9825809111523397
740 0.9825809111523397
750 0.9825809111523397
760 0.9825809111523397
770 0.9825809111523397
780 0.9825809111523397
790 0.9825809111523397
800 0.9825809111523397
810 0.9825809111523397
820 0.9825809111523397
830 0.9825809111523397
840 0.9825809111523397
850 0.9825809111523397
860 0.9825809111523397
870 0.9825809111523397
880 0.9825809111523397
890 0.9825809111523397
900 0.9825809111523397
910 0.9825809111523397
920 0.9825809111523397
930 0.9825809111523397
940 0.9825809111523397
950 0.9825809111523397
960 0.9825809111523397
970 0.9825809111523397
980 0.9825809111523397
990 0.9825809111523397
1000 0.9847454133168418
