# Data for router 0
0 0.0
10 0.0
20 0.0
30 0.3955885384456813
40 0.3955885384456813
50 0.3955885384456813
60 0.3955885384456813
70 0.3955885384456813
80 0.6133786848072562
90 0.7911770768913626
100 0.7911770768913626
110 0.7911770768913626
120 0.7911770768913626
130 0.7911770768913626
140 0.7911770768913626
150 0.8006596578025149
160 0.8207586064728922
170 0.8412698412698413
180 0.854875283446712
190 0.854875283446712
200 0.854875283446712
210 0.854875283446712
220 0.854875283446712
230 0.854875283446712
240 0.854875283446712
250 0.854875283446712
260 0.8572459286745001
270 0.8659039373325088
280 0.8710575139146568
290 0.87847866419295
300 0.87847866419295
310 0.87847866419295
320 0.87847866419295
330 0.87847866419295
340 0.87847866419295
350 0.87847866419295
360 0.87847866419295
370 0.87847866419295
380 0.87847866419295
390 0.87847866419295
400 0.8790970933828076
410 0.8800247371675943
420 0.8814677386105958
430 0.8828076685219542
440 0.8832199546485261
450 0.8832199546485261
460 0.8832199546485261
470 0.8832199546485261
480 0.8832199546485261
490 0.8832199546485261
500 0.8832199546485261
510 0.8832199546485261
520 0.8832199546485261
530 0.8832199546485261
540 0.8832199546485261
550 0.8832199546485261
560 0.8832199546485261
570 0.883426097711812
580 0.883426097711812
590 0.8835291692434549
600 0.8835291692434549
610 0.8836322407750979
620 0.8836322407750979
630 0.8836322407750979
640 0.8836322407750979
650 0.8836322407750979
660 0.8836322407750979
670 0.8836322407750979
680 0.8836322407750979
690 0.8836322407750979
700 0.8836322407750979
710 0.8836322407750979
720 0.8836322407750979
730 0.8836322407750979
740 0.8836322407750979
750 0.8836322407750979
760 0.8836322407750979
770 0.8836322407750979
780 0.8836322407750979
790 0.8836322407750979
800 0.8836322407750979
810 0.8836322407750979
820 0.8836322407750979
830 0.8836322407750979
840 0.8836322407750979
850 0.8836322407750979
860 0.8836322407750979
870 0.8836322407750979
880 0.8836322407750979
890 0.8836322407750979
900 0.8836322407750979
910 0.8836322407750979
920 0.8836322407750979
930 0.8836322407750979
940 0.8836322407750979
950 0.8836322407750979
960 0.8836322407750979
970 0.8836322407750979
980 0.8836322407750979
990 0.8836322407750979
1000 0.8872397443826016
