# Data for router 1
0 0.0
10 0.0
20 0.0
30 0.8464234178519893
40 0.8464234178519893
50 0.8464234178519893
60 0.8464234178519893
70 0.8464234178519893
80 0.9201195629767058
90 0.9799010513296228
100 0.9799010513296228
110 0.9799010513296228
120 0.9799010513296228
130 0.9799010513296228
140 0.9799010513296228
150 0.9820655534941249
160 0.9876314162028448
170 0.9931972789115646
180 0.9961863533292105
190 0.9961863533292105
200 0.9961863533292105
210 0.9961863533292105
220 0.9961863533292105
230 0.9961863533292105
240 0.9961863533292105
250 0.9961863533292105
260 0.9968047825190682
270 0.9975262832405689
280 0.9980416408987838
290 0.9985569985569985
300 0.9985569985569985
310 0.9985569985569985
320 0.9985569985569985
330 0.9985569985569985
340 0.9985569985569985
350 0.9985569985569985
360 0.9985569985569985
370 0.9985569985569985
380 0.9985569985569985
390 0.9985569985569985
400 0.9985569985569985
410 0.9985569985569985
420 0.9985569985569985
430 0.9985569985569985
440 0.9985569985569985
450 0.9985569985569985
460 0.9985569985569985
470 0.9985569985569985
480 0.9985569985569985
490 0.9985569985569985
500 0.9985569985569985
510 0.9985569985569985
520 0.9985569985569985
530 0.9985569985569985
540 0.9985569985569985
550 0.9985569985569985
560 0.9985569985569985
570 0.9985569985569985
580 0.9985569985569985
590 0.9985569985569985
600 0.9985569985569985
610 0.9985569985569985
620 0.9985569985569985
630 0.9985569985569985
640 0.9985569985569985
650 0.9985569985569985
660 0.9985569985569985
670 0.9985569985569985
680 0.9985569985569985
690 0.9985569985569985
700 0.9985569985569985
710 0.9985569985569985
720 0.9985569985569985
730 0.9985569985569985
740 0.9985569985569985
750 0.9985569985569985
760 0.9985569985569985
770 0.9985569985569985
780 0.9985569985569985
790 0.9985569985569985
800 0.9985569985569985
810 0.9985569985569985
820 0.9985569985569985
830 0.9985569985569985
840 0.9985569985569985
850 0.9985569985569985
860 0.9985569985569985
870 0.9985569985569985
880 0.9985569985569985
890 0.9985569985569985
900 0.9985569985569985
910 0.9985569985569985
920 0.9985569985569985
930 0.9985569985569985
940 0.9985569985569985
950 0.9985569985569985
960 0.9985569985569985
970 0.9985569985569985
980 0.9985569985569985
990 0.9985569985569985
1000 0.9986600700886415
