# Data for router 2
0 0.0
10 0.0
20 0.0
30 0.39321789321789324
40 0.39321789321789324
50 0.39321789321789324
60 0.39321789321789324
70 0.39321789321789324
80 0.6117295403009688
90 0.7851989280560709
100 0.7851989280560709
110 0.7851989280560709
120 0.7851989280560709
130 0.7851989280560709
140 0.7851989280560709
150 0.7933415790558648
160 0.81581117295403
170 0.8362193362193362
180 0.849824778396207
190 0.849824778396207
200 0.849824778396207
210 0.849824778396207
220 0.849824778396207
230 0.849824778396207
240 0.849824778396207
250 0.849824778396207
260 0.852195423623995
270 0.8598227169655741
280 0.865182436611008
290 0.8725005153576583
300 0.8725005153576583
310 0.8725005153576583
320 0.8725005153576583
330 0.8725005153576583
340 0.8725005153576583
350 0.8725005153576583
360 0.8725005153576583
370 0.8725005153576583
380 0.8725005153576583
390 0.8725005153576583
400 0.8749742321170892
410 0.8767264481550195
420 0.8787878787878788
430 0.8812615955473099
440 0.8827045969903112
450 0.8827045969903112
460 0.8827045969903112
470 0.8827045969903112
480 0.8827045969903112
490 0.8827045969903112
500 0.8827045969903112
510 0.8827045969903112
520 0.8827045969903112
530 0.8827045969903112
540 0.8827045969903112
550 0.8827045969903112
560 0.8827045969903112
570 0.8830138115852402
580 0.8830138115852402
590 0.8831168831168831
600 0.883426097711812
610 0.8842506699649557
620 0.8842506699649557
630 0.8842506699649557
640 0.8842506699649557
650 0.8842506699649557
660 0.8842506699649557
670 0.8842506699649557
680 0.8842506699649557
690 0.8842506699649557
700 0.8842506699649557
710 0.8842506699649557
720 0.8842506699649557
730 0.8842506699649557
740 0.8842506699649557
750 0.8842506699649557
760 0.8842506699649557
770 0.8843537414965986
780 0.8844568130282416
790 0.8844568130282416
800 0.8844568130282416
810 0.8844568130282416
820 0.8844568130282416
830 0.8844568130282416
840 0.8844568130282416
850 0.8844568130282416
860 0.8844568130282416
870 0.8844568130282416
880 0.8844568130282416
890 0.8844568130282416
900 0.8844568130282416
910 0.8844568130282416
920 0.8844568130282416
930 0.8844568130282416
940 0.8844568130282416
950 0.8844568130282416
960 0.8844568130282416
970 0.8844568130282416
980 0.8844568130282416
990 0.8844568130282416
1000 0.8875489589775304
