# Data for router 8
0 0.0
10 0.0
20 0.0
30 0.40280354566068854
40 0.40280354566068854
50 0.40280354566068854
60 0.40280354566068854
70 0.40280354566068854
80 0.6146155431869718
90 0.7844774273345702
100 0.7844774273345702
110 0.7844774273345702
120 0.7844774273345702
130 0.7844774273345702
140 0.7844774273345702
150 0.792723149866007
160 0.8151927437641724
170 0.8371469800041229
180 0.8506493506493507
190 0.8506493506493507
200 0.8506493506493507
210 0.8506493506493507
220 0.8506493506493507
230 0.8506493506493507
240 0.8506493506493507
250 0.8506493506493507
260 0.8529169243454958
270 0.8587920016491445
280 0.862708719851577
290 0.8701298701298701
300 0.8701298701298701
310 0.8701298701298701
320 0.8701298701298701
330 0.8701298701298701
340 0.8701298701298701
350 0.8701298701298701
360 0.8701298701298701
370 0.8701298701298701
380 0.8701298701298701
390 0.8701298701298701
400 0.8715728715728716
410 0.8733250876108019
420 0.8753865182436611
430 0.878272521129664
440 0.8792001649144506
450 0.8792001649144506
460 0.8792001649144506
470 0.8792001649144506
480 0.8792001649144506
490 0.8792001649144506
500 0.8792001649144506
510 0.8792001649144506
520 0.8792001649144506
530 0.8792001649144506
540 0.8792001649144506
550 0.8792001649144506
560 0.8792001649144506
570 0.8795093795093795
580 0.8799216656359513
590 0.8801278086992372
600 0.8803339517625232
610 0.8805400948258091
620 0.8805400948258091
630 0.8805400948258091
640 0.8805400948258091
650 0.8805400948258091
660 0.8805400948258091
670 0.8805400948258091
680 0.8805400948258091
690 0.8805400948258091
700 0.8805400948258091
710 0.8805400948258091
720 0.8805400948258091
730 0.8805400948258091
740 0.8805400948258091
750 0.8805400948258091
760 0.8805400948258091
770 0.8805400948258091
780 0.8805400948258091
790 0.8805400948258091
800 0.8806431663574521
810 0.8806431663574521
820 0.880849309420738
830 0.880849309420738
840 0.880849309420738
850 0.880849309420738
860 0.880849309420738
870 0.880849309420738
880 0.880849309420738
890 0.880849309420738
900 0.880849309420738
910 0.880849309420738
920 0.880849309420738
930 0.880849309420738
940 0.880849309420738
950 0.880849309420738
960 0.880849309420738
970 0.880849309420738
980 0.880849309420738
990 0.880849309420738
1000 0.8872397443826016
