# Data for router 7
0 0.0
10 0.0
20 0.0
30 0.8465264893836323
40 0.8465264893836323
50 0.8465264893836323
60 0.8465264893836323
70 0.8465264893836323
80 0.9216656359513502
90 0.9813440527726242
100 0.9813440527726242
110 0.9813440527726242
120 0.9813440527726242
130 0.9813440527726242
140 0.9813440527726242
150 0.9838177695320552
160 0.9897959183673469
170 0.9935064935064936
180 0.9970109255823542
190 0.9970109255823542
200 0.9970109255823542
210 0.9970109255823542
220 0.9970109255823542
230 0.9970109255823542
240 0.9970109255823542
250 0.9970109255823542
260 0.997320140177283
270 0.9981447124304267
280 0.9985569985569985
290 0.9991754277468563
300 0.9991754277468563
310 0.9991754277468563
320 0.9991754277468563
330 0.9991754277468563
340 0.9991754277468563
350 0.9991754277468563
360 0.9991754277468563
370 0.9991754277468563
380 0.9991754277468563
390 0.9991754277468563
400 0.9991754277468563
410 0.9991754277468563
420 0.9991754277468563
430 0.9992784992784993
440 0.9993815708101422
450 0.9993815708101422
460 0.9993815708101422
470 0.9993815708101422
480 0.9993815708101422
490 0.9993815708101422
500 0.9993815708101422
510 0.9993815708101422
520 0.9993815708101422
530 0.9993815708101422
540 0.9993815708101422
550 0.9993815708101422
560 0.9993815708101422
570 0.9993815708101422
580 0.9993815708101422
590 0.9993815708101422
600 0.9993815708101422
610 0.9993815708101422
620 0.9993815708101422
630 0.9993815708101422
640 0.9993815708101422
650 0.9993815708101422
660 0.9993815708101422
670 0.9993815708101422
680 0.9993815708101422
690 0.9993815708101422
700 0.9993815708101422
710 0.9993815708101422
720 0.9993815708101422
730 0.9993815708101422
740 0.9993815708101422
750 0.9993815708101422
760 0.9993815708101422
770 0.9993815708101422
780 0.9993815708101422
790 0.9993815708101422
800 0.9993815708101422
810 0.9993815708101422
820 0.9993815708101422
830 0.9993815708101422
840 0.9993815708101422
850 0.9993815708101422
860 0.9993815708101422
870 0.9993815708101422
880 0.9993815708101422
890 0.9993815708101422
900 0.9993815708101422
910 0.9993815708101422
920 0.9993815708101422
930 0.9993815708101422
940 0.9993815708101422
950 0.9993815708101422
960 0.9993815708101422
970 0.9993815708101422
980 0.9993815708101422
990 0.9993815708101422
1000 0.9983508554937126
