# Data for router 3
0 0.0
10 0.0
20 0.0
30 0.6145124716553289
40 0.6145124716553289
50 0.6145124716553289
60 0.6145124716553289
70 0.6145124716553289
80 0.7862296433725006
90 0.9334157905586477
100 0.9334157905586477
110 0.9334157905586477
120 0.9334157905586477
130 0.9334157905586477
140 0.9334157905586477
150 0.9369202226345084
160 0.9486703772418058
170 0.9633065347351062
180 0.9721706864564007
190 0.9721706864564007
200 0.9721706864564007
210 0.9721706864564007
220 0.9721706864564007
230 0.9721706864564007
240 0.9721706864564007
250 0.9721706864564007
260 0.9734075448361162
270 0.9761904761904762
280 0.9790764790764791
290 0.9821686250257678
300 0.9821686250257678
310 0.9821686250257678
320 0.9821686250257678
330 0.9821686250257678
340 0.9821686250257678
350 0.9821686250257678
360 0.9821686250257678
370 0.9821686250257678
380 0.9821686250257678
390 0.9821686250257678
400 0.9829931972789115
410 0.9837146980004123
420 0.9842300556586271
430 0.9849515563801278
440 0.9852607709750567
450 0.9852607709750567
460 0.9852607709750567
470 0.9852607709750567
480 0.9852607709750567
490 0.9852607709750567
500 0.9852607709750567
510 0.9852607709750567
520 0.9852607709750567
530 0.9852607709750567
540 0.9852607709750567
550 0.9852607709750567
560 0.9852607709750567
570 0.9854669140383426
580 0.9856730571016286
590 0.9857761286332715
600 0.9857761286332715
610 0.9857761286332715
620 0.9857761286332715
630 0.9857761286332715
640 0.9857761286332715
650 0.9857761286332715
660 0.9857761286332715
670 0.9857761286332715
680 0.9857761286332715
690 0.9857761286332715
700 0.9857761286332715
710 0.9857761286332715
720 0.9857761286332715
730 0.9857761286332715
740 0.9857761286332715
750 0.9857761286332715
760 0.9857761286332715
770 0.9857761286332715
780 0.9857761286332715
790 0.9857761286332715
800 0.9857761286332715
810 0.9857761286332715
820 0.9857761286332715
830 0.9857761286332715
840 0.9857761286332715
850 0.9857761286332715
860 0.9857761286332715
870 0.9857761286332715
880 0.9857761286332715
890 0.9857761286332715
900 0.9857761286332715
910 0.9857761286332715
920 0.9857761286332715
930 0.9857761286332715
940 0.9857761286332715
950 0.9857761286332715
960 0.9857761286332715
970 0.9857761286332715
980 0.9857761286332715
990 0.9857761286332715
1000 0.9847454133168418
